[CONTOUR]
0.493921 0.684573
0.492789 0.685709
0.492223 0.686466
0.490526 0.688359
0.486849 0.692524
0.476100 0.707290
0.474686 0.709940
0.473554 0.711833
0.471857 0.714483
0.471291 0.715998
0.470443 0.717512
0.470160 0.718269
0.469594 0.719784
0.469028 0.720919
0.468746 0.722055
0.468463 0.722812
0.467897 0.724327
0.467614 0.725841
0.467048 0.727356
0.466765 0.729627
0.466483 0.730763
0.465917 0.733035
0.465634 0.738714
0.465068 0.742879
0.464785 0.748179
0.464503 0.755751
0.463937 0.758023
0.463654 0.761052
0.463371 0.762566
0.462805 0.764081
0.462522 0.765595
0.461674 0.767488
0.461391 0.768245
0.461108 0.769381
0.460542 0.770517
0.459977 0.772031
0.459411 0.773167
0.457714 0.775817
0.455734 0.779225
0.452339 0.783389
0.450642 0.784904
0.449793 0.785661
0.448379 0.787175
0.447248 0.787933
0.446116 0.789069
0.445550 0.789447
0.444702 0.789826
0.443853 0.790583
0.443005 0.790962
0.442439 0.791340
0.441590 0.792097
0.440459 0.792476
0.439610 0.793233
0.439045 0.793612
0.437913 0.793990
0.437064 0.794748
0.435933 0.795126
0.435084 0.795883
0.434519 0.796262
0.433387 0.796641
0.432539 0.797398
0.431690 0.797776
0.431124 0.798155
0.430276 0.798912
0.429427 0.799291
0.428578 0.800048
0.427730 0.800805
0.426881 0.801184
0.425750 0.802320
0.424901 0.802698
0.423770 0.803834
0.422355 0.805349
0.420941 0.806484
0.418961 0.808756
0.417264 0.810270
0.415849 0.811785
0.407081 0.823900
0.405949 0.826172
0.403969 0.829201
0.402838 0.831094
0.401706 0.833365
0.400009 0.836016
0.398878 0.838287
0.398029 0.839802
0.396615 0.842073
0.395483 0.844345
0.393503 0.847374
0.392937 0.848510
0.392089 0.850403
0.390674 0.852674
0.389826 0.854567
0.388694 0.856460
0.388129 0.857596
0.387563 0.859111
0.386714 0.860625
0.386149 0.862139
0.385583 0.863275
0.383886 0.865925
0.385300 0.877662
0.386149 0.875769
0.387280 0.874633
0.389826 0.871605
0.392654 0.868576
0.398878 0.860625
0.399160 0.859868
0.407646 0.848510
0.422921 0.827686
0.425467 0.825036
0.427164 0.823143
0.429427 0.820493
0.430559 0.819736
0.431973 0.818221
0.433104 0.817464
0.433670 0.817085
0.434802 0.815950
0.435933 0.815192
0.437064 0.814056
0.437630 0.813678
0.438479 0.813299
0.439327 0.812542
0.440459 0.812163
0.441025 0.811785
0.441873 0.811028
0.443005 0.810649
0.443853 0.809892
0.444419 0.809513
0.445550 0.809135
0.446399 0.808377
0.447531 0.807999
0.448379 0.807242
0.448945 0.806863
0.449793 0.806484
0.451208 0.805349
0.452056 0.804970
0.452622 0.804591
0.453471 0.803834
0.454319 0.803456
0.455451 0.802320
0.456017 0.801941
0.457148 0.801184
0.458562 0.799669
0.459977 0.798534
0.461391 0.797019
0.465351 0.792097
0.467897 0.787933
0.469877 0.784904
0.470726 0.783011
0.471291 0.781875
0.472140 0.780361
0.472706 0.778846
0.473271 0.777710
0.473837 0.776575
0.474120 0.775439
0.474686 0.773924
0.474969 0.772788
0.475251 0.772031
0.475817 0.770138
0.476100 0.768245
0.476666 0.766731
0.476949 0.764459
0.477232 0.761430
0.477797 0.758780
0.478080 0.732656
0.478646 0.730006
0.478929 0.728113
0.479212 0.725084
0.479777 0.723570
0.480060 0.721677
0.480343 0.720541
0.480909 0.719405
0.481192 0.718269
0.481757 0.717133
0.482040 0.716376
0.482323 0.714862
0.482889 0.713726
0.483172 0.712590
0.483455 0.711833
0.484020 0.710697
0.484586 0.708804
0.485152 0.707668
0.485435 0.706911
0.485717 0.705775
0.486566 0.704261
0.486849 0.703125
0.487415 0.701989
0.487698 0.701232
0.487980 0.700096
0.488829 0.698582
0.489112 0.697446
0.489395 0.696689
0.489960 0.695553
0.490526 0.694038
0.491375 0.692524
0.491658 0.691767
0.492223 0.690252
0.492789 0.689117
0.493072 0.687981
0.493355 0.687224
0.493921 0.686088
0.493921 0.684952
[SKELETON]
0.491809 0.688810
0.490953 0.690239
0.490953 0.690239
0.490086 0.691664
0.489209 0.693088
0.489209 0.693088
0.488326 0.694511
0.487440 0.695935
0.487440 0.695935
0.486554 0.697362
0.485672 0.698792
0.485672 0.698792
0.484796 0.700226
0.483930 0.701667
0.483930 0.701667
0.483077 0.703116
0.482240 0.704573
0.482240 0.704573
0.481422 0.706041
0.480627 0.707520
0.480627 0.707520
0.479858 0.709012
0.479117 0.710518
0.479117 0.710518
0.478408 0.712039
0.477734 0.713578
0.477734 0.713578
0.477099 0.715134
0.476503 0.716709
0.476503 0.716709
0.475946 0.718302
0.475427 0.719914
0.475427 0.719914
0.474944 0.721543
0.474497 0.723190
0.474497 0.723190
0.474086 0.724854
0.473708 0.726535
0.473708 0.726535
0.473363 0.728232
0.473051 0.729945
0.473051 0.729945
0.472769 0.731674
0.472518 0.733419
0.472518 0.733419
0.472295 0.735179
0.472101 0.736953
0.472101 0.736953
0.471934 0.738742
0.471793 0.740546
0.471793 0.740546
0.471676 0.742362
0.471575 0.744187
0.471575 0.744187
0.471485 0.746020
0.471401 0.747857
0.471401 0.747857
0.471315 0.749694
0.471223 0.751530
0.471223 0.751530
0.471118 0.753360
0.470993 0.755183
0.470993 0.755183
0.470844 0.756995
0.470664 0.758793
0.470664 0.758793
0.470446 0.760575
0.470185 0.762337
0.470185 0.762337
0.469876 0.764077
0.469511 0.765791
0.469511 0.765791
0.469088 0.767478
0.468608 0.769135
0.468608 0.769135
0.468074 0.770764
0.467488 0.772362
0.467488 0.772362
0.466853 0.773930
0.466171 0.775466
0.466171 0.775466
0.465444 0.776969
0.464675 0.778440
0.464675 0.778440
0.463866 0.779876
0.463019 0.781278
0.463019 0.781278
0.462137 0.782645
0.461223 0.783975
0.461223 0.783975
0.460278 0.785268
0.459305 0.786524
0.459305 0.786524
0.458307 0.787741
0.457285 0.788919
0.457285 0.788919
0.456243 0.790057
0.455182 0.791156
0.455182 0.791156
0.454103 0.792217
0.453008 0.793244
0.451898 0.794238
0.451898 0.794238
0.450774 0.795203
0.449637 0.796141
0.449637 0.796141
0.448488 0.797054
0.447329 0.797945
0.447329 0.797945
0.446161 0.798817
0.444984 0.799672
0.444984 0.799672
0.443801 0.800512
0.442612 0.801341
0.442612 0.801341
0.441418 0.802160
0.440221 0.802972
0.440221 0.802972
0.439022 0.803781
0.437822 0.804587
0.437822 0.804587
0.436622 0.805394
0.435424 0.806205
0.435424 0.806205
0.434228 0.807021
0.433036 0.807846
0.433036 0.807846
0.431849 0.808681
0.430669 0.809530
0.430669 0.809530
0.429495 0.810396
0.428330 0.811279
0.428330 0.811279
0.427175 0.812184
0.426031 0.813113
0.426031 0.813113
0.424898 0.814067
0.423779 0.815050
0.423779 0.815050
0.422675 0.816065
0.421586 0.817113
0.421586 0.817113
0.420514 0.818197
0.419460 0.819321
0.419460 0.819321
0.418425 0.820485
0.417411 0.821693
0.417411 0.821693
0.416416 0.822943
0.415438 0.824231
0.415438 0.824231
0.414477 0.825554
0.413532 0.826908
0.413532 0.826908
0.412599 0.828291
0.411679 0.829699
0.411679 0.829699
0.410769 0.831129
0.409868 0.832577
0.409868 0.832577
0.408975 0.834041
0.408088 0.835516
0.408088 0.835516
0.407205 0.837000
0.406326 0.838489
0.406326 0.838489
0.405448 0.839980
0.404570 0.841469
0.404570 0.841469
0.403692 0.842954
0.402810 0.844430
0.402810 0.844430
0.401924 0.845895
0.401033 0.847346
0.401033 0.847346
0.400136 0.848783
0.399234 0.850207
0.399234 0.850207
0.398328 0.851619
0.397418 0.853021
0.397418 0.853021
0.396505 0.854413
0.395589 0.855797
0.395589 0.855797
0.394670 0.857174
0.393751 0.858544
0.393751 0.858544
0.392830 0.859910
0.391908 0.861273
0.391908 0.861273
0.390987 0.862633
0.390066 0.863991
0.390066 0.863991
0.389146 0.865350
0.388228 0.866710
0.388228 0.866710
0.387312 0.868071
0.386399 0.869437
0.386399 0.869437
0.385489 0.870806
