[CONTOUR]
0.225669 0.078385
0.226728 0.080284
0.228139 0.081234
0.228844 0.082183
0.231666 0.084716
0.232724 0.085982
0.234135 0.087565
0.234488 0.088198
0.234841 0.089148
0.235546 0.090097
0.236605 0.091364
0.236957 0.091997
0.237663 0.093263
0.238016 0.093896
0.238721 0.094846
0.239074 0.095479
0.239779 0.096745
0.240132 0.097378
0.240838 0.098328
0.241190 0.098961
0.241543 0.099911
0.241896 0.100544
0.242601 0.101494
0.242954 0.102127
0.243307 0.103076
0.243660 0.104026
0.244365 0.104976
0.244718 0.105609
0.245071 0.106558
0.245423 0.107508
0.246129 0.108458
0.246482 0.109091
0.246834 0.110357
0.247187 0.110990
0.247893 0.111940
0.248245 0.112573
0.248598 0.113839
0.248951 0.114789
0.249656 0.115739
0.250009 0.116688
0.250362 0.117955
0.250715 0.118904
0.251420 0.120170
0.251773 0.121120
0.252126 0.122703
0.252478 0.123969
0.253184 0.125235
0.253537 0.126185
0.253889 0.128401
0.254242 0.129667
0.254948 0.131250
0.255300 0.132516
0.255653 0.135682
0.256006 0.136948
0.256711 0.138531
0.257064 0.140114
0.257417 0.142330
0.257770 0.143596
0.258475 0.145179
0.258828 0.146445
0.259181 0.148344
0.259533 0.149927
0.260239 0.151510
0.260592 0.153093
0.260944 0.155942
0.261297 0.157841
0.262003 0.160373
0.262355 0.162906
0.262708 0.167654
0.262355 0.184432
0.262003 0.186964
0.261297 0.189497
0.260944 0.191396
0.260592 0.194562
0.260239 0.195828
0.259533 0.197727
0.259181 0.199310
0.258828 0.201843
0.258475 0.203425
0.257770 0.205325
0.257417 0.206907
0.257064 0.210073
0.256711 0.212606
0.256006 0.215771
0.255653 0.220519
0.255300 0.234765
0.254948 0.236981
0.254242 0.239513
0.254595 0.240779
0.256006 0.241096
0.257064 0.240463
0.258122 0.238880
0.258475 0.238247
0.259181 0.237297
0.259533 0.236664
0.259886 0.235714
0.260239 0.234765
0.260944 0.233815
0.261297 0.232865
0.261650 0.231599
0.262003 0.230966
0.262708 0.229700
0.263061 0.228750
0.263414 0.227167
0.263766 0.226218
0.264472 0.225268
0.264825 0.224002
0.265177 0.222419
0.265530 0.221153
0.266236 0.219570
0.266588 0.218304
0.266941 0.216088
0.267294 0.214821
0.267999 0.213239
0.268352 0.211972
0.268705 0.210073
0.269058 0.208807
0.269763 0.207541
0.270116 0.206274
0.270469 0.204375
0.270821 0.203109
0.271527 0.201843
0.271880 0.200576
0.272232 0.198677
0.272585 0.197411
0.273291 0.195828
0.273643 0.194562
0.273996 0.192029
0.274349 0.190763
0.275054 0.188864
0.275407 0.187281
0.275760 0.184115
0.276113 0.183166
0.277524 0.182849
0.276113 0.159107
0.275760 0.158157
0.275407 0.155625
0.275054 0.154042
0.274349 0.152143
0.273996 0.150877
0.273643 0.148977
0.273291 0.147394
0.272585 0.145812
0.272232 0.144862
0.271880 0.142646
0.271527 0.141380
0.270821 0.140114
0.270469 0.138847
0.270116 0.136315
0.269763 0.135365
0.269058 0.133782
0.268705 0.132200
0.268352 0.130300
0.267999 0.129034
0.267294 0.127451
0.266941 0.126502
0.266588 0.124919
0.266236 0.123969
0.265530 0.123019
0.265177 0.122070
0.264825 0.120804
0.264472 0.120170
0.263766 0.119221
0.263414 0.118588
0.263061 0.117321
0.262708 0.116688
0.262003 0.115739
0.261650 0.115106
0.260944 0.113839
0.260592 0.113206
0.259886 0.112256
0.259533 0.111623
0.259181 0.110674
0.258828 0.110041
0.257770 0.108774
0.257417 0.108141
0.256711 0.106875
0.256359 0.106242
0.255300 0.104976
0.254595 0.104026
0.253889 0.102760
0.253184 0.101810
0.252126 0.100544
0.251420 0.099594
0.250715 0.098328
0.249656 0.097062
0.248245 0.095479
0.247540 0.094529
0.246482 0.092946
0.245423 0.091680
0.242249 0.088515
0.239779 0.086615
0.237663 0.085349
0.236252 0.084399
0.233783 0.082500
0.232019 0.081234
0.230608 0.080601
0.229550 0.079968
0.228139 0.079018
0.227080 0.078385
[SKELETON]
0.230663 0.081796
0.231956 0.082936
0.231956 0.082936
0.233213 0.084087
0.233213 0.084087
0.234437 0.085248
0.234437 0.085248
0.235626 0.086420
0.235626 0.086420
0.236783 0.087603
0.237907 0.088796
0.237907 0.088796
0.239000 0.089999
0.239000 0.089999
0.240063 0.091211
0.240063 0.091211
0.241096 0.092434
0.241096 0.092434
0.242099 0.093666
0.243075 0.094907
0.243075 0.094907
0.244023 0.096157
0.244023 0.096157
0.244944 0.097417
0.244944 0.097417
0.245839 0.098685
0.246710 0.099961
0.246710 0.099961
0.247555 0.101246
0.247555 0.101246
0.248378 0.102540
0.248378 0.102540
0.249177 0.103841
0.249177 0.103841
0.249954 0.105151
0.250710 0.106468
0.250710 0.106468
0.251445 0.107792
0.251445 0.107792
0.252161 0.109124
0.252161 0.109124
0.252858 0.110464
0.252858 0.110464
0.253536 0.111810
0.254197 0.113163
0.254197 0.113163
0.254842 0.114523
0.254842 0.114523
0.255470 0.115889
0.255470 0.115889
0.256083 0.117261
0.256083 0.117261
0.256682 0.118640
0.257268 0.120025
0.257268 0.120025
0.257840 0.121415
0.257840 0.121415
0.258401 0.122811
0.258401 0.122811
0.258950 0.124212
0.258950 0.124212
0.259487 0.125619
0.260014 0.127031
0.260014 0.127031
0.260531 0.128448
0.260531 0.128448
0.261037 0.129869
0.261037 0.129869
0.261534 0.131295
0.261534 0.131295
0.262022 0.132726
0.262501 0.134161
0.262501 0.134161
0.262972 0.135600
0.262972 0.135600
0.263435 0.137043
0.263435 0.137043
0.263891 0.138490
0.264339 0.139940
0.264339 0.139940
0.264781 0.141394
0.264781 0.141394
0.265216 0.142851
0.265216 0.142851
0.265641 0.144312
0.265641 0.144312
0.266056 0.145775
0.266459 0.147242
0.266459 0.147242
0.266847 0.148713
0.266847 0.148713
0.267219 0.150186
0.267219 0.150186
0.267572 0.151663
0.267572 0.151663
0.267906 0.153142
0.268217 0.154625
0.268217 0.154625
0.268505 0.156110
0.268505 0.156110
0.268767 0.157599
0.268767 0.157599
0.269002 0.159091
0.269002 0.159091
0.269207 0.160585
0.269381 0.162082
0.269381 0.162082
0.269525 0.163582
0.269525 0.163582
0.269638 0.165084
0.269638 0.165084
0.269723 0.166589
0.269723 0.166589
0.269779 0.168095
0.269808 0.169603
0.269808 0.169603
0.269810 0.171113
0.269810 0.171113
0.269786 0.172623
0.269786 0.172623
0.269738 0.174135
0.269738 0.174135
0.269665 0.175647
0.269569 0.177160
0.269569 0.177160
0.269450 0.178672
0.269450 0.178672
0.269310 0.180185
0.269310 0.180185
0.269150 0.181698
0.268969 0.183210
0.268969 0.183210
0.268769 0.184721
0.268769 0.184721
0.268551 0.186231
0.268551 0.186231
0.268315 0.187740
0.268315 0.187740
0.268063 0.189248
0.267795 0.190753
0.267795 0.190753
0.267512 0.192257
0.267512 0.192257
0.267215 0.193759
0.267215 0.193759
0.266904 0.195258
0.266904 0.195258
0.266581 0.196754
0.266247 0.198247
0.266247 0.198247
0.265901 0.199737
0.265901 0.199737
0.265546 0.201224
0.265546 0.201224
0.265182 0.202708
0.265182 0.202708
0.264810 0.204188
0.264432 0.205666
0.264432 0.205666
0.264048 0.207142
0.264048 0.207142
0.263661 0.208615
0.263661 0.208615
0.263271 0.210087
0.263271 0.210087
0.262879 0.211557
0.262487 0.213026
0.262487 0.213026
0.262096 0.214495
0.262096 0.214495
0.261706 0.215963
0.261706 0.215963
0.261320 0.217430
0.261320 0.217430
0.260939 0.218898
0.260563 0.220366
0.260563 0.220366
0.260194 0.221834
0.260194 0.221834
0.259833 0.223304
0.259833 0.223304
0.259482 0.224775
0.259141 0.226247
0.259141 0.226247
0.258811 0.227721
0.258811 0.227721
0.258495 0.229197
0.258495 0.229197
0.258193 0.230676
0.258193 0.230676
0.257906 0.232158
0.257635 0.233642
0.257635 0.233642
0.257383 0.235130
0.257383 0.235130
0.257149 0.236622
0.257149 0.236622
0.256935 0.238117
0.256935 0.238117
0.256743 0.239617
