[CONTOUR]
0.193710 0.601617
0.194875 0.645802
0.195263 0.647362
0.196040 0.651001
0.196428 0.654120
0.196817 0.657239
0.197205 0.661917
0.197593 0.668155
0.197982 0.671274
0.198370 0.675433
0.198759 0.679072
0.199535 0.683230
0.199924 0.686869
0.200312 0.689988
0.200700 0.693627
0.201089 0.699345
0.201477 0.702464
0.201866 0.705063
0.202254 0.707662
0.203031 0.710261
0.203419 0.713380
0.203807 0.715980
0.204196 0.718059
0.204584 0.722737
0.204973 0.724817
0.205361 0.726896
0.205749 0.728975
0.206526 0.731575
0.206915 0.733654
0.207303 0.735213
0.207691 0.737293
0.208080 0.740931
0.208468 0.743011
0.208856 0.745090
0.209245 0.747169
0.210022 0.749769
0.210410 0.751328
0.210798 0.753407
0.211187 0.754967
0.211575 0.758086
0.211963 0.760165
0.212352 0.761725
0.212740 0.763284
0.213517 0.765883
0.213905 0.767443
0.214294 0.769002
0.214682 0.770562
0.215070 0.773161
0.215459 0.775240
0.215847 0.776800
0.216236 0.778359
0.217012 0.780439
0.217401 0.782518
0.217789 0.784078
0.218178 0.785637
0.218566 0.788236
0.218954 0.789796
0.219343 0.791355
0.219731 0.793434
0.220508 0.795514
0.220896 0.797073
0.221285 0.798633
0.221673 0.800192
0.222061 0.803311
0.222450 0.804871
0.222838 0.806950
0.223226 0.808510
0.223615 0.810069
0.224392 0.812668
0.224780 0.814228
0.225168 0.816307
0.225557 0.817867
0.225945 0.820986
0.226334 0.822545
0.226722 0.824105
0.227110 0.825664
0.227887 0.827743
0.228275 0.829303
0.228664 0.830862
0.229052 0.832422
0.229441 0.835021
0.229829 0.836061
0.230217 0.837620
0.230606 0.838660
0.231382 0.840739
0.231771 0.841779
0.232159 0.842819
0.232548 0.844378
0.232936 0.845938
0.233324 0.847497
0.233713 0.848537
0.234101 0.850096
0.234878 0.852175
0.235266 0.853215
0.235655 0.854775
0.236043 0.856334
0.236431 0.858413
0.236820 0.859973
0.237208 0.861013
0.237597 0.862052
0.238373 0.864132
0.239927 0.867251
0.241480 0.869330
0.240315 0.855294
0.239538 0.852175
0.239150 0.848017
0.238762 0.844898
0.238373 0.842299
0.237985 0.835541
0.237597 0.832422
0.237208 0.828783
0.236820 0.826184
0.236043 0.822545
0.235655 0.819946
0.235266 0.817347
0.234878 0.814748
0.234489 0.810069
0.234101 0.807470
0.233713 0.804871
0.233324 0.802791
0.232548 0.800192
0.232159 0.798113
0.231771 0.795514
0.231382 0.793434
0.230994 0.789796
0.230606 0.787716
0.230217 0.785637
0.229829 0.783558
0.229052 0.780959
0.228664 0.778879
0.228275 0.776800
0.227887 0.774721
0.227499 0.771602
0.227110 0.769522
0.226722 0.767963
0.226334 0.765883
0.225945 0.763804
0.225168 0.761725
0.224780 0.759645
0.224392 0.758086
0.224003 0.756007
0.223615 0.752368
0.223226 0.750288
0.222838 0.747689
0.222450 0.745610
0.221673 0.743011
0.221285 0.741451
0.220896 0.738852
0.220508 0.736773
0.220119 0.733134
0.219731 0.730535
0.219343 0.728456
0.218954 0.726376
0.218178 0.723777
0.217789 0.721698
0.217401 0.719099
0.217012 0.717019
0.216624 0.712861
0.216236 0.709742
0.215847 0.707142
0.215459 0.704543
0.214682 0.701424
0.214294 0.698825
0.213905 0.696226
0.213517 0.693107
0.213129 0.687389
0.212740 0.684790
0.212352 0.682191
0.211963 0.679591
0.211187 0.676472
0.210798 0.673353
0.210410 0.670754
0.210022 0.667115
0.209633 0.661917
0.209245 0.658798
0.208856 0.655679
0.208468 0.652560
0.207691 0.648921
0.207303 0.646322
0.206915 0.643203
0.206526 0.640604
0.206138 0.636965
0.205749 0.634886
0.205361 0.632287
0.204973 0.630207
0.204196 0.627088
0.203807 0.625009
0.203419 0.622930
0.203031 0.620850
0.202642 0.617731
0.202254 0.616172
0.201866 0.614612
0.201477 0.613053
0.200700 0.610974
0.200312 0.609414
0.199924 0.608374
0.199535 0.607335
0.199147 0.605775
0.198759 0.604736
0.198370 0.601617
[SKELETON]
0.197082 0.605932
0.197273 0.608445
0.197273 0.608445
0.197469 0.610955
0.197469 0.610955
0.197672 0.613461
0.197672 0.613461
0.197881 0.615964
0.197881 0.615964
0.198095 0.618463
0.198095 0.618463
0.198316 0.620960
0.198316 0.620960
0.198542 0.623453
0.198773 0.625943
0.198773 0.625943
0.199011 0.628430
0.199011 0.628430
0.199254 0.630913
0.199254 0.630913
0.199503 0.633394
0.199503 0.633394
0.199757 0.635872
0.199757 0.635872
0.200016 0.638346
0.200016 0.638346
0.200281 0.640818
0.200551 0.643287
0.200551 0.643287
0.200826 0.645753
0.200826 0.645753
0.201107 0.648216
0.201107 0.648216
0.201392 0.650676
0.201392 0.650676
0.201683 0.653133
0.201683 0.653133
0.201978 0.655588
0.201978 0.655588
0.202279 0.658040
0.202584 0.660489
0.202584 0.660489
0.202894 0.662935
0.202894 0.662935
0.203209 0.665379
0.203209 0.665379
0.203529 0.667821
0.203529 0.667821
0.203853 0.670259
0.203853 0.670259
0.204182 0.672696
0.204182 0.672696
0.204515 0.675129
0.204515 0.675129
0.204852 0.677561
0.205194 0.679990
0.205194 0.679990
0.205541 0.682416
0.205541 0.682416
0.205891 0.684840
0.205891 0.684840
0.206246 0.687262
0.206246 0.687262
0.206605 0.689682
0.206605 0.689682
0.206967 0.692099
0.206967 0.692099
0.207334 0.694514
0.207705 0.696927
0.207705 0.696927
0.208080 0.699338
0.208080 0.699338
0.208458 0.701746
0.208458 0.701746
0.208840 0.704153
0.208840 0.704153
0.209226 0.706558
0.209226 0.706558
0.209616 0.708960
0.209616 0.708960
0.210009 0.711361
0.210406 0.713759
0.210406 0.713759
0.210806 0.716156
0.210806 0.716156
0.211209 0.718551
0.211209 0.718551
0.211616 0.720944
0.211616 0.720944
0.212026 0.723335
0.212026 0.723335
0.212439 0.725724
0.212439 0.725724
0.212856 0.728112
0.213275 0.730498
0.213275 0.730498
0.213697 0.732882
0.213697 0.732882
0.214123 0.735265
0.214123 0.735265
0.214551 0.737646
0.214551 0.737646
0.214982 0.740025
0.214982 0.740025
0.215416 0.742403
0.215416 0.742403
0.215853 0.744779
0.216292 0.747154
0.216292 0.747154
0.216734 0.749528
0.216734 0.749528
0.217179 0.751900
0.217179 0.751900
0.217625 0.754271
0.217625 0.754271
0.218075 0.756640
0.218075 0.756640
0.218526 0.759008
0.218526 0.759008
0.218980 0.761375
0.219436 0.763741
0.219436 0.763741
0.219895 0.766105
0.219895 0.766105
0.220355 0.768468
0.220355 0.768468
0.220817 0.770830
0.220817 0.770830
0.221282 0.773191
0.221282 0.773191
0.221748 0.775551
0.221748 0.775551
0.222216 0.777910
0.222686 0.780268
0.222686 0.780268
0.223158 0.782625
0.223158 0.782625
0.223631 0.784981
0.223631 0.784981
0.224106 0.787336
0.224106 0.787336
0.224583 0.789691
0.224583 0.789691
0.225061 0.792044
0.225061 0.792044
0.225540 0.794397
0.226021 0.796749
0.226021 0.796749
0.226503 0.799100
0.226503 0.799100
0.226986 0.801451
0.226986 0.801451
0.227471 0.803800
0.227471 0.803800
0.227957 0.806150
0.227957 0.806150
0.228443 0.808498
0.228443 0.808498
0.228931 0.810846
0.228931 0.810846
0.229420 0.813194
0.229909 0.815541
0.229909 0.815541
0.230399 0.817888
0.230399 0.817888
0.230890 0.820234
0.230890 0.820234
0.231382 0.822580
0.231382 0.822580
0.231874 0.824925
0.231874 0.824925
0.232367 0.827271
0.232367 0.827271
0.232861 0.829615
0.233355 0.831960
0.233355 0.831960
0.233849 0.834305
0.233849 0.834305
0.234344 0.836649
0.234344 0.836649
0.234839 0.838993
0.234839 0.838993
0.235334 0.841337
0.235334 0.841337
0.235829 0.843681
0.235829 0.843681
0.236324 0.846025
0.236819 0.848369
0.236819 0.848369
0.237315 0.850713
0.237315 0.850713
0.237810 0.853057
0.237810 0.853057
0.238305 0.855401
0.238305 0.855401
0.238800 0.857745
0.238800 0.857745
0.239294 0.860089
0.239294 0.860089
0.239788 0.862434
