[CONTOUR]
0.386516 0.823724
0.384787 0.824034
0.383749 0.824345
0.383403 0.824655
0.382711 0.824966
0.382019 0.825276
0.380981 0.825897
0.380635 0.825897
0.379943 0.826207
0.378905 0.826828
0.378213 0.827139
0.377521 0.827449
0.377175 0.827760
0.376483 0.828070
0.375791 0.828381
0.375099 0.828691
0.374408 0.829002
0.374062 0.829002
0.373370 0.829312
0.372678 0.829623
0.371986 0.829933
0.371294 0.830554
0.370602 0.830864
0.369910 0.831175
0.369218 0.831485
0.368180 0.832106
0.367834 0.832106
0.367142 0.832417
0.366450 0.832727
0.365412 0.833348
0.364721 0.833659
0.364029 0.834280
0.363337 0.834590
0.362645 0.834901
0.361261 0.835832
0.360915 0.835832
0.359877 0.836453
0.358493 0.837384
0.357109 0.838316
0.355725 0.839247
0.354687 0.840179
0.352266 0.842041
0.348806 0.844836
0.348114 0.845146
0.348114 0.845457
0.347422 0.845767
0.341195 0.851666
0.340503 0.851976
0.338773 0.853839
0.338081 0.854460
0.337043 0.855081
0.331854 0.860049
0.329432 0.862532
0.327702 0.864395
0.327702 0.864706
0.325280 0.867190
0.323205 0.869363
0.322167 0.870605
0.320091 0.872468
0.319053 0.873709
0.317669 0.875262
0.316977 0.876193
0.315939 0.877435
0.315939 0.877746
0.314901 0.878987
0.313864 0.880229
0.312134 0.882092
0.311096 0.883334
0.309712 0.884576
0.309020 0.885507
0.307982 0.886749
0.306944 0.887991
0.306944 0.888302
0.305906 0.889543
0.304868 0.890785
0.303830 0.892027
0.302793 0.893269
0.301755 0.894200
0.301063 0.895132
0.300371 0.896063
0.299679 0.896995
0.299679 0.897305
0.298641 0.898547
0.298295 0.899168
0.297603 0.900099
0.296911 0.901031
0.295873 0.901962
0.295181 0.902894
0.294489 0.903825
0.293797 0.904756
0.293106 0.905688
0.293106 0.905998
0.292414 0.906930
0.292068 0.907551
0.291376 0.908482
0.290338 0.909414
0.289646 0.910345
0.289300 0.910966
0.288608 0.911897
0.287916 0.912829
0.287916 0.913139
0.287224 0.914071
0.286878 0.914692
0.286532 0.915312
0.285840 0.916244
0.285494 0.916554
0.284802 0.917486
0.284456 0.918107
0.284110 0.918728
0.284110 0.919038
0.283764 0.919659
0.283419 0.920280
0.282727 0.921211
0.282035 0.922143
0.281689 0.922453
0.280997 0.923385
0.280651 0.924006
0.279613 0.925248
0.278575 0.926489
0.278575 0.926800
0.277883 0.927731
0.276499 0.929594
0.274769 0.929905
0.274769 0.930215
0.278229 0.929284
0.278921 0.928973
0.280305 0.928042
0.282381 0.926489
0.282727 0.926489
0.285494 0.924316
0.288954 0.921522
0.296565 0.914381
0.300717 0.910655
0.303830 0.907551
0.306598 0.904756
0.310058 0.901341
0.313172 0.898237
0.313172 0.897926
0.315247 0.895753
0.317323 0.893580
0.319053 0.891717
0.321475 0.889233
0.323205 0.887681
0.325280 0.885507
0.327010 0.883644
0.328740 0.881782
0.328740 0.881471
0.331508 0.878677
0.335659 0.874641
0.346384 0.865327
0.346730 0.864706
0.347076 0.864395
0.352612 0.859738
0.355379 0.857565
0.357801 0.855702
0.359185 0.854771
0.359531 0.854771
0.361261 0.853529
0.362299 0.852908
0.364029 0.851666
0.366104 0.849803
0.367834 0.848561
0.370256 0.846698
0.371294 0.846078
0.372332 0.845457
0.372678 0.845457
0.373716 0.844836
0.375099 0.843904
0.375791 0.843594
0.376483 0.842973
0.377175 0.842662
0.377867 0.842352
0.378559 0.842041
0.379251 0.841731
0.379597 0.841731
0.380635 0.841110
0.381327 0.840800
0.382019 0.840489
0.383057 0.839868
0.383749 0.839247
0.384441 0.838937
0.385478 0.838316
0.386516 0.837695
0.386862 0.837695
0.387900 0.837074
0.388938 0.836453
0.389976 0.835832
0.391014 0.835211
0.391706 0.834590
0.392052 0.833969
0.392398 0.833348
0.392744 0.832417
0.393090 0.831796
0.393090 0.831175
0.393436 0.830244
0.390322 0.827760
0.388938 0.826207
0.388938 0.825897
0.388246 0.824966
0.386862 0.824034
[CONTOUR]
0.462629 0.784294
0.462283 0.784604
0.461591 0.785536
0.461591 0.785846
0.460899 0.786467
0.459861 0.787088
0.459515 0.787088
0.458477 0.787709
0.457785 0.788330
0.457439 0.788330
0.456747 0.788640
0.456402 0.788951
0.456056 0.788951
0.454672 0.789882
0.454326 0.790193
0.453288 0.790814
0.452942 0.790814
0.452596 0.791124
0.451904 0.791435
0.451212 0.791435
0.450866 0.791745
0.450174 0.792056
0.449828 0.792056
0.448790 0.792366
0.448444 0.792677
0.448098 0.792677
0.447406 0.792987
0.447060 0.793297
0.446714 0.793297
0.446023 0.793608
0.445677 0.793918
0.444985 0.794229
0.444639 0.794229
0.444293 0.794539
0.443255 0.795160
0.442909 0.795160
0.442563 0.795471
0.441525 0.796092
0.441179 0.796092
0.440487 0.796402
0.440141 0.796713
0.439449 0.796713
0.438757 0.797023
0.438411 0.797334
0.437719 0.797334
0.437027 0.797644
0.436335 0.798265
0.435990 0.798265
0.435298 0.798575
0.434952 0.798886
0.434260 0.799196
0.433914 0.799196
0.433222 0.799817
0.432530 0.800128
0.432184 0.800128
0.431838 0.800438
0.430800 0.801059
0.430454 0.801059
0.429762 0.801370
0.429416 0.801680
0.429070 0.801680
0.428032 0.802301
0.427686 0.802612
0.427340 0.802612
0.426648 0.802922
0.425956 0.803543
0.425265 0.803853
0.424919 0.803853
0.424573 0.804164
0.423881 0.804474
0.423535 0.804474
0.423189 0.804785
0.422497 0.805095
0.422151 0.805095
0.421459 0.805406
0.420767 0.806027
0.420421 0.806027
0.419729 0.806337
0.419383 0.806648
0.419037 0.806648
0.418345 0.806958
0.417999 0.807269
0.417653 0.807269
0.416961 0.807579
0.416615 0.807890
0.415923 0.808200
0.415578 0.808200
0.415232 0.808511
0.414540 0.808821
0.414194 0.808821
0.413848 0.809131
0.413156 0.809442
0.412810 0.809442
0.412118 0.809752
0.411772 0.810063
0.411426 0.810063
0.410734 0.810373
0.410388 0.810684
0.410042 0.810684
0.409350 0.810994
0.409004 0.811305
0.408312 0.811615
0.407966 0.811615
0.407620 0.811926
0.406928 0.812236
0.406236 0.812236
0.405890 0.812547
0.405199 0.812857
0.404507 0.812857
0.403815 0.813168
0.403469 0.813478
0.403123 0.813478
0.402085 0.813789
0.401739 0.814099
0.401393 0.814099
0.400701 0.814409
0.400355 0.814720
0.399317 0.815341
0.398971 0.815341
0.398279 0.815962
0.398625 0.817514
0.398625 0.817825
0.398971 0.818135
0.399663 0.819067
0.399663 0.819377
0.400355 0.819998
0.401393 0.821240
0.401393 0.821550
0.402085 0.822482
0.402777 0.823103
0.402777 0.823413
0.403815 0.824655
0.404161 0.824966
0.404161 0.825276
0.406236 0.825586
0.406582 0.825276
0.407274 0.824966
0.407620 0.824966
0.407966 0.824655
0.408658 0.824345
0.409004 0.824345
0.409696 0.823724
0.410734 0.823103
0.411080 0.823103
0.411772 0.822792
0.412464 0.822171
0.412810 0.822171
0.414194 0.821240
0.414886 0.820619
0.415232 0.820619
0.416269 0.819998
0.417307 0.819067
0.418345 0.818446
0.418691 0.818446
0.419383 0.817825
0.420421 0.817204
0.420767 0.817204
0.421805 0.816272
0.422843 0.815651
0.423189 0.815651
0.423881 0.815030
0.425265 0.814099
0.425611 0.814099
0.426302 0.813789
0.427340 0.812857
0.427686 0.812857
0.428724 0.812236
0.429416 0.811615
0.429762 0.811615
0.431146 0.810684
0.431838 0.810063
0.433568 0.808821
0.433914 0.808821
0.434606 0.808200
0.436335 0.806958
0.436681 0.806958
0.437719 0.806027
0.439103 0.805095
0.439449 0.805095
0.440833 0.804164
0.441871 0.803233
0.442217 0.803233
0.443601 0.802301
0.444293 0.801680
0.444639 0.801680
0.448098 0.798886
0.450174 0.797023
0.453634 0.794229
0.453980 0.794229
0.455364 0.792987
0.456402 0.792366
0.456747 0.792366
0.457439 0.791745
0.458477 0.791124
0.458823 0.791124
0.460207 0.790193
0.460899 0.789572
0.461245 0.789572
0.464013 0.788330
0.464013 0.784294
[SKELETON]
0.280406 0.926516
0.281453 0.925417
0.281453 0.925417
0.282498 0.924310
0.283542 0.923196
0.284583 0.922075
0.284583 0.922075
0.285623 0.920947
0.286662 0.919813
0.286662 0.919813
0.287699 0.918673
0.288734 0.917527
0.289769 0.916376
0.289769 0.916376
0.290804 0.915219
0.291837 0.914057
0.291837 0.914057
0.292870 0.912891
0.293903 0.911720
0.293903 0.911720
0.294936 0.910545
0.295969 0.909367
0.297002 0.908185
0.297002 0.908185
0.298035 0.906999
0.299070 0.905811
0.299070 0.905811
0.300104 0.904619
0.301140 0.903426
0.302177 0.902230
0.302177 0.902230
0.303216 0.901033
0.304255 0.899833
0.304255 0.899833
0.305297 0.898633
0.306340 0.897431
0.307385 0.896229
0.307385 0.896229
0.308432 0.895027
0.309482 0.893824
0.309482 0.893824
0.310534 0.892621
0.311589 0.891419
0.311589 0.891419
0.312647 0.890217
0.313707 0.889016
0.314771 0.887817
0.314771 0.887817
0.315839 0.886619
0.316909 0.885422
0.316909 0.885422
0.317984 0.884228
0.319062 0.883037
0.320145 0.881847
0.320145 0.881847
0.321232 0.880661
0.322323 0.879478
0.322323 0.879478
0.323419 0.878299
0.324519 0.877123
0.325624 0.875951
0.325624 0.875951
0.326735 0.874784
0.327851 0.873621
0.327851 0.873621
0.328972 0.872463
0.330099 0.871310
0.330099 0.871310
0.331232 0.870163
0.332370 0.869021
0.333515 0.867886
0.333515 0.867886
0.334666 0.866757
0.335824 0.865634
0.335824 0.865634
0.336988 0.864518
0.338159 0.863410
0.339337 0.862308
0.339337 0.862308
0.340523 0.861215
0.341715 0.860129
0.341715 0.860129
0.342916 0.859052
0.344123 0.857983
0.345339 0.856923
0.345339 0.856923
0.346563 0.855872
0.347795 0.854831
0.347795 0.854831
0.349036 0.853799
0.350285 0.852777
0.350285 0.852777
0.351542 0.851766
0.352809 0.850765
0.354085 0.849774
0.354085 0.849774
0.355370 0.848795
0.356664 0.847827
0.356664 0.847827
0.357969 0.846871
0.359282 0.845927
0.360606 0.844995
0.360606 0.844995
0.361940 0.844075
0.363284 0.843168
0.363284 0.843168
0.364639 0.842275
0.366005 0.841394
0.367381 0.840527
0.367381 0.840527
0.368768 0.839674
0.370166 0.838836
0.370166 0.838836
0.371576 0.838011
0.372997 0.837202
0.372997 0.837202
0.374430 0.836407
0.375875 0.835628
0.377332 0.834864
0.377332 0.834864
0.378801 0.834116
0.380282 0.833384
0.380282 0.833384
0.381776 0.832669
0.383283 0.831970
0.384803 0.831289
0.384803 0.831289
0.386506 0.830303
0.388209 0.829317
0.388209 0.829317
0.389912 0.828331
0.391614 0.827345
0.393317 0.826359
0.393317 0.826359
0.395020 0.825374
0.396723 0.824388
0.396723 0.824388
0.398426 0.823402
0.400129 0.822416
0.400129 0.822416
0.401832 0.821430
0.403535 0.820444
0.405238 0.819458
0.405238 0.819458
0.406941 0.818472
0.408388 0.817748
0.408388 0.817748
0.409832 0.817017
0.411274 0.816281
0.412713 0.815538
0.412713 0.815538
0.414149 0.814790
0.415583 0.814037
0.415583 0.814037
0.417014 0.813278
0.418443 0.812514
0.419870 0.811745
0.419870 0.811745
0.421294 0.810971
0.422717 0.810193
0.422717 0.810193
0.424137 0.809410
0.425555 0.808623
0.425555 0.808623
0.426972 0.807832
0.428386 0.807037
0.429800 0.806239
0.429800 0.806239
0.431211 0.805437
0.432621 0.804631
0.432621 0.804631
0.434029 0.803823
0.435436 0.803011
0.436842 0.802197
0.436842 0.802197
0.438247 0.801381
0.439650 0.800561
0.439650 0.800561
0.441053 0.799740
0.442454 0.798917
0.443855 0.798091
0.443855 0.798091
0.445255 0.797264
0.446654 0.796436
0.446654 0.796436
0.448053 0.795606
0.449451 0.794775
0.449451 0.794775
0.450848 0.793943
0.452246 0.793111
0.453643 0.792277
0.453643 0.792277
0.455039 0.791444
0.456436 0.790610
0.456436 0.790610
0.457833 0.789776
0.459229 0.788942
0.460626 0.788108
0.460626 0.788108
0.462023 0.787275
