[CONTOUR]
0.525593 0.313822
0.528825 0.317067
0.530442 0.317608
0.533270 0.318149
0.534483 0.318690
0.536099 0.319772
0.538524 0.320312
0.539332 0.320853
0.540948 0.321935
0.542565 0.322476
0.543777 0.323017
0.544989 0.324099
0.546202 0.324639
0.547414 0.325180
0.549030 0.326262
0.550242 0.326803
0.551455 0.327344
0.552263 0.327885
0.553879 0.328966
0.555496 0.329507
0.556708 0.330048
0.558324 0.331130
0.559537 0.331671
0.561153 0.332212
0.562769 0.333293
0.563982 0.333834
0.566002 0.334375
0.568023 0.335457
0.569235 0.335998
0.571255 0.336538
0.572872 0.337079
0.574488 0.338161
0.576913 0.338702
0.578529 0.339243
0.580550 0.340325
0.581762 0.340865
0.584186 0.341406
0.585803 0.342488
0.586611 0.343029
0.589036 0.343570
0.591056 0.344651
0.592268 0.345192
0.594693 0.345733
0.595905 0.346274
0.597522 0.347356
0.599946 0.347897
0.601158 0.348438
0.602775 0.349519
0.603987 0.350060
0.606008 0.350601
0.607624 0.351683
0.609240 0.352224
0.611665 0.352764
0.613281 0.353305
0.614898 0.354387
0.617322 0.354928
0.618534 0.355469
0.620555 0.356550
0.622980 0.357091
0.624596 0.357632
0.626212 0.358714
0.627829 0.359255
0.630253 0.359796
0.632274 0.360877
0.633890 0.361418
0.636719 0.361959
0.638335 0.362500
0.640356 0.363582
0.643184 0.364123
0.644801 0.364663
0.647225 0.365745
0.649650 0.366286
0.650862 0.366827
0.652883 0.367909
0.654499 0.368450
0.656923 0.368990
0.658944 0.370072
0.660964 0.370613
0.663793 0.371154
0.665409 0.371695
0.667430 0.372776
0.670259 0.373317
0.671875 0.373858
0.673895 0.374940
0.675108 0.375481
0.677532 0.376022
0.679149 0.377103
0.680361 0.377644
0.682381 0.378185
0.683998 0.379267
0.685210 0.379808
0.688039 0.380349
0.689251 0.380889
0.691272 0.381971
0.694908 0.382512
0.696525 0.383053
0.698949 0.384135
0.700970 0.384675
0.705011 0.385216
0.707435 0.386298
0.709456 0.386839
0.713093 0.387380
0.715517 0.388462
0.717538 0.389002
0.718750 0.391166
0.722791 0.389543
0.725620 0.383053
0.723195 0.381971
0.721579 0.380349
0.719962 0.378726
0.719154 0.378185
0.717942 0.377644
0.716730 0.376563
0.715517 0.376022
0.714305 0.375481
0.713093 0.374399
0.712284 0.373858
0.710668 0.373317
0.709456 0.372776
0.708244 0.371695
0.706627 0.371154
0.705415 0.370613
0.703798 0.369531
0.702586 0.368990
0.700970 0.368450
0.699758 0.367368
0.698545 0.366827
0.696929 0.366286
0.695717 0.365745
0.694100 0.364663
0.692080 0.364123
0.690867 0.363582
0.689251 0.362500
0.687231 0.361959
0.686018 0.361418
0.684402 0.360337
0.683190 0.359796
0.681169 0.359255
0.679149 0.358173
0.677936 0.357632
0.675108 0.357091
0.673491 0.356550
0.671875 0.355469
0.669046 0.354928
0.667834 0.354387
0.665814 0.353305
0.662985 0.352764
0.661773 0.352224
0.659752 0.351142
0.658136 0.350601
0.655307 0.350060
0.653691 0.348978
0.652074 0.348438
0.649246 0.347897
0.648033 0.347356
0.646013 0.346274
0.643184 0.345733
0.641568 0.345192
0.639547 0.344111
0.637931 0.343570
0.635102 0.343029
0.633082 0.341947
0.631466 0.341406
0.628637 0.340865
0.627020 0.339784
0.625404 0.339243
0.622980 0.338702
0.621363 0.338161
0.619343 0.337079
0.616918 0.336538
0.615302 0.335998
0.613685 0.334916
0.612069 0.334375
0.609644 0.333834
0.607624 0.332752
0.606008 0.332212
0.603179 0.331671
0.601158 0.330589
0.599946 0.330048
0.597522 0.329507
0.595501 0.328966
0.593481 0.327885
0.590652 0.327344
0.589036 0.326803
0.587015 0.325721
0.585399 0.325180
0.582974 0.324639
0.580550 0.323558
0.578933 0.323017
0.576105 0.322476
0.574488 0.321935
0.572468 0.320853
0.569235 0.320312
0.567214 0.319772
0.564790 0.318690
0.560749 0.318149
0.558728 0.317608
0.556304 0.316526
0.554283 0.315986
0.553475 0.313822
[SKELETON]
0.532373 0.314304
0.534193 0.315000
0.534193 0.315000
0.536015 0.315694
0.536015 0.315694
0.537837 0.316387
0.537837 0.316387
0.539660 0.317078
0.539660 0.317078
0.541483 0.317767
0.541483 0.317767
0.543308 0.318455
0.543308 0.318455
0.545133 0.319141
0.545133 0.319141
0.546959 0.319826
0.546959 0.319826
0.548786 0.320509
0.548786 0.320509
0.550614 0.321191
0.552442 0.321872
0.552442 0.321872
0.554271 0.322551
0.554271 0.322551
0.556101 0.323229
0.556101 0.323229
0.557931 0.323906
0.557931 0.323906
0.559762 0.324582
0.559762 0.324582
0.561593 0.325256
0.561593 0.325256
0.563425 0.325930
0.563425 0.325930
0.565257 0.326602
0.565257 0.326602
0.567091 0.327274
0.568924 0.327944
0.568924 0.327944
0.570758 0.328614
0.570758 0.328614
0.572593 0.329283
0.572593 0.329283
0.574428 0.329951
0.574428 0.329951
0.576263 0.330618
0.576263 0.330618
0.578099 0.331284
0.578099 0.331284
0.579936 0.331950
0.579936 0.331950
0.581772 0.332615
0.581772 0.332615
0.583610 0.333280
0.583610 0.333280
0.585447 0.333944
0.587285 0.334607
0.587285 0.334607
0.589123 0.335270
0.589123 0.335270
0.590961 0.335933
0.590961 0.335933
0.592800 0.336595
0.592800 0.336595
0.594639 0.337257
0.594639 0.337257
0.596478 0.337918
0.596478 0.337918
0.598317 0.338580
0.598317 0.338580
0.600157 0.339241
0.600157 0.339241
0.601997 0.339902
0.603837 0.340563
0.603837 0.340563
0.605677 0.341224
0.605677 0.341224
0.607517 0.341884
0.607517 0.341884
0.609357 0.342545
0.609357 0.342545
0.611197 0.343206
0.611197 0.343206
0.613038 0.343867
0.613038 0.343867
0.614878 0.344528
0.614878 0.344528
0.616719 0.345190
0.616719 0.345190
0.618559 0.345851
0.618559 0.345851
0.620400 0.346513
0.622240 0.347175
0.622240 0.347175
0.624081 0.347838
0.624081 0.347838
0.625921 0.348501
0.625921 0.348501
0.627761 0.349164
0.627761 0.349164
0.629601 0.349828
0.629601 0.349828
0.631441 0.350493
0.631441 0.350493
0.633281 0.351158
0.633281 0.351158
0.635121 0.351824
0.635121 0.351824
0.636960 0.352490
0.638800 0.353157
0.638800 0.353157
0.640639 0.353825
0.640639 0.353825
0.642478 0.354494
0.642478 0.354494
0.644316 0.355163
0.644316 0.355163
0.646154 0.355834
0.646154 0.355834
0.647992 0.356505
0.647992 0.356505
0.649830 0.357177
0.649830 0.357177
0.651667 0.357851
0.651667 0.357851
0.653504 0.358525
0.653504 0.358525
0.655341 0.359201
0.657177 0.359878
0.657177 0.359878
0.659013 0.360556
0.659013 0.360556
0.660848 0.361235
0.660848 0.361235
0.662683 0.361915
0.662683 0.361915
0.664518 0.362597
0.664518 0.362597
0.666352 0.363280
0.666352 0.363280
0.668185 0.363965
0.668185 0.363965
0.670018 0.364651
0.670018 0.364651
0.671851 0.365339
0.673682 0.366028
0.673682 0.366028
0.675514 0.366719
0.675514 0.366719
0.677344 0.367411
0.677344 0.367411
0.679174 0.368105
0.679174 0.368105
0.681004 0.368801
0.681004 0.368801
0.682832 0.369499
0.682832 0.369499
0.684660 0.370198
0.684660 0.370198
0.686488 0.370900
0.686488 0.370900
0.688314 0.371603
0.688314 0.371603
0.690140 0.372308
0.691965 0.373015
0.691965 0.373015
0.693789 0.373724
0.693789 0.373724
0.695613 0.374436
0.695613 0.374436
0.697436 0.375149
0.697436 0.375149
0.699258 0.375865
0.699258 0.375865
0.701079 0.376583
0.701079 0.376583
0.702899 0.377303
0.702899 0.377303
0.704718 0.378025
0.704718 0.378025
0.706536 0.378750
0.708354 0.379477
0.708354 0.379477
0.710170 0.380206
0.710170 0.380206
0.711986 0.380939
0.711986 0.380939
0.713800 0.381673
0.713800 0.381673
0.715614 0.382410
0.715614 0.382410
0.717426 0.383150
0.717426 0.383150
0.719238 0.383892
0.719238 0.383892
0.721048 0.384637
0.721048 0.384637
0.722858 0.385385
0.722858 0.385385
0.724666 0.386136
