[CONTOUR]
0.900199 0.850812
0.900398 0.851526
0.901194 0.852240
0.901592 0.852419
0.901791 0.852419
0.902189 0.852597
0.902388 0.852776
0.902786 0.852955
0.902985 0.852955
0.903383 0.853133
0.903582 0.853312
0.903980 0.853490
0.904378 0.853490
0.904776 0.853669
0.904975 0.853847
0.905572 0.854026
0.905771 0.854026
0.906368 0.854205
0.906567 0.854383
0.906965 0.854562
0.907164 0.854562
0.907760 0.854740
0.907959 0.854919
0.908556 0.855097
0.908755 0.855097
0.909352 0.855276
0.909551 0.855455
0.910148 0.855633
0.910347 0.855633
0.910944 0.855812
0.911143 0.855990
0.911740 0.856169
0.912138 0.856169
0.912735 0.856347
0.912934 0.856526
0.913531 0.856705
0.913730 0.856705
0.914327 0.856883
0.914526 0.857062
0.915123 0.857240
0.915521 0.857240
0.916118 0.857419
0.916317 0.857597
0.917113 0.857776
0.917511 0.857776
0.918108 0.857955
0.918307 0.858133
0.919103 0.858312
0.919501 0.858312
0.920098 0.858490
0.920297 0.858669
0.920894 0.858847
0.921491 0.858847
0.922088 0.859026
0.922287 0.859205
0.922884 0.859383
0.923480 0.859383
0.924276 0.859562
0.924475 0.859740
0.925271 0.859919
0.925868 0.859919
0.926664 0.860097
0.926863 0.860276
0.927659 0.860455
0.928256 0.860455
0.929251 0.860633
0.929450 0.860812
0.930445 0.860990
0.931440 0.861169
0.932037 0.861169
0.933032 0.861347
0.933231 0.861526
0.934027 0.861705
0.934823 0.861705
0.935818 0.861883
0.936017 0.862062
0.937211 0.862240
0.938007 0.862240
0.939399 0.862419
0.939598 0.862597
0.940792 0.862776
0.942185 0.862776
0.943777 0.862955
0.943976 0.863133
0.945568 0.863312
0.946762 0.863312
0.948354 0.863490
0.948553 0.863669
0.949946 0.863847
0.950941 0.863847
0.952334 0.864026
0.952533 0.864205
0.953925 0.864383
0.954920 0.864383
0.956313 0.864562
0.956512 0.864740
0.957905 0.864919
0.958900 0.864919
0.960094 0.865097
0.960293 0.865276
0.961487 0.865455
0.962482 0.865455
0.963676 0.865633
0.963875 0.865812
0.965069 0.865990
0.966263 0.865990
0.967457 0.866169
0.967656 0.866347
0.968849 0.866526
0.969844 0.866526
0.971038 0.866705
0.971237 0.866883
0.972431 0.867062
0.973426 0.867062
0.974620 0.867240
0.974819 0.867419
0.976013 0.867597
0.977207 0.867597
0.978600 0.867776
0.978799 0.867955
0.980192 0.868133
0.981386 0.868133
0.982978 0.868312
0.983177 0.868490
0.984569 0.868669
0.985962 0.868669
0.987753 0.868847
0.987952 0.869026
0.990141 0.869205
0.991136 0.869205
0.991335 0.869919
0.998101 0.869919
0.998499 0.869026
0.999096 0.868669
0.999295 0.868669
1.000488 0.868312
1.000488 0.861883
0.999692 0.861705
0.999692 0.861526
0.999295 0.860990
0.999096 0.860812
0.998499 0.860097
0.998499 0.859919
0.997305 0.859026
0.996907 0.858669
0.996509 0.858490
0.996111 0.858490
0.995116 0.858312
0.994917 0.858133
0.993723 0.857955
0.991932 0.857955
0.989146 0.857776
0.988947 0.857597
0.986758 0.857419
0.984171 0.857419
0.980988 0.857240
0.980789 0.857062
0.978600 0.856883
0.977008 0.856883
0.975018 0.856705
0.974819 0.856526
0.972829 0.856347
0.971237 0.856347
0.969446 0.856169
0.969247 0.855990
0.967258 0.855812
0.965069 0.855812
0.963079 0.855633
0.962880 0.855455
0.960890 0.855276
0.959298 0.855276
0.957308 0.855097
0.957109 0.854919
0.955119 0.854740
0.953130 0.854740
0.950941 0.854562
0.950742 0.854383
0.948752 0.854205
0.947359 0.854205
0.945369 0.854026
0.945170 0.853847
0.942583 0.853669
0.939797 0.853669
0.936813 0.853490
0.936614 0.853312
0.934425 0.853133
0.932435 0.853133
0.930047 0.852955
0.929848 0.852776
0.926863 0.852597
0.923878 0.852597
0.920894 0.852419
0.920695 0.852240
0.916118 0.852062
0.913730 0.852062
0.911342 0.851883
0.911143 0.851705
0.909551 0.851526
0.909153 0.851526
0.908954 0.850812
[SKELETON]
0.901741 0.851656
0.901741 0.851656
0.902640 0.851867
0.902640 0.851867
0.903540 0.852075
0.903540 0.852075
0.904443 0.852280
0.904443 0.852280
0.905347 0.852481
0.905347 0.852481
0.906253 0.852679
0.906253 0.852679
0.907161 0.852873
0.907161 0.852873
0.908070 0.853064
0.908070 0.853064
0.908981 0.853252
0.908981 0.853252
0.909893 0.853437
0.909893 0.853437
0.910807 0.853619
0.910807 0.853619
0.911723 0.853797
0.911723 0.853797
0.912640 0.853973
0.912640 0.853973
0.913558 0.854146
0.913558 0.854146
0.914478 0.854316
0.914478 0.854316
0.915400 0.854483
0.915400 0.854483
0.916323 0.854648
0.916323 0.854648
0.917247 0.854810
0.917247 0.854810
0.918172 0.854969
0.918172 0.854969
0.919099 0.855125
0.919099 0.855125
0.920027 0.855279
0.920027 0.855279
0.920957 0.855431
0.920957 0.855431
0.921887 0.855580
0.921887 0.855580
0.922819 0.855727
0.922819 0.855727
0.923752 0.855872
0.923752 0.855872
0.924686 0.856014
0.924686 0.856014
0.925621 0.856154
0.925621 0.856154
0.926557 0.856292
0.926557 0.856292
0.927495 0.856428
0.927495 0.856428
0.928433 0.856562
0.928433 0.856562
0.929372 0.856694
0.929372 0.856694
0.930312 0.856824
0.930312 0.856824
0.931254 0.856952
0.931254 0.856952
0.932196 0.857079
0.932196 0.857079
0.933139 0.857204
0.933139 0.857204
0.934082 0.857327
0.934082 0.857327
0.935027 0.857448
0.935027 0.857448
0.935972 0.857568
0.935972 0.857568
0.936919 0.857686
0.936919 0.857686
0.937865 0.857803
0.937865 0.857803
0.938813 0.857919
0.938813 0.857919
0.939761 0.858033
0.939761 0.858033
0.940710 0.858146
0.940710 0.858146
0.941660 0.858258
0.941660 0.858258
0.942610 0.858368
0.942610 0.858368
0.943560 0.858478
0.943560 0.858478
0.944511 0.858586
0.944511 0.858586
0.945463 0.858694
0.945463 0.858694
0.946415 0.858800
0.946415 0.858800
0.947368 0.858906
0.947368 0.858906
0.948321 0.859010
0.948321 0.859010
0.949274 0.859114
0.949274 0.859114
0.950228 0.859218
0.950228 0.859218
0.951182 0.859320
0.951182 0.859320
0.952136 0.859422
0.952136 0.859422
0.953090 0.859524
0.953090 0.859524
0.954045 0.859625
0.954045 0.859625
0.955000 0.859725
0.955000 0.859725
0.955955 0.859825
0.955955 0.859825
0.956910 0.859925
0.956910 0.859925
0.957866 0.860025
0.957866 0.860025
0.958821 0.860124
0.958821 0.860124
0.959777 0.860223
0.959777 0.860223
0.960732 0.860322
0.960732 0.860322
0.961688 0.860422
0.961688 0.860422
0.962643 0.860521
0.962643 0.860521
0.963599 0.860620
0.963599 0.860620
0.964554 0.860719
0.964554 0.860719
0.965510 0.860819
0.965510 0.860819
0.966465 0.860918
0.966465 0.860918
0.967420 0.861018
0.967420 0.861018
0.968374 0.861119
0.968374 0.861119
0.969329 0.861219
0.969329 0.861219
0.970283 0.861321
0.970283 0.861321
0.971237 0.861422
0.971237 0.861422
0.972191 0.861525
0.972191 0.861525
0.973144 0.861628
0.973144 0.861628
0.974097 0.861732
0.974097 0.861732
0.975049 0.861836
0.975049 0.861836
0.976001 0.861941
0.976001 0.861941
0.976953 0.862047
0.976953 0.862047
0.977904 0.862154
0.977904 0.862154
0.978855 0.862262
0.978855 0.862262
0.979805 0.862371
0.979805 0.862371
0.980754 0.862481
0.980754 0.862481
0.981703 0.862593
0.981703 0.862593
0.982651 0.862705
0.982651 0.862705
0.983599 0.862819
0.983599 0.862819
0.984545 0.862934
0.984545 0.862934
0.985492 0.863050
0.985492 0.863050
0.986437 0.863168
0.986437 0.863168
0.987381 0.863287
0.987381 0.863287
0.988325 0.863408
0.988325 0.863408
0.989268 0.863530
0.989268 0.863530
0.990210 0.863654
0.990210 0.863654
0.991151 0.863780
0.991151 0.863780
0.992091 0.863908
0.992091 0.863908
0.993031 0.864037
0.993031 0.864037
0.993969 0.864168
0.993969 0.864168
0.994906 0.864301
0.994906 0.864301
