[CONTOUR]
0.087174 0.911972
0.087934 0.943677
0.088124 0.944359
0.088314 0.945722
0.088504 0.946575
0.088884 0.947427
0.089074 0.948279
0.089264 0.949643
0.089454 0.950495
0.089834 0.951688
0.090024 0.952541
0.090213 0.954245
0.090403 0.955097
0.090783 0.956120
0.090973 0.956802
0.091163 0.958336
0.091353 0.959188
0.091733 0.960211
0.091923 0.961063
0.092113 0.962597
0.092303 0.963450
0.092683 0.964472
0.092873 0.965325
0.093063 0.966688
0.093253 0.967541
0.093632 0.968222
0.093822 0.969075
0.094012 0.970609
0.094202 0.971291
0.094582 0.972143
0.094772 0.973506
0.094962 0.974359
0.095342 0.975041
0.095532 0.975893
0.095722 0.976916
0.095912 0.977427
0.096292 0.978109
0.096482 0.978620
0.096671 0.979472
0.096861 0.979984
0.097241 0.980666
0.097431 0.981177
0.097621 0.981859
0.097811 0.982370
0.098191 0.983052
0.098381 0.983563
0.098571 0.984416
0.098761 0.984756
0.099141 0.985438
0.099331 0.985779
0.099521 0.986631
0.099711 0.986972
0.100090 0.987654
0.100280 0.987995
0.100470 0.988677
0.100660 0.989188
0.101040 0.989700
0.101230 0.990211
0.101420 0.990552
0.101800 0.991063
0.101990 0.991404
0.102180 0.991916
0.102370 0.992256
0.102750 0.992768
0.102940 0.993109
0.103130 0.993620
0.103319 0.993961
0.104079 0.994813
0.104839 0.995666
0.107498 0.998052
0.108068 0.998393
0.108638 0.998734
0.109208 0.998904
0.109967 0.999075
0.110347 0.999245
0.110917 0.999586
0.111297 0.999756
0.120414 0.996688
0.118895 0.995836
0.118515 0.995154
0.118135 0.994643
0.117375 0.993791
0.117185 0.993450
0.116805 0.992768
0.116615 0.992427
0.116046 0.991745
0.115856 0.991234
0.115666 0.990893
0.115286 0.990381
0.114906 0.989870
0.114716 0.989359
0.114526 0.989018
0.114146 0.988506
0.113956 0.988166
0.113766 0.987654
0.113576 0.987313
0.113007 0.986631
0.112817 0.986291
0.112627 0.985779
0.112437 0.985438
0.112057 0.984756
0.111867 0.984416
0.111677 0.983904
0.111487 0.983563
0.111107 0.983052
0.110917 0.982541
0.110727 0.982029
0.110537 0.981688
0.110157 0.981177
0.109967 0.980836
0.109777 0.980154
0.109588 0.979813
0.109208 0.979302
0.109018 0.978961
0.108828 0.978279
0.108448 0.977768
0.108258 0.977256
0.108068 0.976575
0.107878 0.976063
0.107498 0.975552
0.107308 0.975041
0.107118 0.974359
0.106928 0.973847
0.106548 0.973166
0.106359 0.972654
0.106169 0.971802
0.105979 0.971291
0.105599 0.970609
0.105409 0.970097
0.105219 0.969075
0.105029 0.968563
0.104649 0.967711
0.104459 0.967029
0.104269 0.966006
0.104079 0.965325
0.103699 0.964472
0.103509 0.963620
0.103319 0.962256
0.103130 0.961575
0.102750 0.960722
0.102560 0.960041
0.102370 0.958847
0.102180 0.957995
0.101800 0.956972
0.101610 0.955609
0.101420 0.954756
0.101040 0.953904
0.100850 0.953052
0.100660 0.951688
0.100470 0.950836
0.100090 0.949984
0.099901 0.949131
0.099711 0.947597
0.099521 0.946745
0.099141 0.945893
0.098951 0.944870
0.098761 0.943336
0.098571 0.942484
0.098191 0.941631
0.098001 0.940779
0.097811 0.939416
0.097621 0.938734
0.097241 0.937711
0.097051 0.936859
0.096861 0.935666
0.096671 0.934984
0.096292 0.934131
0.096102 0.933279
0.095912 0.932086
0.095722 0.931404
0.095342 0.930552
0.095152 0.929018
0.094962 0.928336
0.094582 0.927484
0.094392 0.926802
0.094202 0.925779
0.094012 0.925268
0.093632 0.924416
0.093442 0.923904
0.093253 0.923052
0.093063 0.922370
0.092683 0.921688
0.092493 0.921347
0.092303 0.920495
0.092113 0.920154
0.091733 0.919472
0.091543 0.919131
0.091353 0.918450
0.090973 0.917938
0.090593 0.917256
0.090403 0.916916
0.090213 0.916234
0.090024 0.915893
0.089644 0.915381
0.089454 0.915041
0.089264 0.914359
0.089074 0.914018
0.088694 0.913506
0.088504 0.912995
0.087934 0.911972
[SKELETON]
0.088296 0.913313
0.088425 0.914128
0.088425 0.914128
0.088553 0.914943
0.088553 0.914943
0.088682 0.915758
0.088682 0.915758
0.088812 0.916573
0.088812 0.916573
0.088941 0.917388
0.089071 0.918202
0.089071 0.918202
0.089201 0.919017
0.089201 0.919017
0.089331 0.919831
0.089331 0.919831
0.089462 0.920645
0.089462 0.920645
0.089594 0.921459
0.089725 0.922273
0.089725 0.922273
0.089857 0.923087
0.089857 0.923087
0.089990 0.923901
0.089990 0.923901
0.090123 0.924714
0.090257 0.925527
0.090257 0.925527
0.090392 0.926340
0.090392 0.926340
0.090527 0.927153
0.090527 0.927153
0.090663 0.927966
0.090663 0.927966
0.090799 0.928778
0.090936 0.929590
0.090936 0.929590
0.091075 0.930402
0.091075 0.930402
0.091213 0.931213
0.091213 0.931213
0.091353 0.932024
0.091353 0.932024
0.091494 0.932835
0.091635 0.933645
0.091635 0.933645
0.091778 0.934455
0.091778 0.934455
0.091921 0.935265
0.091921 0.935265
0.092065 0.936075
0.092065 0.936075
0.092211 0.936884
0.092357 0.937692
0.092357 0.937692
0.092505 0.938501
0.092505 0.938501
0.092654 0.939308
0.092654 0.939308
0.092803 0.940116
0.092803 0.940116
0.092955 0.940923
0.093107 0.941729
0.093107 0.941729
0.093260 0.942535
0.093260 0.942535
0.093415 0.943341
0.093415 0.943341
0.093572 0.944146
0.093572 0.944146
0.093729 0.944950
0.093888 0.945754
0.093888 0.945754
0.094049 0.946558
0.094049 0.946558
0.094210 0.947361
0.094210 0.947361
0.094374 0.948163
0.094539 0.948965
0.094539 0.948965
0.094705 0.949767
0.094705 0.949767
0.094873 0.950567
0.094873 0.950567
0.095043 0.951367
0.095043 0.951367
0.095214 0.952167
0.095387 0.952966
0.095387 0.952966
0.095562 0.953764
0.095562 0.953764
0.095738 0.954561
0.095738 0.954561
0.095916 0.955358
0.095916 0.955358
0.096096 0.956154
0.096278 0.956950
0.096278 0.956950
0.096462 0.957745
0.096462 0.957745
0.096648 0.958539
0.096648 0.958539
0.096836 0.959332
0.096836 0.959332
0.097026 0.960125
0.097219 0.960916
0.097219 0.960916
0.097415 0.961707
0.097415 0.961707
0.097613 0.962496
0.097613 0.962496
0.097814 0.963285
0.097814 0.963285
0.098018 0.964073
0.098225 0.964860
0.098225 0.964860
0.098435 0.965645
0.098435 0.965645
0.098649 0.966430
0.098649 0.966430
0.098866 0.967213
0.098866 0.967213
0.099087 0.967995
0.099311 0.968776
0.099311 0.968776
0.099540 0.969555
0.099540 0.969555
0.099772 0.970333
0.099772 0.970333
0.100009 0.971110
0.100250 0.971886
0.100250 0.971886
0.100495 0.972660
0.100495 0.972660
0.100745 0.973432
0.100745 0.973432
0.100999 0.974203
0.100999 0.974203
0.101259 0.974973
0.101523 0.975741
0.101523 0.975741
0.101792 0.976507
0.101792 0.976507
0.102067 0.977272
0.102067 0.977272
0.102346 0.978034
0.102346 0.978034
0.102632 0.978796
0.102923 0.979554
0.102923 0.979554
0.103221 0.980311
0.103221 0.980311
0.103527 0.981064
0.103527 0.981064
0.103842 0.981814
0.103842 0.981814
0.104165 0.982559
0.104498 0.983300
0.104498 0.983300
0.104841 0.984037
0.104841 0.984037
0.105195 0.984768
0.105195 0.984768
0.105561 0.985493
0.105561 0.985493
0.105939 0.986212
0.106331 0.986925
0.106331 0.986925
0.106736 0.987630
0.106736 0.987630
0.107156 0.988329
0.107156 0.988329
0.107591 0.989019
0.107591 0.989019
0.108042 0.989700
0.108510 0.990373
0.108510 0.990373
0.108995 0.991037
0.108995 0.991037
0.109498 0.991691
0.109498 0.991691
0.110020 0.992334
0.110561 0.992968
0.110561 0.992968
0.111122 0.993590
0.111122 0.993590
0.111704 0.994200
0.111704 0.994200
0.112307 0.994799
0.112307 0.994799
0.112933 0.995386
0.113582 0.995959
0.113582 0.995959
0.114254 0.996520
0.114254 0.996520
0.114950 0.997066
0.114950 0.997066
0.115671 0.997599
0.115671 0.997599
0.116418 0.998117
