[CONTOUR]
0.359436 0.397786
0.358235 0.398504
0.355834 0.399941
0.354233 0.400659
0.347429 0.407125
0.341025 0.413590
0.339825 0.415386
0.337823 0.417541
0.335822 0.420055
0.335022 0.421491
0.333421 0.423287
0.331019 0.426161
0.330219 0.427597
0.328618 0.429393
0.327417 0.431189
0.326617 0.432626
0.325416 0.434062
0.325016 0.435140
0.323815 0.436936
0.322614 0.438373
0.322214 0.439450
0.321414 0.441246
0.320613 0.442323
0.320213 0.443401
0.319413 0.444838
0.318612 0.445915
0.318212 0.446993
0.315810 0.449866
0.314610 0.451303
0.314209 0.452380
0.313409 0.453817
0.312609 0.454894
0.312208 0.456331
0.311408 0.458127
0.310607 0.459205
0.310207 0.460282
0.309807 0.483628
0.311008 0.485065
0.311408 0.486142
0.312208 0.487938
0.313009 0.489016
0.313409 0.490093
0.314209 0.491530
0.315410 0.493326
0.316211 0.494763
0.317011 0.495840
0.318212 0.497636
0.319012 0.499432
0.320613 0.501587
0.321414 0.503024
0.321814 0.504101
0.323015 0.505538
0.324215 0.507334
0.324616 0.508411
0.325416 0.509489
0.326617 0.511284
0.327017 0.512721
0.327817 0.513799
0.328618 0.515595
0.329018 0.517031
0.329819 0.518468
0.330619 0.519905
0.331019 0.521700
0.331820 0.523137
0.332620 0.524933
0.333021 0.526011
0.333821 0.527088
0.334621 0.528884
0.335022 0.530321
0.335822 0.531757
0.336623 0.533553
0.337023 0.534631
0.337823 0.536067
0.338224 0.537504
0.339024 0.538941
0.339825 0.540018
0.340225 0.541096
0.341025 0.543251
0.341826 0.544687
0.342226 0.546124
0.343026 0.547920
0.344227 0.549716
0.344627 0.551153
0.345428 0.552948
0.346228 0.554744
0.346629 0.556540
0.347429 0.558336
0.348630 0.559773
0.349030 0.561569
0.349830 0.563724
0.350631 0.564801
0.351031 0.566238
0.351832 0.568393
0.352632 0.569470
0.353032 0.570907
0.355434 0.573780
0.358636 0.577013
0.361837 0.579886
0.362638 0.579886
0.362238 0.578450
0.361437 0.577013
0.361037 0.575935
0.360237 0.574499
0.359436 0.573421
0.359036 0.572344
0.358235 0.570189
0.357435 0.568393
0.357035 0.564801
0.356234 0.560850
0.355434 0.558336
0.355033 0.554744
0.354233 0.549716
0.353433 0.547561
0.353032 0.544328
0.352232 0.541455
0.351431 0.539659
0.351031 0.537145
0.350231 0.534272
0.349430 0.532476
0.349030 0.530680
0.348229 0.528166
0.347429 0.526729
0.347029 0.525292
0.346228 0.523137
0.345428 0.521700
0.345028 0.519905
0.344227 0.518109
0.343427 0.517031
0.343026 0.515235
0.342226 0.514158
0.341425 0.512362
0.341025 0.510925
0.340225 0.509489
0.339424 0.507693
0.339024 0.506256
0.338224 0.504819
0.337423 0.503383
0.337023 0.501946
0.336222 0.500869
0.335422 0.499432
0.335022 0.497995
0.333821 0.496558
0.332620 0.494403
0.332220 0.492967
0.331019 0.491530
0.329819 0.489375
0.329418 0.488297
0.328618 0.487220
0.327817 0.485783
0.327417 0.484347
0.326617 0.482910
0.325816 0.480396
0.325416 0.477522
0.324616 0.475008
0.325416 0.465670
0.325816 0.461719
0.326617 0.459564
0.327017 0.457768
0.327817 0.455613
0.328618 0.454176
0.329018 0.452739
0.329819 0.451303
0.330619 0.450225
0.331019 0.449148
0.331820 0.447711
0.332620 0.446634
0.333021 0.445556
0.334621 0.443042
0.335422 0.441964
0.335822 0.440887
0.337023 0.439091
0.337823 0.438013
0.338624 0.436577
0.339424 0.435140
0.340625 0.433703
0.341025 0.432626
0.342226 0.430830
0.343427 0.429393
0.343827 0.428316
0.345028 0.426161
0.346228 0.424724
0.346629 0.423647
0.347829 0.421851
0.348630 0.420773
0.349030 0.419696
0.349830 0.418618
0.351031 0.416822
0.351431 0.415745
0.352632 0.414308
0.353833 0.412512
0.354233 0.411435
0.355434 0.409998
0.356634 0.408202
0.357435 0.406765
0.358235 0.405688
0.359036 0.404251
0.359436 0.403174
0.360237 0.402096
0.361037 0.399941
0.360237 0.397786
[SKELETON]
0.358807 0.399301
0.357723 0.400743
0.357723 0.400743
0.356637 0.402178
0.356637 0.402178
0.355551 0.403607
0.355551 0.403607
0.354464 0.405031
0.353377 0.406449
0.353377 0.406449
0.352291 0.407863
0.352291 0.407863
0.351205 0.409273
0.351205 0.409273
0.350121 0.410680
0.349038 0.412085
0.349038 0.412085
0.347958 0.413488
0.347958 0.413488
0.346881 0.414890
0.346881 0.414890
0.345807 0.416291
0.344736 0.417692
0.344736 0.417692
0.343670 0.419094
0.343670 0.419094
0.342608 0.420497
0.342608 0.420497
0.341552 0.421903
0.340501 0.423310
0.340501 0.423310
0.339455 0.424721
0.339455 0.424721
0.338417 0.426136
0.338417 0.426136
0.337385 0.427555
0.336360 0.428979
0.336360 0.428979
0.335343 0.430409
0.335343 0.430409
0.334335 0.431845
0.334335 0.431845
0.333335 0.433288
0.332345 0.434739
0.332345 0.434739
0.331364 0.436198
0.331364 0.436198
0.330393 0.437665
0.330393 0.437665
0.329432 0.439143
0.328483 0.440630
0.328483 0.440630
0.327545 0.442128
0.327545 0.442128
0.326619 0.443637
0.325707 0.445157
0.325707 0.445157
0.324813 0.446690
0.324813 0.446690
0.323943 0.448233
0.323943 0.448233
0.323101 0.449787
0.322293 0.451351
0.322293 0.451351
0.321524 0.452925
0.321524 0.452925
0.320798 0.454509
0.320798 0.454509
0.320121 0.456102
0.319498 0.457704
0.319498 0.457704
0.318933 0.459314
0.318933 0.459314
0.318433 0.460933
0.318433 0.460933
0.318002 0.462559
0.317645 0.464193
0.317645 0.464193
0.317367 0.465834
0.317367 0.465834
0.317171 0.467481
0.317171 0.467481
0.317057 0.469134
0.317022 0.470789
0.317022 0.470789
0.317063 0.472447
0.317063 0.472447
0.317178 0.474104
0.317178 0.474104
0.317364 0.475760
0.317619 0.477413
0.317619 0.477413
0.317940 0.479061
0.317940 0.479061
0.318325 0.480703
0.318325 0.480703
0.318772 0.482336
0.319278 0.483959
0.319278 0.483959
0.319840 0.485571
0.319840 0.485571
0.320457 0.487170
0.320457 0.487170
0.321124 0.488755
0.321838 0.490327
0.321838 0.490327
0.322593 0.491886
0.322593 0.491886
0.323383 0.493435
0.323383 0.493435
0.324205 0.494975
0.325052 0.496506
0.325052 0.496506
0.325920 0.498030
0.325920 0.498030
0.326804 0.499548
0.326804 0.499548
0.327698 0.501061
0.328597 0.502571
0.328597 0.502571
0.329496 0.504079
0.329496 0.504079
0.330390 0.505586
0.330390 0.505586
0.331274 0.507094
0.332143 0.508603
0.332143 0.508603
0.332991 0.510114
0.332991 0.510114
0.333818 0.511629
0.333818 0.511629
0.334622 0.513148
0.335406 0.514670
0.335406 0.514670
0.336170 0.516197
0.336170 0.516197
0.336914 0.517728
0.336914 0.517728
0.337639 0.519263
0.338346 0.520804
0.338346 0.520804
0.339036 0.522349
0.339036 0.522349
0.339709 0.523900
0.339709 0.523900
0.340365 0.525457
0.341006 0.527019
0.341006 0.527019
0.341633 0.528588
0.341633 0.528588
0.342245 0.530162
0.342844 0.531743
0.342844 0.531743
0.343430 0.533331
0.343430 0.533331
0.344005 0.534924
0.344005 0.534924
0.344570 0.536523
0.345126 0.538127
0.345126 0.538127
0.345673 0.539734
0.345673 0.539734
0.346214 0.541346
0.346214 0.541346
0.346748 0.542961
0.347278 0.544578
0.347278 0.544578
0.347804 0.546198
0.347804 0.546198
0.348328 0.547820
0.348328 0.547820
0.348850 0.549442
0.349372 0.551065
0.349372 0.551065
0.349894 0.552689
0.349894 0.552689
0.350419 0.554312
0.350419 0.554312
0.350946 0.555934
0.351477 0.557554
0.351477 0.557554
0.352014 0.559173
0.352014 0.559173
0.352557 0.560789
0.352557 0.560789
0.353107 0.562402
0.353666 0.564011
0.353666 0.564011
0.354235 0.565616
0.354235 0.565616
0.354814 0.567217
0.354814 0.567217
0.355405 0.568813
0.356009 0.570403
0.356009 0.570403
0.356627 0.571987
0.356627 0.571987
0.357260 0.573564
0.357260 0.573564
0.357909 0.575134
