[CONTOUR]
0.333371 0.243900
0.332711 0.246109
0.332051 0.246550
0.331391 0.246992
0.330731 0.247434
0.330071 0.247876
0.329081 0.248759
0.328421 0.249201
0.327761 0.249642
0.327101 0.250084
0.326441 0.250526
0.325781 0.250968
0.324791 0.251851
0.323801 0.252734
0.323141 0.253176
0.322151 0.254059
0.321491 0.254501
0.320501 0.255385
0.319511 0.256268
0.318851 0.256710
0.317861 0.257593
0.316871 0.258477
0.315881 0.259360
0.314561 0.260685
0.313241 0.262010
0.310931 0.264660
0.304991 0.272169
0.303341 0.274820
0.302020 0.277028
0.301030 0.278795
0.299710 0.281004
0.298720 0.282770
0.298060 0.284096
0.297070 0.285862
0.297070 0.286304
0.296410 0.287629
0.291130 0.294255
0.289480 0.296022
0.287830 0.297788
0.286840 0.298672
0.286180 0.299114
0.285520 0.299555
0.284860 0.299997
0.283870 0.300439
0.282550 0.300880
0.280240 0.301322
0.273310 0.301764
0.271659 0.301322
0.270339 0.300880
0.269349 0.300439
0.268359 0.299997
0.267699 0.299555
0.266709 0.299114
0.266049 0.298672
0.265389 0.298230
0.264399 0.297788
0.263739 0.297347
0.263079 0.296905
0.262419 0.296463
0.261759 0.296022
0.261099 0.295580
0.260109 0.295138
0.259449 0.294697
0.258459 0.294255
0.257469 0.293813
0.256479 0.293371
0.255159 0.292930
0.254169 0.292488
0.252849 0.292046
0.251529 0.291605
0.250209 0.291163
0.249219 0.290721
0.248229 0.290279
0.246909 0.289838
0.246249 0.289396
0.244599 0.288954
0.245919 0.298672
0.246249 0.299555
0.247239 0.301322
0.252189 0.307506
0.254829 0.310598
0.256149 0.311923
0.257139 0.312806
0.258129 0.313690
0.258789 0.314132
0.259449 0.314573
0.260439 0.315457
0.261429 0.315898
0.262089 0.316340
0.262749 0.316782
0.263409 0.317224
0.264399 0.317665
0.265389 0.318107
0.266379 0.318549
0.267369 0.318990
0.268689 0.319432
0.270009 0.319874
0.271659 0.320316
0.274960 0.320757
0.277930 0.321199
0.278260 0.320757
0.280900 0.320316
0.282550 0.319874
0.283870 0.319432
0.284860 0.318990
0.285850 0.318549
0.286840 0.318107
0.287830 0.317665
0.288490 0.317224
0.289480 0.316782
0.290140 0.316340
0.290800 0.315898
0.291790 0.315457
0.292450 0.315015
0.293110 0.314573
0.293770 0.314132
0.294760 0.313248
0.295750 0.312365
0.296410 0.311923
0.297730 0.310598
0.299380 0.308831
0.304991 0.301764
0.306971 0.298672
0.308621 0.296022
0.310271 0.293371
0.311591 0.291163
0.313901 0.287629
0.316871 0.283212
0.324461 0.272611
0.325781 0.271286
0.326771 0.270403
0.327761 0.269519
0.328421 0.269078
0.329081 0.268636
0.329741 0.268194
0.330401 0.267752
0.331061 0.267311
0.331721 0.266869
0.332381 0.266427
0.333371 0.265986
0.334362 0.265544
0.335352 0.265102
0.336342 0.264660
0.337662 0.264219
0.339312 0.263777
0.341292 0.263335
0.345912 0.262894
0.346572 0.263335
0.352512 0.263777
0.356802 0.264219
0.361092 0.264660
0.367033 0.265102
0.370333 0.264660
0.378253 0.264219
0.381223 0.263777
0.382873 0.263335
0.384523 0.262894
0.386503 0.262452
0.387823 0.262010
0.389143 0.261569
0.390463 0.261127
0.391453 0.260685
0.392773 0.260243
0.393763 0.259802
0.395084 0.259360
0.396404 0.258918
0.397064 0.258918
0.398054 0.258477
0.399044 0.258035
0.400364 0.257593
0.401684 0.257151
0.402674 0.256710
0.403994 0.256268
0.405314 0.255826
0.406964 0.255385
0.408284 0.254943
0.409934 0.254501
0.411584 0.254059
0.413234 0.253618
0.414884 0.253176
0.416204 0.252734
0.416864 0.252293
0.415874 0.250968
0.399704 0.250526
0.396404 0.250968
0.387823 0.250526
0.383533 0.250084
0.379903 0.250526
0.374623 0.250084
0.370993 0.249642
0.368023 0.249201
0.366373 0.248759
0.364723 0.248317
0.363402 0.247876
0.362082 0.247434
0.360762 0.246992
0.359442 0.246550
0.357792 0.246109
0.356802 0.245667
0.356472 0.243900
[SKELETON]
0.411959 0.251623
0.410382 0.251972
0.410382 0.251972
0.408805 0.252323
0.408805 0.252323
0.407229 0.252675
0.407229 0.252675
0.405654 0.253024
0.404078 0.253371
0.404078 0.253371
0.402502 0.253713
0.402502 0.253713
0.400927 0.254048
0.399351 0.254374
0.399351 0.254374
0.397775 0.254691
0.397775 0.254691
0.396199 0.254995
0.396199 0.254995
0.394622 0.255286
0.393045 0.255562
0.393045 0.255562
0.391467 0.255820
0.391467 0.255820
0.389888 0.256060
0.389888 0.256060
0.388308 0.256279
0.386727 0.256475
0.386727 0.256475
0.385145 0.256648
0.385145 0.256648
0.383562 0.256795
0.383562 0.256795
0.381977 0.256915
0.380391 0.257005
0.380391 0.257005
0.378803 0.257064
0.378803 0.257064
0.377213 0.257091
0.375621 0.257083
0.375621 0.257083
0.374028 0.257039
0.374028 0.257039
0.372432 0.256957
0.372432 0.256957
0.370834 0.256836
0.369233 0.256674
0.369233 0.256674
0.367631 0.256475
0.367631 0.256475
0.366027 0.256248
0.366027 0.256248
0.364421 0.255998
0.362814 0.255733
0.362814 0.255733
0.361207 0.255461
0.361207 0.255461
0.359599 0.255188
0.357992 0.254921
0.357992 0.254921
0.356385 0.254668
0.356385 0.254668
0.354778 0.254435
0.354778 0.254435
0.353173 0.254230
0.351570 0.254060
0.351570 0.254060
0.349968 0.253932
0.349968 0.253932
0.348369 0.253853
0.348369 0.253853
0.346773 0.253828
0.345183 0.253858
0.345183 0.253858
0.343601 0.253948
0.343601 0.253948
0.342028 0.254099
0.342028 0.254099
0.340466 0.254314
0.338919 0.254596
0.338919 0.254596
0.337387 0.254947
0.337387 0.254947
0.335873 0.255370
0.334378 0.255867
0.334378 0.255867
0.332905 0.256442
0.332905 0.256442
0.331456 0.257097
0.331456 0.257097
0.330033 0.257833
0.328637 0.258655
0.328637 0.258655
0.327270 0.259562
0.327270 0.259562
0.325931 0.260551
0.325931 0.260551
0.324618 0.261618
0.323330 0.262758
0.323330 0.262758
0.322066 0.263966
0.322066 0.263966
0.320824 0.265240
0.319604 0.266574
0.319604 0.266574
0.318403 0.267964
0.318403 0.267964
0.317221 0.269407
0.317221 0.269407
0.316056 0.270898
0.314907 0.272432
0.314907 0.272432
0.313773 0.274006
0.313773 0.274006
0.312652 0.275614
0.312652 0.275614
0.311544 0.277254
0.310445 0.278921
0.310445 0.278921
0.309357 0.280610
0.309357 0.280610
0.308276 0.282318
0.307202 0.284037
0.307202 0.284037
0.306131 0.285761
0.306131 0.285761
0.305061 0.287482
0.305061 0.287482
0.303988 0.289194
0.302912 0.290888
0.302912 0.290888
0.301829 0.292557
0.301829 0.292557
0.300736 0.294194
0.300736 0.294194
0.299630 0.295792
0.298511 0.297343
0.298511 0.297343
0.297373 0.298840
0.297373 0.298840
0.296216 0.300276
0.296216 0.300276
0.295036 0.301643
0.293832 0.302934
0.293832 0.302934
0.292599 0.304141
0.292599 0.304141
0.291336 0.305258
0.290041 0.306276
0.290041 0.306276
0.288710 0.307191
0.288710 0.307191
0.287347 0.308001
0.287347 0.308001
0.285955 0.308707
0.284536 0.309312
0.284536 0.309312
0.283094 0.309815
0.283094 0.309815
0.281631 0.310218
0.281631 0.310218
0.280151 0.310522
0.278656 0.310729
0.278656 0.310729
0.277150 0.310838
0.277150 0.310838
0.275635 0.310852
0.274115 0.310771
0.274115 0.310771
0.272592 0.310596
0.272592 0.310596
0.271070 0.310329
0.271070 0.310329
0.269551 0.309970
0.268038 0.309521
0.268038 0.309521
0.266535 0.308982
0.266535 0.308982
0.265045 0.308356
0.265045 0.308356
0.263570 0.307642
0.262113 0.306842
0.262113 0.306842
0.260678 0.305957
0.260678 0.305957
0.259267 0.304988
0.259267 0.304988
0.257884 0.303937
0.256531 0.302803
0.256531 0.302803
0.255212 0.301589
0.255212 0.301589
0.253929 0.300296
0.252686 0.298923
0.252686 0.298923
0.251485 0.297474
0.251485 0.297474
0.250329 0.295947
0.250329 0.295947
0.249222 0.294346
