[CONTOUR]
0.227496 0.134805
0.225760 0.135584
0.224457 0.135974
0.222721 0.136364
0.221418 0.137143
0.220116 0.137532
0.218379 0.137922
0.217077 0.138701
0.215774 0.139091
0.214472 0.139481
0.213169 0.140260
0.211867 0.140649
0.210564 0.141039
0.209696 0.141429
0.207959 0.142208
0.206657 0.142597
0.205789 0.142987
0.204486 0.143766
0.203184 0.144156
0.202315 0.144545
0.201013 0.145325
0.199711 0.145714
0.198842 0.146104
0.197540 0.146883
0.196237 0.147273
0.194935 0.147662
0.193632 0.148442
0.191896 0.148831
0.191027 0.149221
0.189725 0.150000
0.187988 0.150390
0.187120 0.150779
0.185384 0.151558
0.184081 0.151948
0.182779 0.152338
0.181042 0.153117
0.179740 0.153506
0.178003 0.153896
0.176266 0.154675
0.174964 0.155065
0.172359 0.155455
0.169754 0.156234
0.168452 0.156623
0.165412 0.157013
0.162808 0.157792
0.160637 0.158182
0.155861 0.158571
0.151954 0.159351
0.148915 0.159740
0.142402 0.160130
0.136324 0.160909
0.128509 0.160519
0.119826 0.160130
0.116353 0.159351
0.114182 0.158961
0.110275 0.158571
0.108538 0.157792
0.107236 0.157403
0.105065 0.157013
0.103329 0.156234
0.102460 0.155844
0.100289 0.155455
0.098987 0.154675
0.097685 0.154286
0.095948 0.153896
0.095080 0.153506
0.093343 0.152727
0.091606 0.152338
0.090304 0.151948
0.089001 0.151169
0.086831 0.150779
0.085962 0.150390
0.084226 0.149610
0.081621 0.149221
0.080318 0.148831
0.078582 0.148052
0.075109 0.147662
0.073806 0.147273
0.071635 0.146494
0.068162 0.146104
0.066425 0.145714
0.063386 0.144935
0.058177 0.144545
0.055572 0.144156
0.050796 0.143377
0.041679 0.142987
0.038205 0.142597
0.033430 0.141818
0.030825 0.141429
0.027786 0.141039
0.025615 0.140260
0.024313 0.139870
0.021708 0.140260
0.024313 0.142208
0.026049 0.142987
0.027352 0.143377
0.028654 0.144156
0.029522 0.144545
0.030825 0.144935
0.032127 0.145714
0.033430 0.146104
0.034732 0.146494
0.036469 0.147273
0.037337 0.147662
0.039508 0.148052
0.040810 0.148831
0.042113 0.149221
0.044284 0.149610
0.046020 0.150390
0.047323 0.150779
0.049493 0.151169
0.050796 0.151948
0.052098 0.152338
0.054269 0.152727
0.055572 0.153117
0.057308 0.153896
0.059479 0.154286
0.060781 0.154675
0.062518 0.155455
0.064689 0.155844
0.065991 0.156234
0.067294 0.157013
0.069465 0.157403
0.070333 0.157792
0.072069 0.158571
0.074240 0.158961
0.075543 0.159351
0.076845 0.160130
0.079016 0.160519
0.079884 0.160909
0.081621 0.161688
0.083357 0.162078
0.084226 0.162468
0.085528 0.163247
0.087699 0.163636
0.088567 0.164026
0.089870 0.164805
0.091172 0.165195
0.092909 0.165584
0.094211 0.166364
0.095514 0.166753
0.097250 0.167143
0.098553 0.167922
0.099855 0.168312
0.101592 0.168701
0.103329 0.169481
0.104631 0.169870
0.107236 0.170260
0.109407 0.171039
0.111577 0.171429
0.115051 0.171818
0.118090 0.172597
0.120260 0.172987
0.141100 0.172987
0.144573 0.172208
0.148046 0.171818
0.152388 0.171429
0.155427 0.170649
0.157598 0.170260
0.161071 0.169870
0.163676 0.169091
0.164978 0.168701
0.167583 0.168312
0.169320 0.167922
0.171056 0.167143
0.173227 0.166753
0.174530 0.166364
0.176266 0.165584
0.178003 0.165195
0.179305 0.164805
0.181042 0.164026
0.182779 0.163636
0.184081 0.163247
0.185818 0.162468
0.187120 0.162078
0.188423 0.161688
0.189725 0.160909
0.191462 0.160519
0.192764 0.160130
0.194067 0.159351
0.195369 0.158961
0.196237 0.158571
0.197974 0.157792
0.199276 0.157403
0.200145 0.157013
0.201881 0.155844
0.203184 0.155455
0.204052 0.155065
0.205789 0.153896
0.207091 0.153117
0.208828 0.152338
0.210999 0.150779
0.212735 0.149610
0.214906 0.148442
0.218379 0.145714
0.219682 0.144935
0.221418 0.144156
0.228365 0.138312
0.229667 0.136753
0.230535 0.134805
[CONTOUR]
0.240521 0.127013
0.239219 0.128182
0.238784 0.128182
0.234443 0.132078
0.234443 0.132468
0.234009 0.132857
0.234009 0.133247
0.233575 0.133636
0.232272 0.133636
0.231838 0.134026
0.231404 0.134026
0.231404 0.134416
0.231838 0.134026
0.233575 0.134026
0.234009 0.134416
0.235311 0.134416
0.235311 0.134026
0.237482 0.132078
0.237482 0.131688
0.238784 0.130519
0.238784 0.130130
0.239219 0.129740
0.239219 0.129351
0.240521 0.128182
0.240521 0.127792
0.240955 0.127403
[CONTOUR]
0.241823 0.126234
[SKELETON]
0.227492 0.136610
0.225761 0.137625
0.225761 0.137625
0.224029 0.138628
0.224029 0.138628
0.222295 0.139619
0.222295 0.139619
0.220559 0.140598
0.220559 0.140598
0.218819 0.141564
0.218819 0.141564
0.217077 0.142518
0.217077 0.142518
0.215330 0.143459
0.215330 0.143459
0.213579 0.144387
0.213579 0.144387
0.211823 0.145301
0.211823 0.145301
0.210062 0.146202
0.210062 0.146202
0.208294 0.147090
0.208294 0.147090
0.206520 0.147963
0.206520 0.147963
0.204739 0.148823
0.204739 0.148823
0.202950 0.149668
0.202950 0.149668
0.201153 0.150499
0.201153 0.150499
0.199347 0.151315
0.199347 0.151315
0.197532 0.152116
0.197532 0.152116
0.195707 0.152902
0.195707 0.152902
0.193872 0.153673
0.193872 0.153673
0.192026 0.154428
0.190169 0.155167
0.190169 0.155167
0.188300 0.155890
0.188300 0.155890
0.186418 0.156598
0.186418 0.156598
0.184524 0.157289
0.184524 0.157289
0.182616 0.157963
0.182616 0.157963
0.180694 0.158620
0.180694 0.158620
0.178757 0.159261
0.178757 0.159261
0.176806 0.159884
0.176806 0.159884
0.174839 0.160490
0.174839 0.160490
0.172859 0.161077
0.172859 0.161077
0.170865 0.161643
0.170865 0.161643
0.168860 0.162188
0.168860 0.162188
0.166843 0.162711
0.166843 0.162711
0.164816 0.163211
0.164816 0.163211
0.162779 0.163686
0.162779 0.163686
0.160734 0.164135
0.160734 0.164135
0.158682 0.164557
0.158682 0.164557
0.156623 0.164951
0.156623 0.164951
0.154559 0.165315
0.154559 0.165315
0.152491 0.165650
0.152491 0.165650
0.150418 0.165953
0.148343 0.166223
0.148343 0.166223
0.146266 0.166459
0.146266 0.166459
0.144189 0.166661
0.144189 0.166661
0.142111 0.166826
0.142111 0.166826
0.140035 0.166954
0.140035 0.166954
0.137961 0.167044
0.137961 0.167044
0.135890 0.167094
0.135890 0.167094
0.133822 0.167103
0.133822 0.167103
0.131760 0.167071
0.131760 0.167071
0.129703 0.166995
0.129703 0.166995
0.127654 0.166876
0.127654 0.166876
0.125611 0.166712
0.125611 0.166712
0.123576 0.166506
0.123576 0.166506
0.121547 0.166260
0.121547 0.166260
0.119526 0.165975
0.119526 0.165975
0.117511 0.165655
0.117511 0.165655
0.115502 0.165300
0.115502 0.165300
0.113498 0.164913
0.113498 0.164913
0.111501 0.164496
0.111501 0.164496
0.109509 0.164051
0.107523 0.163580
0.107523 0.163580
0.105542 0.163086
0.105542 0.163086
0.103565 0.162569
0.103565 0.162569
0.101593 0.162032
0.101593 0.162032
0.099625 0.161478
0.099625 0.161478
0.097662 0.160908
0.097662 0.160908
0.095702 0.160324
0.095702 0.160324
0.093746 0.159728
0.093746 0.159728
0.091794 0.159123
0.091794 0.159123
0.089844 0.158511
0.089844 0.158511
0.087898 0.157892
0.087898 0.157892
0.085954 0.157271
0.085954 0.157271
0.084013 0.156647
0.084013 0.156647
0.082074 0.156025
0.082074 0.156025
0.080138 0.155405
0.080138 0.155405
0.078202 0.154789
0.078202 0.154789
0.076269 0.154180
0.076269 0.154180
0.074336 0.153579
0.074336 0.153579
0.072404 0.152985
0.072404 0.152985
0.070471 0.152401
0.070471 0.152401
0.068536 0.151826
0.066600 0.151262
0.066600 0.151262
0.064662 0.150708
0.064662 0.150708
0.062720 0.150167
0.062720 0.150167
0.060774 0.149638
0.060774 0.149638
0.058824 0.149122
0.058824 0.149122
0.056868 0.148621
0.056868 0.148621
0.054906 0.148134
0.054906 0.148134
0.052938 0.147663
0.052938 0.147663
0.050963 0.147208
0.050963 0.147208
0.048979 0.146770
0.048979 0.146770
0.046987 0.146350
0.046987 0.146350
0.044985 0.145948
0.044985 0.145948
0.042973 0.145566
0.042973 0.145566
0.040951 0.145203
0.040951 0.145203
0.038917 0.144862
0.038917 0.144862
0.036871 0.144541
0.036871 0.144541
0.034813 0.144243
0.034813 0.144243
0.032740 0.143968
0.032740 0.143968
0.030654 0.143716
0.030654 0.143716
0.028553 0.143489
