[CONTOUR]
0.322297 0.381971
0.321947 0.382440
0.321246 0.382440
0.320896 0.382909
0.320196 0.382909
0.319846 0.383377
0.319145 0.383377
0.318795 0.383846
0.318445 0.383846
0.318094 0.384315
0.317744 0.384315
0.317394 0.384784
0.316694 0.384784
0.316343 0.385252
0.315643 0.385252
0.315293 0.385721
0.314943 0.385721
0.314592 0.386190
0.313892 0.386190
0.313542 0.386659
0.313191 0.386659
0.312841 0.387127
0.312141 0.387127
0.311791 0.387596
0.311440 0.387596
0.311090 0.388065
0.310740 0.388065
0.310390 0.388534
0.310040 0.388534
0.309689 0.389002
0.309339 0.389002
0.308989 0.389471
0.308639 0.389471
0.308288 0.389940
0.307938 0.389940
0.307238 0.390877
0.306888 0.390877
0.306537 0.391346
0.306187 0.391346
0.305487 0.392284
0.305136 0.392284
0.304786 0.392752
0.304436 0.392752
0.303736 0.393690
0.303385 0.393690
0.303035 0.394159
0.302685 0.394159
0.301985 0.395096
0.301634 0.395096
0.301284 0.395565
0.300934 0.395565
0.300584 0.396034
0.300233 0.396034
0.299883 0.396502
0.299533 0.396502
0.299183 0.396971
0.298833 0.396971
0.298482 0.397440
0.298132 0.397440
0.297782 0.397909
0.297432 0.397909
0.296731 0.398846
0.296381 0.398846
0.296031 0.399315
0.295681 0.399315
0.295330 0.399784
0.294980 0.399784
0.294630 0.400252
0.294280 0.400252
0.293579 0.401190
0.292879 0.401190
0.292529 0.401659
0.292529 0.403065
0.304786 0.403065
0.304786 0.401659
0.305136 0.401190
0.306187 0.401190
0.306537 0.400721
0.308639 0.400721
0.308989 0.400252
0.310040 0.400252
0.310390 0.399784
0.311090 0.399784
0.311440 0.399315
0.312491 0.399315
0.312841 0.398846
0.313892 0.398846
0.314242 0.398377
0.314592 0.398377
0.314943 0.397909
0.315643 0.397909
0.315993 0.397440
0.316694 0.397440
0.317044 0.396971
0.318094 0.396971
0.318445 0.396502
0.319145 0.396502
0.319495 0.396034
0.320196 0.396034
0.320546 0.395565
0.321246 0.395565
0.321597 0.395096
0.322647 0.395096
0.322997 0.394627
0.323698 0.394627
0.324048 0.394159
0.325099 0.394159
0.325449 0.393690
0.326500 0.393690
0.326850 0.393221
0.327901 0.393221
0.328251 0.392752
0.328951 0.392752
0.329301 0.392284
0.330002 0.392284
0.330702 0.391346
0.330702 0.390877
0.331052 0.390409
0.331052 0.389940
0.330702 0.389471
0.330702 0.389002
0.330352 0.388534
0.330352 0.388065
0.329652 0.387127
0.329652 0.386659
0.326850 0.382909
0.326500 0.382909
0.326149 0.382440
0.325449 0.382440
0.325099 0.381971
[CONTOUR]
0.465185 0.304159
0.463784 0.306502
0.462383 0.307440
0.461333 0.307909
0.459231 0.308377
0.457480 0.309315
0.455379 0.309784
0.453978 0.310721
0.451877 0.311190
0.450476 0.311659
0.449425 0.312596
0.447674 0.313065
0.446273 0.314002
0.444172 0.314471
0.443472 0.314940
0.442071 0.315877
0.441020 0.316346
0.439969 0.317284
0.437868 0.317752
0.436117 0.318690
0.435066 0.319159
0.433666 0.319627
0.432265 0.321034
0.430163 0.321502
0.428763 0.322440
0.427712 0.322909
0.425611 0.323377
0.424210 0.324315
0.422459 0.324784
0.421058 0.325721
0.419657 0.326190
0.418606 0.326659
0.417205 0.327596
0.416155 0.328065
0.414754 0.329002
0.413353 0.329471
0.412302 0.329940
0.411252 0.330877
0.409501 0.331346
0.408450 0.332284
0.406699 0.332752
0.405298 0.333690
0.404247 0.334159
0.402496 0.334627
0.401446 0.335565
0.399344 0.336034
0.398294 0.336971
0.397593 0.337440
0.396543 0.337909
0.395142 0.338846
0.393391 0.339315
0.391640 0.340252
0.389188 0.340721
0.387437 0.341190
0.383585 0.341190
0.382534 0.341659
0.381133 0.343065
0.379732 0.344002
0.376230 0.348221
0.375530 0.348690
0.374129 0.349627
0.373078 0.350565
0.371677 0.351502
0.370627 0.352440
0.369926 0.352909
0.368876 0.353377
0.367825 0.354315
0.366774 0.354784
0.365724 0.355721
0.364323 0.356190
0.363622 0.356659
0.362222 0.357596
0.360821 0.358065
0.359770 0.359002
0.358369 0.359471
0.357669 0.359940
0.356618 0.360877
0.355568 0.361346
0.354517 0.362284
0.353466 0.362752
0.352416 0.363690
0.351715 0.364159
0.350665 0.364627
0.349264 0.366034
0.348213 0.366502
0.346462 0.368377
0.345761 0.368846
0.344361 0.369784
0.342960 0.371190
0.341909 0.371659
0.340508 0.373065
0.340858 0.376815
0.341209 0.377752
0.341909 0.379159
0.342259 0.380565
0.344010 0.383377
0.345061 0.383846
0.346812 0.383377
0.348213 0.382440
0.349614 0.381971
0.350665 0.381034
0.352065 0.380565
0.353116 0.379627
0.353816 0.379159
0.355217 0.378690
0.356968 0.377284
0.358369 0.376815
0.359420 0.375877
0.360120 0.375409
0.361521 0.374940
0.362572 0.374002
0.363973 0.373534
0.365023 0.372596
0.366424 0.372127
0.367475 0.371659
0.368876 0.370252
0.370277 0.369784
0.371327 0.368846
0.372728 0.368377
0.373779 0.367909
0.374829 0.366971
0.376230 0.366502
0.377281 0.365565
0.379032 0.365096
0.380433 0.364159
0.381483 0.363690
0.382534 0.363221
0.383935 0.362284
0.385336 0.361815
0.386386 0.360877
0.387087 0.360409
0.388488 0.359940
0.389889 0.359002
0.390939 0.358534
0.392340 0.357596
0.393741 0.357127
0.394441 0.356659
0.395842 0.355721
0.397243 0.355252
0.398294 0.354315
0.399695 0.353846
0.400745 0.353377
0.401796 0.352440
0.403547 0.351971
0.404598 0.351034
0.405999 0.350565
0.407399 0.349627
0.408100 0.349159
0.409851 0.348690
0.410902 0.347752
0.411952 0.347284
0.413353 0.346346
0.414754 0.345877
0.415805 0.345409
0.417205 0.344471
0.418256 0.344002
0.419307 0.343065
0.420708 0.342596
0.421758 0.342127
0.422809 0.341190
0.424210 0.340721
0.425260 0.339784
0.426661 0.339315
0.427712 0.338377
0.428412 0.337909
0.429813 0.337440
0.430864 0.336502
0.431915 0.336034
0.433315 0.335096
0.434016 0.334627
0.435066 0.334159
0.436117 0.333221
0.437518 0.332752
0.438569 0.331815
0.439619 0.331346
0.440320 0.330877
0.441721 0.329940
0.442771 0.329471
0.443822 0.328534
0.444872 0.328065
0.445573 0.327596
0.446624 0.326659
0.447674 0.326190
0.449075 0.324784
0.450126 0.324315
0.451527 0.322909
0.452227 0.322440
0.453278 0.321971
0.454679 0.320565
0.456079 0.319627
0.457480 0.318221
0.458531 0.317284
0.459582 0.316815
0.461683 0.314471
0.463084 0.313534
0.464835 0.311659
0.466236 0.310721
0.467636 0.309315
0.470088 0.306502
0.471139 0.304159
[CONTOUR]
0.314592 0.304159
0.314592 0.305565
0.315643 0.305565
0.315993 0.306034
0.324048 0.306034
0.324398 0.305565
0.325099 0.305565
0.325099 0.304159
[SKELETON]
0.468524 0.305977
0.467069 0.307006
0.467069 0.307006
0.465609 0.308022
0.465609 0.308022
0.464146 0.309025
0.464146 0.309025
0.462679 0.310017
0.461208 0.310997
0.461208 0.310997
0.459734 0.311965
0.459734 0.311965
0.458256 0.312922
0.458256 0.312922
0.456775 0.313868
0.456775 0.313868
0.455290 0.314804
0.453803 0.315730
0.453803 0.315730
0.452312 0.316646
0.452312 0.316646
0.450819 0.317552
0.450819 0.317552
0.449322 0.318449
0.447823 0.319338
0.447823 0.319338
0.446322 0.320218
0.446322 0.320218
0.444817 0.321090
0.444817 0.321090
0.443311 0.321954
0.443311 0.321954
0.441802 0.322810
0.440291 0.323660
0.440291 0.323660
0.438778 0.324503
0.438778 0.324503
0.437262 0.325339
0.437262 0.325339
0.435745 0.326169
0.434226 0.326993
0.434226 0.326993
0.432706 0.327812
0.432706 0.327812
0.431183 0.328626
0.431183 0.328626
0.429660 0.329435
0.429660 0.329435
0.428135 0.330239
0.426608 0.331040
0.426608 0.331040
0.425081 0.331836
0.425081 0.331836
0.423552 0.332629
0.423552 0.332629
0.422023 0.333419
0.420493 0.334207
0.420493 0.334207
0.418961 0.334991
0.418961 0.334991
0.417430 0.335774
0.417430 0.335774
0.415897 0.336555
0.415897 0.336555
0.414364 0.337334
0.412831 0.338113
0.412831 0.338113
0.411298 0.338890
0.411298 0.338890
0.409764 0.339667
0.409764 0.339667
0.408231 0.340444
0.406697 0.341222
0.406697 0.341222
0.405164 0.341999
0.405164 0.341999
0.403631 0.342778
0.403631 0.342778
0.402098 0.343558
0.402098 0.343558
0.400566 0.344339
0.399034 0.345122
0.399034 0.345122
0.397504 0.345908
0.397504 0.345908
0.395973 0.346696
0.395973 0.346696
0.394444 0.347487
0.392916 0.348281
0.392916 0.348281
0.391389 0.349079
0.391389 0.349079
0.389863 0.349881
0.389863 0.349881
0.388338 0.350687
0.388338 0.350687
0.386815 0.351497
0.385293 0.352312
0.385293 0.352312
0.383773 0.353133
0.383773 0.353133
0.382255 0.353959
0.382255 0.353959
0.380739 0.354791
0.379224 0.355629
0.379224 0.355629
0.377711 0.356474
0.377711 0.356474
0.376201 0.357326
0.376201 0.357326
0.374693 0.358185
0.374693 0.358185
0.373187 0.359051
0.371684 0.359926
0.371684 0.359926
0.370183 0.360809
0.370183 0.360809
0.368685 0.361700
0.368685 0.361700
0.367189 0.362600
0.365697 0.363509
0.365697 0.363509
0.364207 0.364428
0.364207 0.364428
0.362720 0.365357
0.362720 0.365357
0.361237 0.366296
0.361237 0.366296
0.359757 0.367246
0.358280 0.368207
0.358280 0.368207
0.356807 0.369179
0.356807 0.369179
0.355337 0.370162
0.355337 0.370162
0.353871 0.371157
0.352409 0.372165
0.352409 0.372165
0.350951 0.373185
0.350951 0.373185
0.349496 0.374218
0.349496 0.374218
0.348046 0.375265
0.348046 0.375265
0.346600 0.376324
0.344973 0.377248
0.344973 0.377248
0.343345 0.378171
0.343345 0.378171
0.341717 0.379094
0.341717 0.379094
0.340089 0.380017
0.338462 0.380940
0.338462 0.380940
0.336834 0.381863
0.336834 0.381863
0.335206 0.382786
0.335206 0.382786
0.333578 0.383710
0.333578 0.383710
0.331951 0.384633
0.330323 0.385556
0.330323 0.385556
0.328695 0.386479
0.328695 0.386479
0.327067 0.387402
0.327067 0.387402
0.325440 0.388325
0.323749 0.388539
0.323749 0.388539
0.322078 0.388912
0.322078 0.388912
0.320423 0.389423
0.320423 0.389423
0.318784 0.390054
0.318784 0.390054
0.317156 0.390785
0.315540 0.391596
0.315540 0.391596
0.313932 0.392469
0.313932 0.392469
0.312330 0.393383
0.312330 0.393383
0.310734 0.394320
0.309139 0.395259
0.309139 0.395259
0.307545 0.396181
0.307545 0.396181
0.305950 0.397068
0.305950 0.397068
0.304351 0.397899
0.304351 0.397899
0.302746 0.398655
0.301134 0.399317
0.301134 0.399317
0.299511 0.399864
0.299511 0.399864
0.297877 0.400279
0.297877 0.400279
0.296230 0.400540
