[CONTOUR]
0.433886 0.258083
0.433886 0.259678
0.433488 0.260210
0.426336 0.260210
0.425938 0.260742
0.417991 0.260742
0.411236 0.261274
0.410839 0.261806
0.402494 0.261806
0.402097 0.262338
0.396136 0.262338
0.395739 0.262870
0.392560 0.262870
0.392163 0.263401
0.389779 0.263401
0.389381 0.263933
0.386600 0.263933
0.381831 0.264465
0.381434 0.264997
0.376268 0.264997
0.375871 0.265529
0.371897 0.265529
0.371500 0.266061
0.368321 0.266061
0.367924 0.266593
0.365142 0.266593
0.364745 0.267124
0.362361 0.267124
0.359182 0.267656
0.358785 0.268188
0.355606 0.268188
0.355208 0.268720
0.351235 0.268720
0.350837 0.269252
0.346069 0.269252
0.345672 0.269784
0.341301 0.269784
0.340903 0.270316
0.336930 0.270316
0.332956 0.270847
0.332559 0.271379
0.329380 0.271379
0.328983 0.271911
0.323817 0.271911
0.323420 0.271379
0.319049 0.271379
0.318651 0.270847
0.316267 0.270847
0.315870 0.271379
0.310307 0.271379
0.305538 0.271911
0.305141 0.272443
0.301167 0.272443
0.300770 0.272975
0.294810 0.272975
0.294412 0.273507
0.291233 0.273507
0.290836 0.274038
0.288055 0.274038
0.287657 0.274570
0.284478 0.274570
0.280902 0.275102
0.280505 0.275634
0.278915 0.275634
0.278518 0.276166
0.277326 0.276166
0.276928 0.276698
0.274942 0.276698
0.274942 0.278825
0.276928 0.278825
0.277326 0.279357
0.277723 0.279357
0.278915 0.279889
0.279313 0.280421
0.280107 0.280421
0.280505 0.280953
0.281299 0.280953
0.281697 0.281484
0.282491 0.281484
0.282889 0.282016
0.283684 0.282016
0.284081 0.282548
0.285273 0.282548
0.287260 0.283080
0.287657 0.283612
0.288849 0.283612
0.289247 0.284144
0.290439 0.284144
0.290836 0.284675
0.291631 0.284675
0.292028 0.285207
0.293618 0.285207
0.294015 0.285739
0.295604 0.285739
0.297989 0.286271
0.298386 0.286803
0.300770 0.286803
0.301167 0.287335
0.303154 0.287335
0.303552 0.287867
0.303552 0.289462
0.353619 0.289462
0.353619 0.287867
0.354016 0.287335
0.356400 0.287335
0.356798 0.286803
0.361169 0.286271
0.363950 0.286271
0.364348 0.285739
0.367129 0.285739
0.367526 0.285207
0.370705 0.285207
0.371103 0.284675
0.373487 0.284675
0.373884 0.284144
0.377063 0.284144
0.377460 0.283612
0.381434 0.283080
0.385010 0.283080
0.385408 0.282548
0.388587 0.282548
0.388984 0.282016
0.392163 0.282016
0.392560 0.281484
0.395739 0.281484
0.396136 0.280953
0.399713 0.280953
0.400110 0.280421
0.404084 0.279889
0.406865 0.279889
0.407262 0.279357
0.410839 0.279357
0.411236 0.278825
0.414812 0.278825
0.415210 0.278293
0.417991 0.278293
0.418389 0.277761
0.420773 0.277761
0.421170 0.277230
0.424349 0.276698
0.427528 0.276698
0.427925 0.276166
0.429912 0.276166
0.430309 0.275634
0.432296 0.275634
0.432694 0.275102
0.434283 0.275102
0.434680 0.274570
0.436667 0.274570
0.437064 0.274038
0.439051 0.273507
0.440641 0.273507
0.441038 0.272975
0.442230 0.272975
0.442628 0.272443
0.443820 0.272443
0.444217 0.271911
0.445012 0.271911
0.445409 0.271379
0.446204 0.271379
0.446601 0.270847
0.447793 0.270316
0.448985 0.270316
0.449383 0.269784
0.450177 0.269784
0.450575 0.269252
0.451767 0.269252
0.452164 0.268720
0.452562 0.268720
0.452959 0.268188
0.454151 0.268188
0.454548 0.267656
0.455740 0.267124
0.456138 0.267124
0.456535 0.266593
0.457330 0.266593
0.457727 0.266061
0.458522 0.266061
0.458919 0.265529
0.459317 0.265529
0.459714 0.264997
0.460509 0.264997
0.460906 0.264465
0.461701 0.263933
0.462098 0.263933
0.462496 0.263401
0.463290 0.263401
0.463688 0.262870
0.464085 0.262870
0.464482 0.262338
0.465277 0.262338
0.465674 0.261806
0.466469 0.261806
0.466866 0.261274
0.467661 0.260742
0.468456 0.260742
0.468853 0.260210
0.469648 0.260210
0.470045 0.259678
0.470045 0.258083
[SKELETON]
0.463431 0.261546
0.463431 0.261546
0.461531 0.261847
0.461531 0.261847
0.459633 0.262150
0.459633 0.262150
0.457736 0.262454
0.457736 0.262454
0.455840 0.262759
0.455840 0.262759
0.453945 0.263065
0.453945 0.263065
0.452051 0.263373
0.452051 0.263373
0.450158 0.263681
0.450158 0.263681
0.448267 0.263990
0.448267 0.263990
0.446376 0.264299
0.446376 0.264299
0.444487 0.264609
0.444487 0.264609
0.442598 0.264920
0.442598 0.264920
0.440710 0.265231
0.440710 0.265231
0.438824 0.265542
0.438824 0.265542
0.436938 0.265853
0.436938 0.265853
0.435053 0.266164
0.435053 0.266164
0.433169 0.266475
0.433169 0.266475
0.431286 0.266786
0.431286 0.266786
0.429404 0.267097
0.429404 0.267097
0.427523 0.267407
0.427523 0.267407
0.427523 0.267407
0.425642 0.267717
0.425642 0.267717
0.423762 0.268026
0.423762 0.268026
0.421883 0.268334
0.421883 0.268334
0.420005 0.268642
0.420005 0.268642
0.418127 0.268949
0.418127 0.268949
0.416250 0.269255
0.416250 0.269255
0.414373 0.269559
0.414373 0.269559
0.412498 0.269863
0.412498 0.269863
0.410622 0.270165
0.410622 0.270165
0.408748 0.270465
0.408748 0.270465
0.406874 0.270765
0.406874 0.270765
0.405000 0.271062
0.405000 0.271062
0.403127 0.271358
0.403127 0.271358
0.401255 0.271652
0.401255 0.271652
0.399382 0.271943
0.399382 0.271943
0.397511 0.272233
0.397511 0.272233
0.395640 0.272521
0.395640 0.272521
0.393769 0.272806
0.393769 0.272806
0.391898 0.273090
0.391898 0.273090
0.390028 0.273370
0.390028 0.273370
0.390028 0.273370
0.388158 0.273648
0.388158 0.273648
0.386289 0.273923
0.386289 0.273923
0.384419 0.274196
0.384419 0.274196
0.382550 0.274466
0.382550 0.274466
0.380682 0.274732
0.380682 0.274732
0.378813 0.274996
0.378813 0.274996
0.376945 0.275256
0.376945 0.275256
0.375076 0.275513
0.375076 0.275513
0.373208 0.275767
0.373208 0.275767
0.371340 0.276017
0.371340 0.276017
0.369472 0.276264
0.369472 0.276264
0.367604 0.276506
0.367604 0.276506
0.365736 0.276744
0.365736 0.276744
0.363868 0.276978
0.363868 0.276978
0.362000 0.277207
0.362000 0.277207
0.360131 0.277431
0.360131 0.277431
0.358262 0.277649
0.358262 0.277649
0.356392 0.277862
0.356392 0.277862
0.354522 0.278068
0.354522 0.278068
0.354522 0.278068
0.352651 0.278268
0.352651 0.278268
0.350779 0.278461
0.350779 0.278461
0.348907 0.278647
0.348907 0.278647
0.347033 0.278826
0.347033 0.278826
0.345159 0.278998
0.345159 0.278998
0.343284 0.279161
0.343284 0.279161
0.341407 0.279316
0.341407 0.279316
0.339529 0.279462
0.339529 0.279462
0.337650 0.279600
0.337650 0.279600
0.335769 0.279728
0.335769 0.279728
0.333887 0.279847
0.333887 0.279847
0.332004 0.279957
0.332004 0.279957
0.330119 0.280056
0.330119 0.280056
0.328232 0.280144
0.328232 0.280144
0.326343 0.280222
0.326343 0.280222
0.324452 0.280289
0.324452 0.280289
0.322559 0.280345
0.322559 0.280345
0.320665 0.280389
0.320665 0.280389
0.318768 0.280421
0.318768 0.280421
0.316869 0.280440
0.316869 0.280440
0.316869 0.280440
0.314967 0.280447
0.314967 0.280447
0.313064 0.280441
0.313064 0.280441
0.311157 0.280423
0.311157 0.280423
0.309249 0.280390
0.309249 0.280390
0.307337 0.280344
0.307337 0.280344
0.305423 0.280283
0.305423 0.280283
0.303506 0.280209
0.303506 0.280209
0.301586 0.280119
0.301586 0.280119
0.299663 0.280014
0.299663 0.280014
0.297737 0.279894
0.297737 0.279894
0.295808 0.279759
0.295808 0.279759
0.293876 0.279607
0.293876 0.279607
0.291941 0.279439
0.291941 0.279439
0.290002 0.279255
0.290002 0.279255
0.288060 0.279053
0.288060 0.279053
0.286114 0.278835
0.286114 0.278835
0.284164 0.278599
0.284164 0.278599
0.282211 0.278345
0.282211 0.278345
0.280254 0.278073
0.280254 0.278073
