[CONTOUR]
0.438554 0.245735
0.438131 0.247632
0.437285 0.248011
0.436017 0.248391
0.435171 0.248770
0.434325 0.249150
0.433057 0.249909
0.432211 0.250288
0.430942 0.251047
0.429674 0.251806
0.428828 0.252185
0.427983 0.252565
0.426714 0.253324
0.425445 0.253703
0.424600 0.254083
0.423754 0.254462
0.422908 0.254842
0.422063 0.255221
0.420371 0.256360
0.419526 0.256739
0.418257 0.257498
0.416989 0.257877
0.415720 0.258636
0.414451 0.259016
0.413183 0.259775
0.412337 0.260154
0.411491 0.260534
0.410646 0.260913
0.409377 0.261672
0.408532 0.262052
0.407263 0.262431
0.405994 0.262810
0.404726 0.263190
0.403457 0.263569
0.401766 0.263949
0.400920 0.264328
0.399652 0.264708
0.398806 0.265087
0.396692 0.265846
0.395423 0.266226
0.394155 0.266605
0.392463 0.266985
0.390772 0.267364
0.386544 0.267744
0.384429 0.268123
0.381469 0.268502
0.378509 0.268882
0.375972 0.269261
0.373435 0.270020
0.370475 0.270400
0.367938 0.270779
0.365824 0.271159
0.363710 0.271538
0.359058 0.271918
0.357367 0.272297
0.355253 0.272677
0.351870 0.273056
0.349333 0.273435
0.347219 0.274194
0.345104 0.274574
0.342567 0.274953
0.340876 0.275333
0.339185 0.275712
0.336225 0.276092
0.334533 0.276471
0.333265 0.276851
0.331151 0.277230
0.329036 0.277610
0.326922 0.278369
0.325231 0.278748
0.323539 0.279127
0.322271 0.279507
0.320579 0.279886
0.318042 0.280266
0.312968 0.280645
0.310008 0.281025
0.308317 0.281404
0.306625 0.281784
0.303665 0.282543
0.301551 0.282922
0.299860 0.283302
0.297323 0.283681
0.294363 0.284060
0.290980 0.284440
0.288866 0.284819
0.286329 0.285199
0.284214 0.285578
0.281677 0.285958
0.278717 0.286717
0.274912 0.287096
0.271952 0.287476
0.269838 0.287855
0.268146 0.288235
0.263072 0.288614
0.261381 0.288994
0.258844 0.289373
0.256729 0.289752
0.255038 0.290132
0.253347 0.290891
0.252078 0.291270
0.250387 0.291650
0.249118 0.292029
0.247427 0.292409
0.245735 0.292788
0.244467 0.293168
0.242775 0.293547
0.241084 0.293927
0.239393 0.294685
0.237701 0.295065
0.236433 0.295444
0.234318 0.295824
0.233473 0.296203
0.236856 0.298480
0.237278 0.296962
0.238547 0.296583
0.245313 0.296962
0.270260 0.296583
0.282523 0.296203
0.287174 0.295824
0.293940 0.295444
0.299014 0.295065
0.302397 0.294685
0.306203 0.293927
0.310008 0.293547
0.312968 0.293168
0.315505 0.292788
0.318042 0.292409
0.323116 0.292029
0.325231 0.291650
0.327345 0.291270
0.330305 0.290891
0.332419 0.290511
0.334533 0.289752
0.336225 0.289373
0.338339 0.288994
0.340030 0.288614
0.341722 0.288235
0.344682 0.287855
0.345950 0.287476
0.348064 0.287096
0.350179 0.286717
0.352293 0.286337
0.354407 0.285578
0.356098 0.285199
0.357790 0.284819
0.359058 0.284440
0.360327 0.284060
0.362864 0.283681
0.364555 0.283302
0.365401 0.282922
0.366670 0.282543
0.367938 0.282163
0.369630 0.281404
0.370898 0.281025
0.374704 0.281404
0.376395 0.281784
0.378087 0.281404
0.382738 0.281025
0.384852 0.280645
0.386544 0.280266
0.388235 0.279886
0.389926 0.279507
0.391618 0.278748
0.393309 0.278369
0.395000 0.277989
0.395846 0.277610
0.397115 0.277230
0.399229 0.276851
0.400497 0.276471
0.401343 0.276092
0.402612 0.275712
0.403880 0.275333
0.405149 0.274574
0.405994 0.274194
0.406840 0.273815
0.407686 0.273435
0.408532 0.273056
0.410223 0.272677
0.411069 0.272297
0.412337 0.271538
0.413183 0.271159
0.414029 0.270779
0.415720 0.269641
0.416566 0.269261
0.418257 0.268123
0.419103 0.267744
0.420371 0.266985
0.422063 0.266226
0.423754 0.265087
0.425023 0.264328
0.426291 0.263569
0.428405 0.262052
0.432634 0.258636
0.436862 0.255221
0.439399 0.252565
0.441091 0.250668
0.441514 0.249909
0.442359 0.248391
0.442782 0.247632
0.443205 0.245735
[SKELETON]
0.440889 0.246815
0.439432 0.248277
0.439432 0.248277
0.437952 0.249687
0.437952 0.249687
0.436447 0.251045
0.436447 0.251045
0.434919 0.252352
0.434919 0.252352
0.433368 0.253610
0.433368 0.253610
0.431795 0.254821
0.431795 0.254821
0.430201 0.255985
0.430201 0.255985
0.428586 0.257104
0.428586 0.257104
0.426951 0.258179
0.426951 0.258179
0.425296 0.259211
0.425296 0.259211
0.423622 0.260202
0.423622 0.260202
0.421930 0.261153
0.421930 0.261153
0.420219 0.262066
0.420219 0.262066
0.418492 0.262941
0.418492 0.262941
0.416748 0.263780
0.414987 0.264584
0.414987 0.264584
0.413212 0.265355
0.413212 0.265355
0.411421 0.266094
0.411421 0.266094
0.409617 0.266801
0.409617 0.266801
0.407798 0.267480
0.407798 0.267480
0.405967 0.268130
0.405967 0.268130
0.404123 0.268753
0.404123 0.268753
0.402268 0.269351
0.402268 0.269351
0.400401 0.269924
0.400401 0.269924
0.398523 0.270474
0.398523 0.270474
0.396636 0.271003
0.396636 0.271003
0.394739 0.271511
0.394739 0.271511
0.392833 0.272000
0.392833 0.272000
0.390919 0.272472
0.388998 0.272926
0.388998 0.272926
0.387069 0.273366
0.387069 0.273366
0.385134 0.273792
0.385134 0.273792
0.383194 0.274205
0.383194 0.274205
0.381248 0.274607
0.381248 0.274607
0.379297 0.274998
0.379297 0.274998
0.377342 0.275381
0.377342 0.275381
0.375384 0.275757
0.375384 0.275757
0.373423 0.276126
0.373423 0.276126
0.371460 0.276491
0.371460 0.276491
0.369495 0.276851
0.369495 0.276851
0.367529 0.277210
0.367529 0.277210
0.365563 0.277567
0.365563 0.277567
0.363596 0.277924
0.363596 0.277924
0.361629 0.278280
0.359661 0.278635
0.359661 0.278635
0.357693 0.278990
0.357693 0.278990
0.355725 0.279344
0.355725 0.279344
0.353757 0.279697
0.353757 0.279697
0.351788 0.280049
0.351788 0.280049
0.349819 0.280402
0.349819 0.280402
0.347850 0.280753
0.347850 0.280753
0.345881 0.281104
0.345881 0.281104
0.343911 0.281454
0.343911 0.281454
0.341941 0.281804
0.341941 0.281804
0.339970 0.282153
0.339970 0.282153
0.338000 0.282501
0.338000 0.282501
0.336029 0.282849
0.336029 0.282849
0.334057 0.283195
0.334057 0.283195
0.332085 0.283540
0.330112 0.283883
0.330112 0.283883
0.328138 0.284225
0.328138 0.284225
0.326164 0.284565
0.326164 0.284565
0.324188 0.284903
0.324188 0.284903
0.322212 0.285238
0.322212 0.285238
0.320234 0.285571
0.320234 0.285571
0.318255 0.285902
0.318255 0.285902
0.316275 0.286230
0.316275 0.286230
0.314293 0.286554
0.314293 0.286554
0.312310 0.286876
0.312310 0.286876
0.310326 0.287194
0.310326 0.287194
0.308339 0.287508
0.308339 0.287508
0.306351 0.287819
0.306351 0.287819
0.304362 0.288126
0.304362 0.288126
0.302370 0.288429
0.300376 0.288727
0.300376 0.288727
0.298380 0.289021
0.298380 0.289021
0.296383 0.289311
0.296383 0.289311
0.294382 0.289595
0.294382 0.289595
0.292380 0.289874
0.292380 0.289874
0.290375 0.290148
0.290375 0.290148
0.288367 0.290417
0.288367 0.290417
0.286357 0.290680
0.286357 0.290680
0.284345 0.290937
0.284345 0.290937
0.282329 0.291189
0.282329 0.291189
0.280311 0.291434
0.280311 0.291434
0.278290 0.291672
0.278290 0.291672
0.276265 0.291904
0.276265 0.291904
0.274238 0.292130
0.272207 0.292348
0.272207 0.292348
0.270174 0.292560
0.270174 0.292560
0.268136 0.292764
0.268136 0.292764
0.266096 0.292960
0.266096 0.292960
0.264051 0.293149
0.264051 0.293149
0.262003 0.293330
0.262003 0.293330
0.259952 0.293503
0.259952 0.293503
0.257896 0.293668
0.257896 0.293668
0.255837 0.293824
0.255837 0.293824
0.253774 0.293972
0.253774 0.293972
0.251707 0.294111
0.251707 0.294111
0.249635 0.294241
0.249635 0.294241
0.247560 0.294362
0.247560 0.294362
0.245479 0.294473
0.245479 0.294473
0.243395 0.294575
