[CONTOUR]
0.776018 0.319103
0.776468 0.320315
0.777367 0.320718
0.778717 0.321122
0.779617 0.321526
0.781417 0.322334
0.782317 0.322737
0.783217 0.323141
0.784567 0.323545
0.785467 0.323949
0.786817 0.324353
0.788167 0.324756
0.789517 0.325160
0.790867 0.325564
0.793117 0.325968
0.794467 0.326372
0.796717 0.326776
0.798067 0.327179
0.799867 0.327583
0.801667 0.327987
0.803916 0.328391
0.805266 0.328795
0.807066 0.329198
0.809766 0.330006
0.812016 0.330410
0.813816 0.330814
0.815616 0.331218
0.817416 0.331621
0.819666 0.332025
0.821466 0.332429
0.823266 0.332833
0.825066 0.333237
0.828665 0.333640
0.830465 0.334044
0.832715 0.334448
0.834965 0.334852
0.837215 0.335256
0.839015 0.335659
0.840815 0.336063
0.843065 0.336467
0.844865 0.336871
0.846665 0.337679
0.848465 0.338082
0.850265 0.338486
0.852064 0.338890
0.853864 0.339294
0.855214 0.339698
0.857464 0.340101
0.858814 0.340505
0.860164 0.340909
0.863314 0.341313
0.865114 0.341717
0.866914 0.342121
0.868264 0.342524
0.870514 0.342928
0.872314 0.343332
0.874114 0.343736
0.875914 0.344140
0.878163 0.344543
0.880863 0.345351
0.882663 0.345755
0.884463 0.346159
0.886713 0.346562
0.888963 0.346966
0.890763 0.347370
0.893013 0.347774
0.895713 0.348178
0.897963 0.348582
0.902012 0.348985
0.904262 0.349389
0.906062 0.349793
0.908312 0.350197
0.910112 0.350601
0.912812 0.351004
0.915062 0.351408
0.917312 0.351812
0.919562 0.352216
0.922262 0.353024
0.924512 0.353427
0.926761 0.353831
0.929011 0.354235
0.931711 0.354639
0.933961 0.355043
0.935761 0.355446
0.938011 0.355850
0.940261 0.356254
0.943861 0.356658
0.945661 0.357062
0.948361 0.357466
0.950611 0.357869
0.952410 0.358273
0.954660 0.358677
0.956910 0.359081
0.959160 0.359485
0.961410 0.359888
0.964560 0.360696
0.967260 0.361100
0.969960 0.361504
0.972660 0.361907
0.975360 0.362311
0.976709 0.362715
0.991559 0.363927
0.991109 0.362311
0.989759 0.361504
0.988409 0.360696
0.986159 0.360292
0.985259 0.359888
0.983909 0.359485
0.983009 0.359081
0.981659 0.358677
0.980759 0.358273
0.979859 0.357869
0.978959 0.357466
0.977609 0.357062
0.976259 0.356254
0.974910 0.355850
0.974010 0.355446
0.972660 0.355043
0.971760 0.354639
0.970410 0.354235
0.969510 0.353831
0.968160 0.353427
0.966810 0.353024
0.965010 0.352620
0.963660 0.352216
0.962310 0.351812
0.960960 0.351408
0.959610 0.351004
0.958710 0.350601
0.957360 0.350197
0.956010 0.349793
0.954660 0.349389
0.952860 0.348582
0.951510 0.348178
0.949711 0.347774
0.947911 0.347370
0.946561 0.346966
0.945211 0.346562
0.942961 0.346159
0.941611 0.345755
0.939811 0.345351
0.936661 0.344947
0.934861 0.344543
0.933061 0.344140
0.931261 0.343736
0.929011 0.343332
0.927211 0.342928
0.925862 0.342524
0.924062 0.342121
0.921812 0.341717
0.919562 0.340909
0.917762 0.340505
0.916412 0.340101
0.914162 0.339698
0.912362 0.339294
0.911012 0.338890
0.909212 0.338486
0.906962 0.338082
0.905162 0.337679
0.902912 0.337275
0.900663 0.336871
0.898863 0.336467
0.897063 0.336063
0.895263 0.335659
0.893013 0.335256
0.890763 0.334852
0.888963 0.334448
0.887163 0.334044
0.884463 0.333237
0.882213 0.332833
0.880413 0.332429
0.878613 0.332025
0.876364 0.331621
0.874564 0.331218
0.872764 0.330814
0.870964 0.330410
0.869164 0.330006
0.866014 0.329602
0.864664 0.329198
0.862414 0.328795
0.860164 0.328391
0.858814 0.327987
0.856564 0.327583
0.853864 0.327179
0.851615 0.326776
0.849815 0.326372
0.847115 0.325564
0.844415 0.325160
0.841715 0.324756
0.839465 0.324353
0.837215 0.323949
0.833165 0.323545
0.830015 0.323141
0.826866 0.322737
0.823716 0.322334
0.816516 0.321930
0.813816 0.321526
0.810666 0.321122
0.807966 0.320718
0.807516 0.319103
[SKELETON]
0.783838 0.320753
0.783838 0.320753
0.785957 0.321105
0.785957 0.321105
0.788075 0.321458
0.788075 0.321458
0.790193 0.321813
0.790193 0.321813
0.792311 0.322169
0.792311 0.322169
0.794427 0.322527
0.794427 0.322527
0.796543 0.322887
0.796543 0.322887
0.798657 0.323248
0.798657 0.323248
0.800772 0.323610
0.800772 0.323610
0.802885 0.323975
0.802885 0.323975
0.804998 0.324341
0.804998 0.324341
0.807110 0.324708
0.807110 0.324708
0.809221 0.325077
0.809221 0.325077
0.811332 0.325448
0.811332 0.325448
0.813442 0.325820
0.813442 0.325820
0.815551 0.326194
0.815551 0.326194
0.817659 0.326569
0.817659 0.326569
0.819767 0.326946
0.819767 0.326946
0.821874 0.327324
0.821874 0.327324
0.823980 0.327704
0.823980 0.327704
0.823980 0.327704
0.826085 0.328086
0.826085 0.328086
0.828190 0.328469
0.828190 0.328469
0.830294 0.328854
0.830294 0.328854
0.832398 0.329240
0.832398 0.329240
0.834500 0.329627
0.834500 0.329627
0.836602 0.330016
0.836602 0.330016
0.838704 0.330407
0.838704 0.330407
0.840804 0.330799
0.840804 0.330799
0.842904 0.331193
0.842904 0.331193
0.845003 0.331588
0.845003 0.331588
0.847102 0.331985
0.847102 0.331985
0.849200 0.332383
0.849200 0.332383
0.851297 0.332783
0.851297 0.332783
0.853393 0.333184
0.853393 0.333184
0.855489 0.333587
0.855489 0.333587
0.857584 0.333991
0.857584 0.333991
0.859678 0.334397
0.859678 0.334397
0.861772 0.334804
0.861772 0.334804
0.863865 0.335213
0.863865 0.335213
0.865957 0.335623
0.865957 0.335623
0.865957 0.335623
0.868049 0.336035
0.868049 0.336035
0.870140 0.336448
0.870140 0.336448
0.872230 0.336862
0.872230 0.336862
0.874320 0.337278
0.874320 0.337278
0.876409 0.337696
0.876409 0.337696
0.878497 0.338115
0.878497 0.338115
0.880585 0.338535
0.880585 0.338535
0.882671 0.338957
0.882671 0.338957
0.884758 0.339380
0.884758 0.339380
0.886843 0.339805
0.886843 0.339805
0.888928 0.340231
0.888928 0.340231
0.891013 0.340658
0.891013 0.340658
0.893096 0.341087
0.893096 0.341087
0.895179 0.341517
0.895179 0.341517
0.897262 0.341949
0.897262 0.341949
0.899343 0.342382
0.899343 0.342382
0.901424 0.342817
0.901424 0.342817
0.903505 0.343253
0.903505 0.343253
0.905584 0.343690
0.905584 0.343690
0.905584 0.343690
0.907663 0.344129
0.907663 0.344129
0.909742 0.344569
0.909742 0.344569
0.911820 0.345011
0.911820 0.345011
0.913897 0.345454
0.913897 0.345454
0.915973 0.345898
0.915973 0.345898
0.918049 0.346344
0.918049 0.346344
0.920125 0.346791
0.920125 0.346791
0.922199 0.347240
0.922199 0.347240
0.924273 0.347689
0.924273 0.347689
0.926347 0.348141
0.926347 0.348141
0.928419 0.348593
0.928419 0.348593
0.930491 0.349047
0.930491 0.349047
0.932563 0.349502
0.932563 0.349502
0.934634 0.349959
0.934634 0.349959
0.936704 0.350417
0.936704 0.350417
0.938774 0.350876
0.938774 0.350876
0.940843 0.351337
0.940843 0.351337
0.942911 0.351799
0.942911 0.351799
0.944979 0.352262
0.944979 0.352262
0.947046 0.352727
0.947046 0.352727
0.947046 0.352727
0.949112 0.353193
0.949112 0.353193
0.951178 0.353660
0.951178 0.353660
0.953244 0.354128
0.953244 0.354128
0.955308 0.354598
0.955308 0.354598
0.957373 0.355070
0.957373 0.355070
0.959436 0.355542
0.959436 0.355542
0.961499 0.356016
0.961499 0.356016
0.963561 0.356491
0.963561 0.356491
0.965623 0.356967
0.965623 0.356967
0.967684 0.357445
0.967684 0.357445
0.969745 0.357924
0.969745 0.357924
0.971805 0.358404
0.971805 0.358404
0.973864 0.358886
0.973864 0.358886
0.975923 0.359368
0.975923 0.359368
0.977981 0.359852
0.977981 0.359852
0.980039 0.360338
0.980039 0.360338
0.982096 0.360824
0.982096 0.360824
0.984152 0.361312
0.984152 0.361312
0.986208 0.361801
0.986208 0.361801
