[CONTOUR]
0.586293 0.416374
0.585429 0.418312
0.584997 0.421412
0.584565 0.428001
0.584133 0.430327
0.583269 0.433427
0.582837 0.437691
0.582405 0.440016
0.581542 0.442342
0.581110 0.444667
0.580678 0.448543
0.579814 0.450481
0.579382 0.451644
0.578950 0.454357
0.578518 0.455519
0.577655 0.457457
0.577223 0.460170
0.576791 0.461721
0.575927 0.463659
0.575495 0.465209
0.575063 0.467534
0.574200 0.469472
0.573768 0.471410
0.573336 0.474511
0.572904 0.476061
0.572040 0.478774
0.571608 0.481487
0.571176 0.483038
0.570312 0.485751
0.569881 0.487301
0.569449 0.490402
0.568585 0.492340
0.568153 0.493890
0.567721 0.496216
0.566857 0.497378
0.565562 0.525672
0.567721 0.527222
0.568153 0.527997
0.569017 0.529547
0.569449 0.531098
0.569881 0.531873
0.570744 0.533036
0.571176 0.534198
0.571608 0.535361
0.572472 0.536524
0.572904 0.537299
0.573336 0.538462
0.573768 0.539237
0.574631 0.540400
0.575495 0.541950
0.575927 0.542725
0.576791 0.543888
0.577223 0.544663
0.577655 0.545826
0.578518 0.546989
0.579382 0.548151
0.579814 0.549314
0.580246 0.550089
0.581110 0.551252
0.581542 0.552415
0.582405 0.553578
0.583269 0.554740
0.583701 0.555515
0.584565 0.557453
0.585861 0.559004
0.586293 0.559779
0.586724 0.560942
0.587588 0.562104
0.588452 0.563267
0.588884 0.564430
0.589748 0.565593
0.590611 0.566755
0.591475 0.567918
0.592339 0.569856
0.593203 0.571019
0.593635 0.571794
0.594498 0.573344
0.594930 0.574119
0.595794 0.575282
0.596226 0.576445
0.596658 0.577220
0.597954 0.578770
0.598385 0.579545
0.598817 0.580708
0.600113 0.582259
0.600545 0.583421
0.601409 0.584972
0.601841 0.585747
0.602704 0.586909
0.603568 0.588847
0.604432 0.590010
0.605728 0.591560
0.606160 0.592336
0.607023 0.593886
0.608319 0.595436
0.609183 0.596599
0.610047 0.598149
0.610910 0.599312
0.612206 0.600862
0.613070 0.602413
0.613934 0.603575
0.621276 0.610552
0.624299 0.610940
0.624731 0.610164
0.624731 0.608614
0.624299 0.607451
0.623435 0.605901
0.623003 0.603963
0.622571 0.602800
0.621708 0.601250
0.621276 0.600475
0.620844 0.598925
0.619980 0.597374
0.619548 0.596599
0.619116 0.595049
0.618684 0.593886
0.617821 0.592336
0.617389 0.591173
0.616957 0.590010
0.616093 0.588460
0.615661 0.587685
0.615229 0.586522
0.614366 0.584972
0.613934 0.584196
0.613502 0.582646
0.613070 0.581871
0.612206 0.580708
0.611774 0.579158
0.611342 0.578383
0.610478 0.576832
0.610047 0.576057
0.609615 0.574894
0.608751 0.573732
0.608319 0.572957
0.607887 0.571406
0.607455 0.570631
0.606591 0.569468
0.606160 0.568306
0.605728 0.567530
0.604864 0.566368
0.604432 0.565205
0.604000 0.564042
0.603136 0.562879
0.602704 0.562104
0.602273 0.560942
0.601841 0.560166
0.600977 0.559004
0.600545 0.557841
0.600113 0.557066
0.599249 0.555515
0.598817 0.554740
0.598385 0.553578
0.597522 0.552415
0.597090 0.551640
0.596658 0.550477
0.596226 0.549314
0.595362 0.548151
0.594930 0.546989
0.594498 0.546213
0.593203 0.544276
0.592771 0.543113
0.592339 0.541563
0.591475 0.540400
0.591043 0.539625
0.590611 0.538074
0.590180 0.537299
0.589316 0.536136
0.588884 0.534586
0.588452 0.533423
0.587588 0.532261
0.587156 0.530323
0.586724 0.529547
0.585861 0.527997
0.585429 0.526834
0.584997 0.525284
0.584133 0.523346
0.583701 0.521796
0.583269 0.519083
0.582837 0.517145
0.581974 0.512881
0.582405 0.505517
0.582837 0.502804
0.583701 0.500091
0.584133 0.497766
0.584565 0.492727
0.585429 0.490014
0.585861 0.487689
0.586293 0.481487
0.586724 0.477999
0.587588 0.473348
0.588020 0.465209
0.588452 0.460946
0.589316 0.457070
0.589748 0.451256
0.589316 0.430327
0.588452 0.425676
0.588020 0.422575
0.587588 0.419474
0.587156 0.418699
0.586293 0.417149
[SKELETON]
0.586450 0.423127
0.586535 0.424875
0.586535 0.424875
0.586590 0.426632
0.586590 0.426632
0.586618 0.428399
0.586618 0.428399
0.586617 0.430173
0.586617 0.430173
0.586589 0.431956
0.586589 0.431956
0.586535 0.433746
0.586456 0.435543
0.586456 0.435543
0.586352 0.437346
0.586352 0.437346
0.586224 0.439156
0.586224 0.439156
0.586073 0.440971
0.586073 0.440971
0.585899 0.442790
0.585899 0.442790
0.585704 0.444615
0.585704 0.444615
0.585488 0.446443
0.585252 0.448274
0.585252 0.448274
0.584997 0.450109
0.584997 0.450109
0.584723 0.451946
0.584723 0.451946
0.584431 0.453785
0.584431 0.453785
0.584122 0.455625
0.584122 0.455625
0.583798 0.457467
0.583457 0.459309
0.583457 0.459309
0.583102 0.461151
0.583102 0.461151
0.582733 0.462992
0.582733 0.462992
0.582351 0.464832
0.582351 0.464832
0.581957 0.466671
0.581957 0.466671
0.581551 0.468507
0.581135 0.470342
0.581135 0.470342
0.580709 0.472173
0.580709 0.472173
0.580276 0.474001
0.580276 0.474001
0.579840 0.475826
0.579840 0.475826
0.579402 0.477648
0.579402 0.477648
0.578965 0.479466
0.578965 0.479466
0.578533 0.481281
0.578107 0.483092
0.578107 0.483092
0.577690 0.484899
0.577690 0.484899
0.577285 0.486702
0.577285 0.486702
0.576895 0.488501
0.576895 0.488501
0.576522 0.490296
0.576522 0.490296
0.576168 0.492086
0.575838 0.493872
0.575838 0.493872
0.575532 0.495652
0.575532 0.495652
0.575254 0.497429
0.575254 0.497429
0.575006 0.499200
0.575006 0.499200
0.574792 0.500965
0.574792 0.500965
0.574613 0.502726
0.574472 0.504481
0.574472 0.504481
0.574373 0.506231
0.574373 0.506231
0.574317 0.507975
0.574317 0.507975
0.574307 0.509713
0.574307 0.509713
0.574347 0.511445
0.574347 0.511445
0.574437 0.513171
0.574437 0.513171
0.574583 0.514891
0.574784 0.516604
0.574784 0.516604
0.575044 0.518311
0.575044 0.518311
0.575358 0.520011
0.575358 0.520011
0.575726 0.521706
0.575726 0.521706
0.576145 0.523395
0.576145 0.523395
0.576613 0.525079
0.577126 0.526757
0.577126 0.526757
0.577684 0.528430
0.577684 0.528430
0.578284 0.530098
0.578284 0.530098
0.578923 0.531761
0.578923 0.531761
0.579600 0.533420
0.579600 0.533420
0.580311 0.535075
0.580311 0.535075
0.581056 0.536726
0.581830 0.538373
0.581830 0.538373
0.582633 0.540017
0.582633 0.540017
0.583462 0.541657
0.583462 0.541657
0.584314 0.543295
0.584314 0.543295
0.585188 0.544929
0.585188 0.544929
0.586081 0.546561
0.586991 0.548190
0.586991 0.548190
0.587916 0.549817
0.587916 0.549817
0.588852 0.551442
0.588852 0.551442
0.589799 0.553065
0.589799 0.553065
0.590754 0.554687
0.590754 0.554687
0.591714 0.556308
0.592677 0.557927
0.592677 0.557927
0.593641 0.559546
0.593641 0.559546
0.594604 0.561164
0.594604 0.561164
0.595564 0.562781
0.595564 0.562781
0.596519 0.564398
0.596519 0.564398
0.597470 0.566015
0.597470 0.566015
0.598417 0.567632
0.599360 0.569248
0.599360 0.569248
0.600299 0.570864
0.600299 0.570864
0.601235 0.572479
0.601235 0.572479
0.602167 0.574095
0.602167 0.574095
0.603096 0.575710
0.603096 0.575710
0.604022 0.577324
0.604944 0.578939
0.604944 0.578939
0.605863 0.580553
0.605863 0.580553
0.606779 0.582167
0.606779 0.582167
0.607692 0.583781
0.607692 0.583781
0.608603 0.585395
0.608603 0.585395
0.609511 0.587009
0.610416 0.588622
0.610416 0.588622
0.611319 0.590235
0.611319 0.590235
0.612220 0.591848
0.612220 0.591848
0.613119 0.593461
0.613119 0.593461
0.614015 0.595074
0.614015 0.595074
0.614910 0.596687
0.614910 0.596687
0.615803 0.598299
0.616694 0.599912
0.616694 0.599912
0.617584 0.601524
0.617584 0.601524
0.618472 0.603136
0.618472 0.603136
0.619358 0.604749
0.619358 0.604749
0.620244 0.606361
0.620244 0.606361
0.621128 0.607973
