[CONTOUR]
0.701397 0.579732
0.701106 0.579994
0.700814 0.579994
0.700522 0.580256
0.700522 0.580517
0.700231 0.580779
0.700231 0.582612
0.700522 0.582873
0.700522 0.583135
0.700814 0.583397
0.700814 0.583659
0.701106 0.583920
0.701106 0.584182
0.701397 0.584444
0.701397 0.584706
0.701689 0.584968
0.701689 0.585229
0.701981 0.585491
0.701981 0.585753
0.702564 0.586276
0.702564 0.586538
0.703148 0.587062
0.703148 0.587323
0.703439 0.587585
0.703439 0.587847
0.703731 0.588109
0.704606 0.588109
0.704606 0.584182
0.704314 0.583920
0.704314 0.582612
0.704023 0.582350
0.704023 0.581565
0.703731 0.581303
0.703731 0.580517
0.703439 0.580256
0.703439 0.579994
0.703148 0.579994
0.702856 0.579732
[CONTOUR]
0.560216 0.469265
0.563717 0.472930
0.565758 0.474239
0.569842 0.477380
0.573926 0.480522
0.576551 0.482354
0.578593 0.483925
0.580927 0.485495
0.582969 0.486804
0.584719 0.487851
0.585885 0.488375
0.587636 0.489422
0.589094 0.490207
0.590553 0.491254
0.592303 0.492301
0.593761 0.493086
0.595220 0.493872
0.596095 0.494134
0.597262 0.494657
0.598720 0.495442
0.599595 0.495966
0.600762 0.496489
0.602221 0.497275
0.603387 0.497798
0.604262 0.498060
0.605429 0.498584
0.607179 0.499369
0.608346 0.499892
0.609805 0.500678
0.611263 0.501463
0.612722 0.501987
0.614180 0.502510
0.615347 0.503034
0.617097 0.503819
0.618556 0.504604
0.619431 0.505128
0.620597 0.505651
0.621764 0.506175
0.622639 0.506437
0.623806 0.506960
0.624973 0.507484
0.626140 0.508007
0.627306 0.508793
0.628473 0.509316
0.629640 0.509840
0.630807 0.510363
0.631682 0.510625
0.632849 0.511149
0.634015 0.511672
0.634891 0.512196
0.636349 0.512981
0.637516 0.513504
0.638683 0.514028
0.639558 0.514290
0.641016 0.515075
0.642183 0.515599
0.643641 0.516384
0.644517 0.516907
0.645683 0.517431
0.647142 0.518216
0.648017 0.518478
0.649475 0.519263
0.651226 0.520310
0.652976 0.521358
0.654726 0.522666
0.663769 0.530258
0.667269 0.533922
0.668144 0.535231
0.670478 0.537849
0.672519 0.540205
0.674561 0.542561
0.676312 0.544393
0.678062 0.546487
0.679812 0.548582
0.681854 0.550937
0.682729 0.552246
0.684479 0.554341
0.685354 0.555649
0.686229 0.556696
0.687104 0.558005
0.687979 0.559314
0.689438 0.561147
0.689730 0.561932
0.690313 0.564288
0.690896 0.567953
0.691480 0.569785
0.692063 0.570570
0.692938 0.572141
0.694397 0.573973
0.696439 0.573450
0.699064 0.570570
0.699647 0.569261
0.699647 0.565335
0.699064 0.564026
0.698480 0.561932
0.697897 0.560361
0.697605 0.559052
0.697022 0.557220
0.696439 0.555649
0.695855 0.554341
0.695272 0.553293
0.694688 0.551723
0.694105 0.550152
0.693522 0.548843
0.693230 0.548058
0.692647 0.546749
0.692063 0.545702
0.691480 0.544917
0.690896 0.543870
0.690313 0.542823
0.689438 0.541514
0.689146 0.540728
0.687979 0.539158
0.687104 0.537849
0.685937 0.536540
0.684771 0.534970
0.683312 0.533137
0.681270 0.530781
0.680395 0.529472
0.677770 0.526593
0.665810 0.515860
0.662602 0.513504
0.660852 0.512196
0.658518 0.510625
0.656768 0.509578
0.655893 0.509316
0.654434 0.508531
0.652976 0.507746
0.651517 0.506960
0.650642 0.506437
0.649475 0.505913
0.647725 0.505390
0.645683 0.504604
0.644225 0.503819
0.642475 0.502772
0.641016 0.501987
0.639849 0.501463
0.638391 0.500678
0.637224 0.500154
0.636057 0.499631
0.635182 0.499369
0.634015 0.498845
0.632849 0.498322
0.631974 0.497798
0.630807 0.497275
0.629640 0.496751
0.628182 0.496228
0.627306 0.495966
0.625848 0.495442
0.624681 0.494919
0.623223 0.494395
0.622348 0.493872
0.621181 0.493348
0.620014 0.492825
0.618847 0.492563
0.617389 0.492039
0.616222 0.491516
0.614763 0.490992
0.613888 0.490469
0.612138 0.489945
0.610971 0.489422
0.609513 0.488898
0.608638 0.488636
0.607179 0.488113
0.606013 0.487589
0.605137 0.487066
0.603971 0.486542
0.602512 0.486019
0.601345 0.485495
0.600470 0.485233
0.599304 0.484710
0.598137 0.484186
0.596678 0.483401
0.595511 0.482877
0.594345 0.482354
0.593178 0.481830
0.592303 0.481569
0.591136 0.481045
0.589678 0.480522
0.588511 0.479998
0.587636 0.479474
0.586469 0.478951
0.585302 0.478427
0.584427 0.478166
0.583260 0.477642
0.582093 0.477119
0.580927 0.476595
0.579760 0.476071
0.578593 0.475548
0.577135 0.475024
0.575968 0.474763
0.574509 0.474239
0.573051 0.473716
0.571884 0.473192
0.570717 0.472668
0.569259 0.472145
0.567800 0.471621
0.566634 0.471098
0.565758 0.470836
0.564592 0.469265
[SKELETON]
0.564493 0.470912
0.565608 0.471700
0.565608 0.471700
0.566728 0.472476
0.567853 0.473239
0.568984 0.473989
0.568984 0.473989
0.570120 0.474728
0.571261 0.475455
0.571261 0.475455
0.572407 0.476171
0.573557 0.476876
0.574713 0.477571
0.574713 0.477571
0.575872 0.478255
0.577037 0.478929
0.577037 0.478929
0.578205 0.479593
0.579378 0.480248
0.580554 0.480894
0.580554 0.480894
0.581735 0.481531
0.582919 0.482160
0.582919 0.482160
0.584106 0.482780
0.585297 0.483393
0.586492 0.483999
0.586492 0.483999
0.587689 0.484597
0.588890 0.485189
0.588890 0.485189
0.590094 0.485774
0.591300 0.486352
0.592509 0.486925
0.592509 0.486925
0.593720 0.487493
0.594934 0.488055
0.594934 0.488055
0.596150 0.488612
0.597368 0.489165
0.598588 0.489713
0.598588 0.489713
0.599810 0.490257
0.601034 0.490798
0.601034 0.490798
0.602259 0.491336
0.603485 0.491870
0.604713 0.492402
0.604713 0.492402
0.605942 0.492931
0.607172 0.493459
0.607172 0.493459
0.608403 0.493984
0.609635 0.494509
0.610867 0.495032
0.610867 0.495032
0.612100 0.495554
0.613333 0.496076
0.613333 0.496076
0.614566 0.496598
0.615800 0.497120
0.617033 0.497642
0.617033 0.497642
0.618266 0.498165
0.619499 0.498690
0.619499 0.498690
0.620731 0.499216
0.621963 0.499743
0.623194 0.500273
0.623194 0.500273
0.624424 0.500805
0.625653 0.501340
0.625653 0.501340
0.626881 0.501878
0.628108 0.502419
0.629334 0.502964
0.629334 0.502964
0.630557 0.503513
0.631779 0.504066
0.631779 0.504066
0.633000 0.504624
0.634218 0.505187
0.635435 0.505755
0.635435 0.505755
0.636649 0.506329
0.637860 0.506908
0.637860 0.506908
0.639070 0.507494
0.640276 0.508086
0.641480 0.508686
0.641480 0.508686
0.642681 0.509292
0.643878 0.509907
0.643878 0.509907
0.645072 0.510529
0.646260 0.511161
0.647444 0.511802
0.647444 0.511802
0.648622 0.512453
0.649795 0.513114
0.649795 0.513114
0.650961 0.513786
0.652120 0.514469
0.652120 0.514469
0.653273 0.515164
0.654417 0.515872
0.655554 0.516592
0.655554 0.516592
0.656682 0.517326
0.657801 0.518073
0.657801 0.518073
0.658911 0.518835
0.660011 0.519612
0.661100 0.520404
0.661100 0.520404
0.662179 0.521210
0.663247 0.522031
0.663247 0.522031
0.664305 0.522866
0.665351 0.523715
0.666385 0.524577
0.666385 0.524577
0.667408 0.525453
0.668419 0.526342
0.668419 0.526342
0.669418 0.527243
0.670404 0.528158
0.671377 0.529084
0.671377 0.529084
0.672337 0.530022
0.673285 0.530972
0.673285 0.530972
0.674218 0.531934
0.675138 0.532906
0.676044 0.533890
0.676044 0.533890
0.676935 0.534884
0.677812 0.535888
0.677812 0.535888
0.678674 0.536903
0.679521 0.537926
0.680353 0.538959
0.680353 0.538959
0.681169 0.540001
0.681970 0.541051
0.681970 0.541051
0.682754 0.542109
0.683522 0.543174
0.684274 0.544247
0.684274 0.544247
0.685008 0.545327
0.685725 0.546413
0.685725 0.546413
0.686425 0.547504
0.687108 0.548602
0.687772 0.549704
0.687772 0.549704
0.688419 0.550812
0.689046 0.551924
0.689046 0.551924
0.689656 0.553040
0.690246 0.554159
0.690817 0.555282
0.690817 0.555282
0.691369 0.556407
0.691900 0.557535
0.691900 0.557535
0.692412 0.558665
0.692904 0.559797
0.693375 0.560930
0.693375 0.560930
0.693825 0.562063
0.694255 0.563197
0.694255 0.563197
0.694663 0.564332
0.695049 0.565466
0.695414 0.566599
0.695414 0.566599
0.695757 0.567731
0.696077 0.568861
0.696077 0.568861
0.696554 0.569859
0.697031 0.570856
0.697508 0.571853
0.697508 0.571853
0.697985 0.572850
0.698462 0.573847
0.698462 0.573847
0.698939 0.574844
0.699417 0.575841
0.699894 0.576838
0.699894 0.576838
0.700371 0.577835
0.700848 0.578833
0.700848 0.578833
0.701325 0.579830
0.701802 0.580827
0.702279 0.581824
0.702279 0.581824
0.702868 0.584178
