[CONTOUR]
0.284386 0.810892
0.283499 0.811605
0.281726 0.813741
0.281371 0.816827
0.281726 0.818251
0.282081 0.819201
0.283145 0.821100
0.283854 0.822761
0.284741 0.824660
0.285096 0.826085
0.285982 0.827984
0.286692 0.829645
0.287933 0.831544
0.289707 0.834393
0.293609 0.838903
0.295205 0.840565
0.296978 0.842464
0.298220 0.843413
0.299461 0.844600
0.300348 0.845075
0.301589 0.846262
0.302476 0.846737
0.303540 0.847686
0.304427 0.848161
0.305314 0.848636
0.306201 0.849348
0.307087 0.849823
0.308151 0.850535
0.309216 0.851010
0.310280 0.851722
0.311344 0.852197
0.312585 0.853146
0.313827 0.853858
0.315423 0.855520
0.318083 0.859081
0.318615 0.860505
0.319147 0.861692
0.319502 0.863116
0.320034 0.865015
0.320389 0.872136
0.319857 0.874510
0.319502 0.875934
0.318793 0.877359
0.318261 0.878546
0.317196 0.880207
0.315778 0.882106
0.314536 0.883056
0.313649 0.883768
0.312053 0.884243
0.307974 0.884480
0.305136 0.884005
0.303540 0.883293
0.302121 0.882819
0.301235 0.882344
0.300171 0.881632
0.298929 0.881157
0.298042 0.880445
0.296978 0.879970
0.296092 0.879258
0.295205 0.878783
0.294318 0.878071
0.293431 0.877596
0.292544 0.876884
0.291480 0.875934
0.290416 0.875222
0.288997 0.873798
0.287756 0.872849
0.286337 0.871424
0.285096 0.870475
0.283499 0.868813
0.282258 0.867864
0.281017 0.866677
0.280130 0.865965
0.279066 0.865252
0.278002 0.864303
0.277115 0.863828
0.276228 0.863116
0.275164 0.862641
0.273922 0.861929
0.272504 0.861454
0.270553 0.860742
0.262217 0.860742
0.260266 0.861217
0.259379 0.861929
0.258315 0.862404
0.256897 0.863591
0.256010 0.864066
0.254768 0.865252
0.253349 0.866439
0.251753 0.868101
0.250335 0.869288
0.249093 0.870475
0.247497 0.872136
0.246255 0.873086
0.247497 0.874273
0.249625 0.873798
0.251399 0.873086
0.257074 0.872611
0.260089 0.873323
0.262040 0.873798
0.263281 0.874273
0.264345 0.874985
0.265409 0.875460
0.266296 0.876172
0.267183 0.876647
0.268070 0.877359
0.269134 0.878071
0.270198 0.879020
0.271439 0.879970
0.272326 0.880682
0.273745 0.882106
0.274809 0.882819
0.276405 0.884480
0.277824 0.885667
0.279243 0.887091
0.280484 0.888041
0.281371 0.888753
0.282258 0.889228
0.283145 0.889940
0.284209 0.890652
0.285273 0.891364
0.286514 0.892551
0.287756 0.893501
0.288997 0.894687
0.290062 0.895400
0.291303 0.896587
0.292367 0.897299
0.293431 0.898248
0.294141 0.898723
0.295205 0.899198
0.296092 0.899910
0.297156 0.900385
0.298042 0.901097
0.299284 0.901572
0.300703 0.902284
0.302299 0.902758
0.303895 0.903471
0.307265 0.903945
0.309570 0.904420
0.314181 0.904420
0.316487 0.903945
0.318261 0.903233
0.319679 0.902758
0.320566 0.902046
0.321630 0.901572
0.322694 0.900622
0.323759 0.899910
0.325177 0.898486
0.329434 0.892788
0.330675 0.890415
0.331739 0.888516
0.332271 0.887091
0.332981 0.885667
0.333513 0.884243
0.334045 0.882819
0.334400 0.881394
0.334932 0.879733
0.335286 0.878308
0.335641 0.876409
0.335641 0.861454
0.335286 0.860267
0.334754 0.858843
0.334400 0.857656
0.333868 0.856469
0.333513 0.855282
0.332981 0.854096
0.332449 0.852909
0.332094 0.851722
0.331207 0.850060
0.330498 0.848398
0.328724 0.845550
0.326241 0.841989
0.323936 0.839378
0.322694 0.838428
0.321630 0.837479
0.320744 0.837004
0.320034 0.836529
0.319147 0.835817
0.317906 0.835343
0.316842 0.834630
0.315246 0.834156
0.313827 0.833444
0.312408 0.832969
0.310812 0.832257
0.309038 0.831782
0.307974 0.831307
0.306555 0.830595
0.305136 0.830120
0.303895 0.829408
0.302831 0.828933
0.301767 0.828221
0.300703 0.827746
0.299816 0.827034
0.298574 0.826322
0.297333 0.825135
0.296269 0.824186
0.294673 0.822761
0.289707 0.816115
0.288465 0.813741
0.286337 0.810892
[SKELETON]
0.285200 0.815596
0.285627 0.816702
0.286071 0.817782
0.286531 0.818837
0.287007 0.819865
0.287498 0.820869
0.288005 0.821847
0.288527 0.822800
0.289063 0.823728
0.289614 0.824631
0.289614 0.824631
0.290179 0.825510
0.290757 0.826364
0.291349 0.827194
0.291953 0.827999
0.292571 0.828781
0.293200 0.829538
0.293842 0.830272
0.294495 0.830982
0.295159 0.831668
0.295835 0.832331
0.296521 0.832971
0.297218 0.833588
0.297924 0.834182
0.298640 0.834753
0.299366 0.835301
0.300100 0.835827
0.300844 0.836330
0.301595 0.836812
0.302354 0.837274
0.302354 0.837274
0.303119 0.837719
0.303890 0.838148
0.304665 0.838566
0.305444 0.838973
0.306226 0.839372
0.307009 0.839766
0.307794 0.840157
0.308578 0.840548
0.309361 0.840940
0.310143 0.841336
0.310921 0.841739
0.311696 0.842151
0.312466 0.842575
0.313231 0.843012
0.313988 0.843465
0.314739 0.843937
0.315481 0.844430
0.316213 0.844946
0.316936 0.845488
0.316936 0.845488
0.317647 0.846058
0.318346 0.846658
0.319032 0.847291
0.319704 0.847955
0.320360 0.848651
0.320999 0.849376
0.321621 0.850130
0.322223 0.850912
0.322805 0.851720
0.323366 0.852554
0.323903 0.853413
0.324417 0.854294
0.324906 0.855198
0.325368 0.856124
0.325802 0.857070
0.326208 0.858034
0.326583 0.859017
0.326927 0.860017
0.327239 0.861033
0.327239 0.861033
0.327517 0.862064
0.327760 0.863108
0.327967 0.864165
0.328136 0.865234
0.328267 0.866314
0.328358 0.867403
0.328408 0.868501
0.328416 0.869606
0.328381 0.870716
0.328306 0.871829
0.328191 0.872943
0.328038 0.874054
0.327846 0.875160
0.327617 0.876259
0.327353 0.877348
0.327054 0.878424
0.326721 0.879485
0.326355 0.880528
0.325958 0.881551
0.325958 0.881551
0.325530 0.882551
0.325072 0.883526
0.324586 0.884473
0.324072 0.885389
0.323532 0.886273
0.322966 0.887120
0.322375 0.887930
0.321761 0.888698
0.321125 0.889424
0.320467 0.890103
0.319788 0.890734
0.319091 0.891314
0.318375 0.891841
0.317641 0.892314
0.316892 0.892734
0.316128 0.893103
0.315351 0.893423
0.314562 0.893693
0.313761 0.893917
0.313761 0.893917
0.312952 0.894096
0.312134 0.894229
0.311309 0.894320
0.310478 0.894370
0.309643 0.894379
0.308805 0.894349
0.307965 0.894281
0.307124 0.894178
0.306284 0.894039
0.305445 0.893867
0.304610 0.893663
0.303780 0.893429
0.302955 0.893165
0.302137 0.892872
0.301328 0.892554
0.300528 0.892210
0.299738 0.891841
0.298957 0.891450
0.298184 0.891036
0.298184 0.891036
0.297420 0.890602
0.296663 0.890148
0.295914 0.889674
0.295172 0.889183
0.294435 0.888675
0.293705 0.888151
0.292980 0.887613
0.292259 0.887060
0.291543 0.886496
0.290831 0.885919
0.290122 0.885332
0.289416 0.884736
0.288712 0.884131
0.288010 0.883518
0.287310 0.882899
0.286610 0.882275
0.285911 0.881647
0.285212 0.881015
0.284512 0.880382
0.284512 0.880382
0.283811 0.879747
0.283109 0.879112
0.282405 0.878478
0.281698 0.877847
0.280990 0.877221
0.280279 0.876601
0.279565 0.875988
0.278848 0.875385
0.278127 0.874792
0.277403 0.874212
0.276676 0.873645
0.275944 0.873094
0.275208 0.872560
0.274468 0.872045
0.273723 0.871549
0.272973 0.871076
0.272217 0.870625
0.271456 0.870200
0.270690 0.869801
0.270690 0.869801
0.269917 0.869429
0.269139 0.869088
0.268354 0.868777
0.267562 0.868499
0.266763 0.868255
0.265958 0.868047
0.265145 0.867876
0.264325 0.867743
0.263499 0.867649
0.262669 0.867593
0.261836 0.867576
0.261000 0.867597
0.260162 0.867658
0.259324 0.867759
0.258487 0.867899
0.257652 0.868080
0.256820 0.868301
0.255991 0.868562
0.255167 0.868864
0.255167 0.868864
0.254350 0.869207
0.253539 0.869592
0.252737 0.870018
0.251944 0.870486
0.251161 0.870997
0.250389 0.871549
0.249630 0.872145
0.248885 0.872783
0.248153 0.873464
