[CONTOUR]
0.900104 0.850856
0.900104 0.851386
0.900497 0.851562
0.901284 0.852269
0.901875 0.852622
0.902071 0.852622
0.902858 0.852975
0.903055 0.853151
0.903448 0.853328
0.903645 0.853328
0.904235 0.853504
0.904432 0.853681
0.904825 0.853858
0.905219 0.853858
0.905612 0.854034
0.905809 0.854211
0.906399 0.854387
0.906793 0.854387
0.907186 0.854564
0.907383 0.854740
0.907973 0.854917
0.908366 0.854917
0.908760 0.855093
0.908957 0.855270
0.909547 0.855446
0.909940 0.855446
0.910530 0.855623
0.910727 0.855800
0.911121 0.855976
0.911514 0.855976
0.911711 0.856153
0.912301 0.856329
0.912694 0.856329
0.913285 0.856506
0.913481 0.856682
0.914072 0.856859
0.914465 0.856859
0.915055 0.857035
0.915252 0.857212
0.915645 0.857388
0.916236 0.857388
0.916826 0.857565
0.917022 0.857741
0.917613 0.857918
0.918006 0.857918
0.918596 0.858095
0.918793 0.858271
0.919383 0.858448
0.919973 0.858448
0.920563 0.858624
0.920760 0.858801
0.921547 0.858977
0.921941 0.858977
0.922727 0.859154
0.922924 0.859330
0.923514 0.859507
0.924105 0.859507
0.924301 0.859683
0.925088 0.859860
0.925678 0.859860
0.926465 0.860037
0.926662 0.860213
0.927449 0.860390
0.928236 0.860390
0.929023 0.860566
0.929219 0.860743
0.930006 0.860919
0.930793 0.860919
0.931580 0.861096
0.931777 0.861272
0.932760 0.861449
0.933744 0.861449
0.934531 0.861625
0.934728 0.861802
0.935711 0.861978
0.936498 0.861978
0.937679 0.862155
0.937875 0.862332
0.938859 0.862508
0.940039 0.862508
0.941416 0.862685
0.941613 0.862861
0.942990 0.863038
0.944367 0.863038
0.945744 0.863214
0.945941 0.863391
0.947318 0.863391
0.948892 0.863567
0.949089 0.863744
0.950466 0.863920
0.951646 0.863920
0.953023 0.864097
0.953220 0.864274
0.954400 0.864450
0.955581 0.864450
0.956761 0.864627
0.956958 0.864803
0.958138 0.864980
0.959318 0.864980
0.960499 0.865156
0.960696 0.865333
0.961876 0.865509
0.962860 0.865509
0.964040 0.865686
0.964237 0.865862
0.965417 0.866039
0.966401 0.866039
0.967581 0.866216
0.967778 0.866392
0.968958 0.866569
0.970138 0.866569
0.971319 0.866745
0.971515 0.866922
0.972893 0.867098
0.973876 0.867098
0.974073 0.867275
0.975253 0.867451
0.976237 0.867451
0.977614 0.867628
0.977811 0.867804
0.979188 0.867981
0.980565 0.867981
0.982139 0.868157
0.982335 0.868334
0.983909 0.868511
0.985286 0.868511
0.986860 0.868687
0.987057 0.868864
0.988631 0.869040
0.989418 0.869040
0.989614 0.869746
0.998270 0.869746
0.999057 0.868511
0.999254 0.868511
1.000631 0.867981
1.000631 0.861802
0.999647 0.861449
0.999647 0.861096
0.999451 0.860743
0.999057 0.860390
0.998467 0.859683
0.998467 0.859507
0.997680 0.858977
0.997287 0.858624
0.996893 0.858624
0.995909 0.858448
0.995713 0.858271
0.994729 0.858095
0.993352 0.858095
0.990204 0.857918
0.990008 0.857741
0.987450 0.857565
0.984893 0.857565
0.982532 0.857388
0.982335 0.857212
0.979581 0.857035
0.978204 0.857035
0.976434 0.856859
0.976237 0.856682
0.974073 0.856506
0.972302 0.856506
0.970335 0.856329
0.970138 0.856153
0.967778 0.855976
0.965614 0.855976
0.963450 0.855800
0.963253 0.855623
0.961679 0.855446
0.960105 0.855446
0.958532 0.855270
0.958335 0.855093
0.956761 0.855093
0.954794 0.854917
0.954597 0.854740
0.952236 0.854564
0.950466 0.854564
0.948695 0.854387
0.948499 0.854211
0.946728 0.854034
0.944957 0.854034
0.942794 0.853858
0.942597 0.853681
0.939646 0.853504
0.936695 0.853504
0.934138 0.853328
0.933941 0.853151
0.931383 0.852975
0.928629 0.852975
0.925875 0.852798
0.925678 0.852622
0.923514 0.852445
0.921350 0.852445
0.916826 0.852269
0.916629 0.852092
0.913678 0.851916
0.911317 0.851916
0.909153 0.851739
0.908957 0.851562
0.908170 0.851386
0.908170 0.850856
[SKELETON]
0.902605 0.851861
0.902605 0.851861
0.903506 0.852071
0.903506 0.852071
0.904409 0.852277
0.904409 0.852277
0.905313 0.852479
0.905313 0.852479
0.906219 0.852678
0.906219 0.852678
0.907126 0.852874
0.907126 0.852874
0.908035 0.853066
0.908035 0.853066
0.908945 0.853255
0.908945 0.853255
0.909857 0.853441
0.909857 0.853441
0.910770 0.853624
0.910770 0.853624
0.911685 0.853804
0.911685 0.853804
0.912601 0.853980
0.912601 0.853980
0.913519 0.854154
0.913519 0.854154
0.914438 0.854325
0.914438 0.854325
0.915358 0.854493
0.915358 0.854493
0.916279 0.854658
0.916279 0.854658
0.917202 0.854821
0.917202 0.854821
0.918126 0.854980
0.918126 0.854980
0.919051 0.855138
0.919051 0.855138
0.919977 0.855292
0.919977 0.855292
0.920905 0.855444
0.920905 0.855444
0.921833 0.855594
0.921833 0.855594
0.922763 0.855741
0.922763 0.855741
0.923694 0.855886
0.923694 0.855886
0.924625 0.856029
0.924625 0.856029
0.925558 0.856170
0.925558 0.856170
0.926492 0.856308
0.926492 0.856308
0.927427 0.856444
0.927427 0.856444
0.928363 0.856578
0.928363 0.856578
0.929299 0.856711
0.929299 0.856711
0.930237 0.856841
0.930237 0.856841
0.931175 0.856969
0.931175 0.856969
0.932114 0.857096
0.932114 0.857096
0.933054 0.857221
0.933054 0.857221
0.933995 0.857344
0.933995 0.857344
0.934937 0.857465
0.934937 0.857465
0.935879 0.857585
0.935879 0.857585
0.936822 0.857704
0.936822 0.857704
0.937766 0.857820
0.937766 0.857820
0.938710 0.857936
0.938710 0.857936
0.939655 0.858050
0.939655 0.858050
0.940601 0.858163
0.940601 0.858163
0.941547 0.858274
0.941547 0.858274
0.942494 0.858385
0.942494 0.858385
0.943441 0.858494
0.943441 0.858494
0.944389 0.858602
0.944389 0.858602
0.945337 0.858709
0.945337 0.858709
0.946286 0.858816
0.946286 0.858816
0.947235 0.858921
0.947235 0.858921
0.948184 0.859025
0.948184 0.859025
0.949134 0.859129
0.949134 0.859129
0.950084 0.859232
0.950084 0.859232
0.951034 0.859334
0.951034 0.859334
0.951985 0.859436
0.951985 0.859436
0.952936 0.859537
0.952936 0.859537
0.953887 0.859638
0.953887 0.859638
0.954839 0.859738
0.954839 0.859738
0.955791 0.859838
0.955791 0.859838
0.956742 0.859937
0.956742 0.859937
0.957694 0.860036
0.957694 0.860036
0.958646 0.860135
0.958646 0.860135
0.959598 0.860234
0.959598 0.860234
0.960550 0.860333
0.960550 0.860333
0.961502 0.860432
0.961502 0.860432
0.962455 0.860530
0.962455 0.860530
0.963407 0.860629
0.963407 0.860629
0.964359 0.860728
0.964359 0.860728
0.965311 0.860827
0.965311 0.860827
0.966262 0.860926
0.966262 0.860926
0.967214 0.861026
0.967214 0.861026
0.968166 0.861126
0.968166 0.861126
0.969117 0.861226
0.969117 0.861226
0.970068 0.861327
0.970068 0.861327
0.971019 0.861429
0.971019 0.861429
0.971970 0.861531
0.971970 0.861531
0.972920 0.861633
0.972920 0.861633
0.973870 0.861736
0.973870 0.861736
0.974819 0.861841
0.974819 0.861841
0.975769 0.861945
0.975769 0.861945
0.976718 0.862051
0.976718 0.862051
0.977666 0.862158
0.977666 0.862158
0.978614 0.862266
0.978614 0.862266
0.979561 0.862374
0.979561 0.862374
0.980508 0.862484
0.980508 0.862484
0.981455 0.862595
0.981455 0.862595
0.982401 0.862707
0.982401 0.862707
0.983346 0.862821
0.983346 0.862821
0.984291 0.862936
0.984291 0.862936
0.985235 0.863052
0.985235 0.863052
0.986178 0.863169
0.986178 0.863169
0.987121 0.863288
0.987121 0.863288
0.988063 0.863409
0.988063 0.863409
0.989004 0.863531
0.989004 0.863531
0.989945 0.863655
0.989945 0.863655
0.990884 0.863781
0.990884 0.863781
0.991823 0.863909
0.991823 0.863909
0.992761 0.864038
0.992761 0.864038
0.993698 0.864169
0.993698 0.864169
0.994634 0.864302
0.994634 0.864302
0.995570 0.864438
0.995570 0.864438
