[CONTOUR]
0.720514 0.618604
0.720116 0.619675
0.719718 0.621461
0.719320 0.622532
0.718922 0.623961
0.718524 0.626818
0.718126 0.628247
0.717728 0.629675
0.717330 0.630747
0.716932 0.632175
0.716534 0.633604
0.716136 0.634675
0.715738 0.636104
0.715340 0.637175
0.714942 0.638604
0.714146 0.640390
0.713748 0.641461
0.713350 0.642532
0.712952 0.643604
0.712554 0.645032
0.712156 0.646104
0.711758 0.647175
0.711360 0.648247
0.710962 0.649318
0.710564 0.650390
0.710166 0.651818
0.709768 0.652890
0.709370 0.653604
0.708973 0.654675
0.708575 0.655390
0.708177 0.656461
0.707779 0.657532
0.707381 0.658247
0.706983 0.659318
0.706585 0.660032
0.705789 0.661461
0.705391 0.662175
0.704993 0.663247
0.704595 0.664318
0.704197 0.665032
0.703799 0.666104
0.703401 0.667175
0.703003 0.668604
0.702605 0.669675
0.702207 0.671104
0.701809 0.673604
0.701411 0.675747
0.701013 0.677890
0.700615 0.681104
0.700217 0.693247
0.698625 0.693604
0.699819 0.703961
0.700217 0.705032
0.700615 0.707175
0.701013 0.708961
0.701809 0.711104
0.702207 0.712890
0.702605 0.714675
0.703003 0.716104
0.703401 0.717532
0.703799 0.718961
0.704197 0.720032
0.704595 0.721104
0.704993 0.722175
0.705391 0.723247
0.705789 0.724675
0.706187 0.725390
0.706585 0.726461
0.706983 0.727175
0.707381 0.727890
0.707779 0.728604
0.708177 0.729675
0.708575 0.730390
0.709370 0.731461
0.709768 0.732175
0.710962 0.733604
0.711360 0.734318
0.712156 0.735390
0.712952 0.736461
0.713350 0.737175
0.714544 0.738604
0.714942 0.739318
0.716136 0.740747
0.717330 0.742175
0.718126 0.743247
0.719320 0.745032
0.720514 0.746461
0.721708 0.747890
0.723300 0.749675
0.725289 0.751818
0.727677 0.754318
0.734045 0.759675
0.739219 0.763961
0.742402 0.766461
0.745586 0.768961
0.750760 0.773247
0.753944 0.775747
0.757127 0.778247
0.759913 0.780390
0.761903 0.781818
0.763893 0.783247
0.765883 0.784675
0.767475 0.785747
0.769067 0.786818
0.770658 0.787890
0.772250 0.788604
0.773444 0.789318
0.775036 0.790390
0.776230 0.791104
0.777424 0.791818
0.778618 0.792532
0.779812 0.793247
0.781006 0.793961
0.782200 0.794675
0.783394 0.795390
0.785781 0.797175
0.786975 0.797890
0.788169 0.798604
0.789363 0.799318
0.790557 0.800032
0.792149 0.800747
0.792945 0.801104
0.794537 0.800390
0.794139 0.799675
0.793741 0.798961
0.788567 0.793961
0.786975 0.792175
0.784986 0.790032
0.757923 0.765390
0.749964 0.758604
0.742004 0.751818
0.739219 0.748961
0.736831 0.746461
0.735239 0.744675
0.734443 0.743604
0.733249 0.741818
0.732055 0.740390
0.731259 0.739318
0.730463 0.738247
0.729667 0.737175
0.728871 0.736104
0.728473 0.735390
0.728075 0.734675
0.727279 0.733604
0.726881 0.732890
0.725289 0.731104
0.724891 0.730390
0.724493 0.729675
0.724096 0.728961
0.723698 0.728247
0.723300 0.727532
0.722504 0.726461
0.722106 0.725747
0.721708 0.725032
0.721310 0.724318
0.720912 0.723247
0.720514 0.722175
0.720116 0.721461
0.719718 0.720747
0.719320 0.720032
0.718922 0.718961
0.718524 0.718247
0.718126 0.717175
0.717728 0.716104
0.717330 0.715032
0.716534 0.713604
0.716136 0.712175
0.715738 0.711104
0.715340 0.709318
0.714942 0.707890
0.714544 0.706104
0.714146 0.703961
0.713748 0.701104
0.713350 0.698604
0.712952 0.695390
0.713350 0.683247
0.713748 0.679675
0.714146 0.675747
0.714544 0.673604
0.714942 0.671818
0.715340 0.670390
0.715738 0.668604
0.716136 0.667175
0.716534 0.666104
0.716932 0.664675
0.717728 0.662532
0.718126 0.661104
0.718524 0.660032
0.718922 0.658604
0.719320 0.656818
0.719718 0.655747
0.720116 0.654318
0.720514 0.652890
0.720912 0.651104
0.721310 0.648961
0.721708 0.643247
0.722106 0.627175
0.721708 0.622532
0.721310 0.620390
0.720912 0.618961
[SKELETON]
0.720780 0.626400
0.720587 0.628010
0.720587 0.628010
0.720357 0.629619
0.720357 0.629619
0.720092 0.631228
0.719795 0.632838
0.719795 0.632838
0.719468 0.634447
0.719468 0.634447
0.719113 0.636056
0.718733 0.637667
0.718733 0.637667
0.718329 0.639278
0.718329 0.639278
0.717905 0.640890
0.717905 0.640890
0.717463 0.642504
0.717004 0.644119
0.717004 0.644119
0.716532 0.645736
0.716532 0.645736
0.716048 0.647356
0.715555 0.648977
0.715555 0.648977
0.715055 0.650601
0.715055 0.650601
0.714550 0.652228
0.714044 0.653859
0.714044 0.653859
0.713537 0.655492
0.713537 0.655492
0.713034 0.657129
0.712535 0.658769
0.712535 0.658769
0.712043 0.660414
0.712043 0.660414
0.711560 0.662063
0.711090 0.663717
0.711090 0.663717
0.710633 0.665375
0.710633 0.665375
0.710193 0.667038
0.710193 0.667038
0.709771 0.668706
0.709371 0.670380
0.709371 0.670380
0.708994 0.672059
0.708994 0.672059
0.708641 0.673744
0.708313 0.675432
0.708313 0.675432
0.708010 0.677125
0.708010 0.677125
0.707734 0.678820
0.707485 0.680517
0.707485 0.680517
0.707264 0.682216
0.707264 0.682216
0.707072 0.683915
0.706909 0.685615
0.706909 0.685615
0.706776 0.687315
0.706776 0.687315
0.706675 0.689013
0.706605 0.690709
0.706605 0.690709
0.706567 0.692402
0.706567 0.692402
0.706563 0.694092
0.706593 0.695778
0.706593 0.695778
0.706658 0.697460
0.706658 0.697460
0.706758 0.699136
0.706758 0.699136
0.706895 0.700805
0.707068 0.702469
0.707068 0.702469
0.707280 0.704124
0.707280 0.704124
0.707530 0.705772
0.707819 0.707410
0.707819 0.707410
0.708149 0.709039
0.708149 0.709039
0.708519 0.710658
0.708931 0.712266
0.708931 0.712266
0.709386 0.713862
0.709386 0.713862
0.709884 0.715446
0.710424 0.717018
0.710424 0.717018
0.711006 0.718577
0.711006 0.718577
0.711629 0.720125
0.712292 0.721660
0.712292 0.721660
0.712994 0.723183
0.712994 0.723183
0.713734 0.724695
0.713734 0.724695
0.714511 0.726195
0.715324 0.727684
0.715324 0.727684
0.716172 0.729162
0.716172 0.729162
0.717055 0.730628
0.717971 0.732083
0.717971 0.732083
0.718919 0.733528
0.718919 0.733528
0.719899 0.734962
0.720909 0.736385
0.720909 0.736385
0.721949 0.737798
0.721949 0.737798
0.723018 0.739200
0.724114 0.740593
0.724114 0.740593
0.725237 0.741975
0.725237 0.741975
0.726386 0.743347
0.727560 0.744710
0.727560 0.744710
0.728758 0.746063
0.728758 0.746063
0.729979 0.747407
0.729979 0.747407
0.731222 0.748742
0.732486 0.750067
0.732486 0.750067
0.733771 0.751383
0.733771 0.751383
0.735074 0.752691
0.736396 0.753989
0.736396 0.753989
0.737736 0.755279
0.737736 0.755279
0.739092 0.756561
0.740463 0.757834
0.740463 0.757834
0.741849 0.759099
0.741849 0.759099
0.743249 0.760356
0.744662 0.761605
0.744662 0.761605
0.746086 0.762847
0.746086 0.762847
0.747521 0.764081
0.748966 0.765307
0.748966 0.765307
0.750420 0.766526
0.750420 0.766526
0.751883 0.767738
0.753352 0.768942
0.753352 0.768942
0.754827 0.770140
0.754827 0.770140
0.756308 0.771331
0.756308 0.771331
0.757793 0.772516
0.759281 0.773694
0.759281 0.773694
0.760772 0.774865
0.760772 0.774865
0.762264 0.776031
0.763757 0.777190
0.763757 0.777190
0.765250 0.778343
0.765250 0.778343
0.766741 0.779491
0.768230 0.780633
0.768230 0.780633
0.769715 0.781769
0.769715 0.781769
0.771197 0.782901
0.772673 0.784026
0.772673 0.784026
0.774144 0.785147
0.774144 0.785147
0.775607 0.786263
0.777063 0.787374
0.777063 0.787374
0.778510 0.788481
0.778510 0.788481
0.779947 0.789583
0.779947 0.789583
0.781374 0.790680
0.782788 0.791773
0.782788 0.791773
0.784191 0.792863
0.784191 0.792863
0.785579 0.793948
0.786954 0.795029
0.786954 0.795029
0.788313 0.796107
0.788313 0.796107
0.789655 0.797181
