[CONTOUR]
0.600163 0.209416
0.599240 0.210244
0.599240 0.210519
0.598933 0.210795
0.598933 0.211071
0.598625 0.211347
0.598625 0.211623
0.598318 0.211899
0.598625 0.212175
0.598625 0.212451
0.598933 0.212727
0.598933 0.213003
0.599240 0.213003
0.599855 0.213555
0.600163 0.213555
0.600470 0.213831
0.601085 0.213831
0.601700 0.214383
0.602008 0.214383
0.602315 0.214659
0.602623 0.214659
0.603238 0.215211
0.603546 0.215211
0.603853 0.215487
0.604161 0.215487
0.604468 0.215763
0.604776 0.215763
0.605391 0.216315
0.606006 0.216315
0.606313 0.216591
0.607851 0.216591
0.607851 0.214383
0.607543 0.214107
0.607236 0.214107
0.606928 0.213831
0.606621 0.213831
0.604776 0.212175
0.604161 0.212175
0.603853 0.211899
0.603546 0.211899
0.602931 0.211347
0.602623 0.211347
0.600470 0.209416
[CONTOUR]
0.551266 0.092403
0.552189 0.127451
0.552496 0.127727
0.552804 0.128279
0.553111 0.129383
0.553111 0.130211
0.553419 0.132695
0.553726 0.136834
0.554034 0.137110
0.554342 0.138766
0.554649 0.140698
0.554649 0.142906
0.554957 0.145390
0.555264 0.146769
0.555572 0.147045
0.555879 0.148701
0.556187 0.151185
0.556187 0.154221
0.556494 0.155877
0.556802 0.157808
0.557109 0.158084
0.557417 0.160016
0.557724 0.161672
0.557724 0.162500
0.558032 0.164156
0.558339 0.166088
0.558647 0.166364
0.558954 0.168019
0.559262 0.168847
0.559262 0.169675
0.559569 0.170779
0.559877 0.171883
0.560185 0.172159
0.560492 0.172987
0.560800 0.173539
0.560800 0.174091
0.561107 0.175195
0.561415 0.176023
0.561722 0.176299
0.562030 0.177127
0.562337 0.177679
0.562337 0.178231
0.562645 0.179058
0.562952 0.179610
0.563260 0.179886
0.563567 0.180438
0.563875 0.181266
0.563875 0.181542
0.564182 0.182094
0.564490 0.182646
0.564797 0.182922
0.565105 0.183750
0.565105 0.184026
0.565412 0.184578
0.565720 0.185130
0.566027 0.185406
0.566335 0.185958
0.566950 0.186786
0.566950 0.187062
0.567565 0.187890
0.567873 0.188442
0.568488 0.188994
0.569103 0.189821
0.569718 0.190649
0.569718 0.190925
0.570640 0.192029
0.571563 0.193133
0.573101 0.194513
0.574946 0.196445
0.581096 0.202240
0.581404 0.202240
0.582941 0.203896
0.583556 0.204172
0.585094 0.205552
0.585709 0.205828
0.590014 0.204172
0.590014 0.203896
0.591245 0.202516
0.593090 0.200584
0.593397 0.200308
0.593705 0.199756
0.594012 0.198929
0.594012 0.198101
0.594320 0.196445
0.594012 0.195617
0.593397 0.195065
0.588784 0.190649
0.585709 0.187614
0.585709 0.187338
0.584479 0.185958
0.583556 0.184854
0.582941 0.184302
0.582326 0.183474
0.581711 0.182646
0.581711 0.182370
0.581096 0.181542
0.580789 0.180990
0.580481 0.180714
0.579866 0.179886
0.579559 0.179334
0.579559 0.179058
0.579251 0.178506
0.578636 0.177679
0.578329 0.177403
0.578021 0.176851
0.577713 0.176299
0.577713 0.176023
0.577406 0.175471
0.577098 0.174919
0.576791 0.174643
0.576483 0.174091
0.576176 0.173539
0.576176 0.173263
0.575868 0.172435
0.575561 0.171883
0.575253 0.171607
0.574946 0.171055
0.574638 0.170227
0.574638 0.169951
0.574331 0.169123
0.574023 0.168295
0.573716 0.168019
0.573408 0.167192
0.573101 0.166364
0.573101 0.165812
0.572793 0.164984
0.572486 0.164156
0.572178 0.163880
0.571870 0.163052
0.571563 0.161672
0.571563 0.161120
0.571255 0.160292
0.570948 0.159188
0.570640 0.158912
0.570333 0.157532
0.570025 0.156429
0.570025 0.155601
0.569718 0.154497
0.569410 0.153393
0.569103 0.153117
0.568795 0.151737
0.568488 0.150633
0.568488 0.149805
0.568180 0.148149
0.567873 0.147045
0.567565 0.146769
0.567258 0.145390
0.566950 0.144010
0.566950 0.142354
0.566643 0.140974
0.566335 0.140698
0.566027 0.139318
0.565720 0.137938
0.565720 0.136558
0.565412 0.135179
0.565105 0.133799
0.564797 0.133523
0.564490 0.132143
0.564182 0.130211
0.564182 0.128831
0.563875 0.127451
0.563567 0.126071
0.563260 0.125795
0.562952 0.124140
0.562645 0.122484
0.562645 0.121656
0.562337 0.120000
0.562030 0.118344
0.561722 0.118068
0.561415 0.116688
0.561107 0.115308
0.561107 0.113929
0.560800 0.112549
0.560492 0.111169
0.560185 0.110893
0.559877 0.110065
0.559569 0.108961
0.559569 0.107857
0.559262 0.106753
0.558954 0.105649
0.558647 0.105373
0.558339 0.104545
0.558032 0.103442
0.558032 0.102614
0.557724 0.101786
0.557417 0.100682
0.557109 0.100406
0.556802 0.099302
0.556494 0.097922
0.556494 0.097370
0.556187 0.096266
0.555879 0.095714
0.555572 0.095438
0.555264 0.094886
0.554957 0.094334
0.554957 0.094058
0.554342 0.093782
0.553726 0.093506
0.552804 0.092679
0.552189 0.092403
[SKELETON]
0.552966 0.095890
0.552966 0.095890
0.553254 0.097175
0.553254 0.097175
0.553533 0.098463
0.553533 0.098463
0.553803 0.099755
0.553803 0.099755
0.554065 0.101049
0.554065 0.101049
0.554318 0.102347
0.554318 0.102347
0.554564 0.103648
0.554564 0.103648
0.554803 0.104951
0.554803 0.104951
0.555035 0.106257
0.555035 0.106257
0.555260 0.107566
0.555260 0.107566
0.555480 0.108877
0.555480 0.108877
0.555694 0.110190
0.555694 0.110190
0.555902 0.111505
0.555902 0.111505
0.556107 0.112821
0.556107 0.112821
0.556307 0.114140
0.556307 0.114140
0.556503 0.115459
0.556503 0.115459
0.556696 0.116781
0.556696 0.116781
0.556886 0.118103
0.556886 0.118103
0.557074 0.119426
0.557074 0.119426
0.557259 0.120750
0.557259 0.120750
0.557443 0.122075
0.557443 0.122075
0.557626 0.123400
0.557626 0.123400
0.557808 0.124725
0.557808 0.124725
0.557989 0.126051
0.557989 0.126051
0.558171 0.127377
0.558171 0.127377
0.558353 0.128702
0.558353 0.128702
0.558536 0.130027
0.558536 0.130027
0.558721 0.131352
0.558721 0.131352
0.558907 0.132676
0.558907 0.132676
0.559095 0.133999
0.559095 0.133999
0.559287 0.135322
0.559287 0.135322
0.559481 0.136643
0.559481 0.136643
0.559679 0.137963
0.559679 0.137963
0.559881 0.139281
0.559881 0.139281
0.559881 0.139281
0.560087 0.140598
0.560087 0.140598
0.560298 0.141913
0.560298 0.141913
0.560514 0.143226
0.560514 0.143226
0.560736 0.144537
0.560736 0.144537
0.560964 0.145846
0.560964 0.145846
0.561199 0.147152
0.561199 0.147152
0.561440 0.148456
0.561440 0.148456
0.561690 0.149757
0.561690 0.149757
0.561947 0.151055
0.561947 0.151055
0.562214 0.152349
0.562214 0.152349
0.562489 0.153640
0.562489 0.153640
0.562775 0.154927
0.562775 0.154927
0.563072 0.156211
0.563072 0.156211
0.563379 0.157490
0.563379 0.157490
0.563699 0.158764
0.563699 0.158764
0.564031 0.160034
0.564031 0.160034
0.564376 0.161299
0.564376 0.161299
0.564735 0.162559
0.564735 0.162559
0.565108 0.163813
0.565108 0.163813
0.565496 0.165062
0.565496 0.165062
0.565899 0.166305
0.565899 0.166305
0.566319 0.167542
0.566319 0.167542
0.566755 0.168772
0.566755 0.168772
0.567209 0.169996
0.567209 0.169996
0.567680 0.171214
0.567680 0.171214
0.568170 0.172424
0.568170 0.172424
0.568680 0.173627
0.568680 0.173627
0.569209 0.174823
0.569209 0.174823
0.569758 0.176010
0.569758 0.176010
0.570328 0.177190
0.570328 0.177190
0.570920 0.178362
0.570920 0.178362
0.571534 0.179526
0.571534 0.179526
0.571534 0.179526
0.572171 0.180680
0.572171 0.180680
0.572831 0.181826
0.572831 0.181826
0.573515 0.182963
0.573515 0.182963
0.574224 0.184091
0.574224 0.184091
0.574958 0.185208
0.574958 0.185208
0.575717 0.186317
0.575717 0.186317
0.576503 0.187415
0.576503 0.187415
0.577317 0.188503
0.577317 0.188503
0.578157 0.189580
0.578157 0.189580
0.579026 0.190647
0.579026 0.190647
0.579924 0.191703
0.579924 0.191703
0.580851 0.192747
0.580851 0.192747
0.581809 0.193780
0.581809 0.193780
0.582797 0.194802
0.582797 0.194802
0.583816 0.195812
0.583816 0.195812
0.584867 0.196809
0.584867 0.196809
0.585951 0.197795
0.585951 0.197795
0.587118 0.198894
0.587118 0.198894
0.588285 0.199994
0.588285 0.199994
0.589452 0.201094
0.589452 0.201094
0.590620 0.202193
0.590620 0.202193
0.591787 0.203293
0.591787 0.203293
0.592954 0.204393
0.592954 0.204393
0.594121 0.205492
0.594121 0.205492
0.595289 0.206592
0.595289 0.206592
0.596456 0.207692
0.596456 0.207692
0.597623 0.208791
0.597623 0.208791
0.598790 0.209891
0.598790 0.209891
0.599957 0.210991
0.599957 0.210991
0.601125 0.212090
0.601125 0.212090
0.602541 0.212959
0.602541 0.212959
0.604018 0.213697
0.604018 0.213697
0.605404 0.214631
0.605404 0.214631
