[CONTOUR]
0.486602 0.707214
0.487043 0.708005
0.487484 0.708797
0.490571 0.711962
0.503799 0.724229
0.508208 0.727790
0.511736 0.730560
0.514381 0.732539
0.516586 0.734121
0.518791 0.735704
0.521436 0.737287
0.523200 0.738474
0.524523 0.739265
0.526287 0.740453
0.527609 0.741244
0.528932 0.742035
0.530696 0.743222
0.532019 0.744014
0.533783 0.745201
0.535105 0.745992
0.536428 0.746784
0.538192 0.747971
0.539515 0.748762
0.540838 0.749554
0.542160 0.750345
0.543924 0.751532
0.545688 0.752719
0.547011 0.753511
0.550979 0.756676
0.552743 0.757863
0.554507 0.759050
0.555829 0.759842
0.557593 0.761029
0.558916 0.761820
0.560239 0.762612
0.561562 0.763403
0.562884 0.764194
0.564207 0.764986
0.565530 0.765777
0.566412 0.766173
0.568176 0.767360
0.569058 0.767756
0.570380 0.768547
0.571262 0.768943
0.572144 0.769338
0.573467 0.770130
0.574790 0.770526
0.575672 0.770921
0.576553 0.771317
0.577435 0.771713
0.578317 0.772108
0.579199 0.772504
0.580081 0.772900
0.581845 0.773691
0.582727 0.774087
0.584049 0.774483
0.585372 0.774878
0.586695 0.775274
0.588459 0.775670
0.589782 0.776065
0.591104 0.776461
0.592868 0.776857
0.594632 0.777252
0.596396 0.777648
0.599041 0.778440
0.602128 0.778835
0.606978 0.779231
0.611387 0.779627
0.627702 0.780022
0.631671 0.780418
0.691197 0.781605
0.691638 0.780022
0.692520 0.779627
0.693843 0.779231
0.695606 0.778835
0.696488 0.778440
0.698252 0.778044
0.699134 0.777648
0.700457 0.777252
0.701780 0.776857
0.702661 0.776461
0.703543 0.776065
0.705307 0.775670
0.705748 0.774087
0.694725 0.774483
0.690315 0.774087
0.683260 0.773691
0.678410 0.773295
0.673560 0.772900
0.670473 0.772504
0.666946 0.772108
0.664300 0.771713
0.662095 0.771317
0.659450 0.770921
0.655922 0.770526
0.652836 0.770130
0.649308 0.769734
0.645781 0.769338
0.641371 0.768943
0.637403 0.768547
0.626820 0.768151
0.614033 0.767756
0.607419 0.767360
0.604773 0.766964
0.602569 0.766569
0.600805 0.766173
0.599041 0.765777
0.597718 0.765381
0.596396 0.764986
0.594632 0.764590
0.593750 0.764194
0.592427 0.763799
0.591104 0.763403
0.590223 0.763007
0.589341 0.762612
0.588018 0.762216
0.587136 0.761820
0.586254 0.761425
0.584931 0.760633
0.584049 0.760237
0.583168 0.759842
0.581845 0.759446
0.580522 0.758655
0.579640 0.758259
0.578758 0.757863
0.577876 0.757468
0.576994 0.757072
0.576113 0.756676
0.574790 0.755885
0.573908 0.755489
0.573026 0.755093
0.572144 0.754698
0.570821 0.753906
0.569498 0.753115
0.568176 0.752323
0.567294 0.751928
0.565530 0.751136
0.564207 0.750345
0.562884 0.749554
0.561562 0.748762
0.560680 0.748366
0.558916 0.747179
0.558034 0.746784
0.556711 0.745992
0.555388 0.745201
0.554066 0.744409
0.552743 0.743618
0.550979 0.742431
0.549656 0.741640
0.548333 0.740848
0.546570 0.739661
0.545688 0.739265
0.544365 0.738474
0.543042 0.737683
0.540838 0.736100
0.539515 0.735308
0.538192 0.734517
0.537310 0.734121
0.535987 0.733330
0.535105 0.732934
0.533783 0.732143
0.532460 0.731351
0.531578 0.730956
0.530255 0.730164
0.528932 0.729373
0.528050 0.728977
0.526728 0.728186
0.525405 0.727394
0.524082 0.726603
0.522759 0.725812
0.521436 0.725020
0.520114 0.724229
0.518350 0.723437
0.517468 0.723042
0.516145 0.722250
0.515263 0.721855
0.513940 0.721063
0.512618 0.720272
0.511736 0.719876
0.510413 0.719085
0.509531 0.718689
0.507767 0.717502
0.506885 0.717106
0.505563 0.716315
0.504240 0.715524
0.502917 0.714732
0.501594 0.713941
0.500712 0.713545
0.499830 0.713149
0.498949 0.712754
0.497185 0.711567
0.495862 0.710775
0.494980 0.710379
0.493657 0.709588
0.492775 0.709192
0.491894 0.708797
0.491012 0.708401
0.490130 0.708005
0.488807 0.707610
0.487484 0.707214
[SKELETON]
0.491722 0.711103
0.493428 0.712257
0.493428 0.712257
0.495134 0.713408
0.495134 0.713408
0.496841 0.714556
0.496841 0.714556
0.498548 0.715702
0.498548 0.715702
0.500254 0.716846
0.500254 0.716846
0.501961 0.717987
0.503669 0.719126
0.503669 0.719126
0.505376 0.720262
0.505376 0.720262
0.507084 0.721397
0.507084 0.721397
0.508793 0.722529
0.508793 0.722529
0.510502 0.723659
0.510502 0.723659
0.512211 0.724787
0.512211 0.724787
0.513921 0.725913
0.515631 0.727037
0.515631 0.727037
0.517342 0.728159
0.517342 0.728159
0.519053 0.729279
0.519053 0.729279
0.520766 0.730398
0.520766 0.730398
0.522478 0.731514
0.522478 0.731514
0.524192 0.732629
0.525907 0.733741
0.525907 0.733741
0.527622 0.734853
0.527622 0.734853
0.529338 0.735962
0.529338 0.735962
0.531055 0.737070
0.531055 0.737070
0.532773 0.738176
0.532773 0.738176
0.534492 0.739281
0.536212 0.740384
0.536212 0.740384
0.537933 0.741486
0.537933 0.741486
0.539655 0.742586
0.539655 0.742586
0.541378 0.743686
0.541378 0.743686
0.543103 0.744783
0.543103 0.744783
0.544829 0.745880
0.544829 0.745880
0.546556 0.746974
0.548286 0.748065
0.548286 0.748065
0.550018 0.749151
0.550018 0.749151
0.551754 0.750230
0.551754 0.750230
0.553493 0.751302
0.553493 0.751302
0.555237 0.752365
0.555237 0.752365
0.556986 0.753418
0.558741 0.754459
0.558741 0.754459
0.560502 0.755487
0.560502 0.755487
0.562270 0.756500
0.562270 0.756500
0.564045 0.757497
0.564045 0.757497
0.565828 0.758477
0.565828 0.758477
0.567620 0.759439
0.569420 0.760381
0.569420 0.760381
0.571231 0.761301
0.571231 0.761301
0.573051 0.762199
0.573051 0.762199
0.574883 0.763072
0.574883 0.763072
0.576726 0.763920
0.576726 0.763920
0.578580 0.764741
0.578580 0.764741
0.580448 0.765535
0.582328 0.766298
0.582328 0.766298
0.584222 0.767030
0.584222 0.767030
0.586130 0.767731
0.586130 0.767731
0.588054 0.768397
0.588054 0.768397
0.589992 0.769029
0.589992 0.769029
0.591947 0.769624
0.593918 0.770181
0.593918 0.770181
0.595906 0.770699
0.595906 0.770699
0.597912 0.771177
0.597912 0.771177
0.599935 0.771617
0.599935 0.771617
0.601973 0.772020
0.601973 0.772020
0.604026 0.772389
0.604026 0.772389
0.606092 0.772725
0.608172 0.773031
0.608172 0.773031
0.610263 0.773309
0.610263 0.773309
0.612365 0.773561
0.612365 0.773561
0.614477 0.773788
0.614477 0.773788
0.616597 0.773992
0.616597 0.773992
0.618726 0.774177
0.620862 0.774343
0.620862 0.774343
0.623003 0.774492
0.623003 0.774492
0.625149 0.774628
0.625149 0.774628
0.627300 0.774751
0.627300 0.774751
0.629453 0.774864
0.629453 0.774864
0.631608 0.774969
0.633765 0.775067
0.633765 0.775067
0.635921 0.775161
0.635921 0.775161
0.638077 0.775253
0.638077 0.775253
0.640230 0.775345
0.640230 0.775345
0.642381 0.775439
0.642381 0.775439
0.644528 0.775536
0.644528 0.775536
0.646670 0.775640
0.648806 0.775751
0.648806 0.775751
0.650936 0.775869
0.650936 0.775869
0.653060 0.775993
0.653060 0.775993
0.655179 0.776121
0.655179 0.776121
0.657292 0.776252
0.657292 0.776252
0.659399 0.776383
0.661502 0.776514
0.661502 0.776514
0.663598 0.776642
0.663598 0.776642
0.665690 0.776766
0.665690 0.776766
0.667777 0.776884
0.667777 0.776884
0.669860 0.776995
0.669860 0.776995
0.671937 0.777096
0.674010 0.777187
0.674010 0.777187
0.676079 0.777265
0.676079 0.777265
0.678144 0.777330
0.678144 0.777330
0.680204 0.777378
0.680204 0.777378
0.682261 0.777410
0.682261 0.777410
0.684314 0.777422
0.684314 0.777422
0.686363 0.777414
0.688409 0.777383
0.688409 0.777383
0.690452 0.777329
0.690452 0.777329
0.692491 0.777249
0.692491 0.777249
0.694527 0.777142
0.694527 0.777142
0.696561 0.777005
0.696561 0.777005
0.698591 0.776839
