[CONTOUR]
0.321859 0.643056
0.321504 0.646879
0.321149 0.650065
0.320794 0.651339
0.320084 0.652614
0.319729 0.653569
0.319374 0.654525
0.319019 0.655800
0.318664 0.656437
0.317954 0.657711
0.317599 0.658348
0.317244 0.658985
0.316889 0.660260
0.316534 0.660897
0.315824 0.662171
0.315469 0.663127
0.315114 0.663764
0.314759 0.665357
0.314404 0.665994
0.313694 0.667269
0.313339 0.668224
0.312984 0.669180
0.312629 0.670455
0.312274 0.671092
0.311564 0.672366
0.311209 0.673322
0.310854 0.673959
0.310499 0.675552
0.310144 0.676189
0.309434 0.677145
0.309079 0.678101
0.308369 0.679056
0.308369 0.716013
0.309079 0.717287
0.309434 0.718243
0.310144 0.719517
0.310499 0.720791
0.310854 0.722703
0.311209 0.723977
0.311564 0.725570
0.312274 0.727482
0.312629 0.728756
0.312984 0.731305
0.313339 0.732579
0.313694 0.733535
0.314404 0.735128
0.314759 0.736402
0.315114 0.737995
0.315469 0.738951
0.315824 0.739907
0.316534 0.741500
0.316889 0.742137
0.317244 0.744048
0.317599 0.745004
0.317954 0.745960
0.318664 0.747234
0.319019 0.747871
0.319374 0.749146
0.319729 0.749783
0.320084 0.750420
0.320794 0.751376
0.321149 0.752013
0.321504 0.752969
0.322214 0.753925
0.322569 0.754562
0.323634 0.755836
0.324344 0.756792
0.324699 0.757748
0.325054 0.758385
0.325764 0.759341
0.326829 0.760615
0.327539 0.761571
0.328249 0.762845
0.328604 0.763482
0.328959 0.764119
0.330024 0.765394
0.330734 0.766349
0.331089 0.767305
0.331799 0.768261
0.332509 0.769217
0.333930 0.770810
0.334640 0.771765
0.335350 0.773040
0.335705 0.773677
0.336770 0.774951
0.338545 0.776863
0.339610 0.778137
0.340320 0.779412
0.341385 0.780686
0.342095 0.781642
0.344580 0.784190
0.346000 0.785783
0.347775 0.788013
0.349905 0.790244
0.352745 0.793111
0.361265 0.800438
0.362330 0.801075
0.363040 0.800438
0.362685 0.799483
0.362330 0.798845
0.361620 0.797571
0.360910 0.796615
0.360200 0.795659
0.358780 0.794067
0.358425 0.793429
0.358070 0.792474
0.357715 0.791836
0.357360 0.791199
0.356650 0.790244
0.356295 0.789606
0.355940 0.788651
0.355585 0.788013
0.355230 0.787376
0.354520 0.786420
0.354165 0.785783
0.353810 0.784828
0.353455 0.784190
0.353100 0.783553
0.352035 0.782279
0.351680 0.781642
0.350970 0.780367
0.350615 0.779730
0.350260 0.779093
0.349195 0.777819
0.348840 0.777181
0.348130 0.775907
0.347775 0.775270
0.347420 0.774633
0.346000 0.773040
0.345645 0.772403
0.344935 0.771128
0.344225 0.770172
0.343870 0.769535
0.342450 0.767942
0.342095 0.767305
0.341385 0.766031
0.341030 0.765394
0.340320 0.764438
0.339255 0.763164
0.338545 0.762208
0.338190 0.761252
0.337835 0.760615
0.337125 0.759659
0.336060 0.758385
0.335705 0.757748
0.335350 0.756792
0.334640 0.755836
0.334285 0.755199
0.333575 0.754243
0.333220 0.753606
0.332865 0.752650
0.332509 0.752013
0.332154 0.751376
0.331444 0.750420
0.331089 0.749783
0.330734 0.748827
0.330379 0.748190
0.330024 0.747553
0.329314 0.746278
0.328959 0.745641
0.328604 0.744685
0.328249 0.743730
0.327894 0.742774
0.327184 0.741818
0.326829 0.740862
0.326474 0.738951
0.326119 0.737995
0.325764 0.736721
0.325054 0.735128
0.324699 0.733853
0.324344 0.732579
0.323989 0.730030
0.323634 0.728756
0.322924 0.726845
0.322569 0.725252
0.322214 0.723340
0.321859 0.720473
0.321504 0.718880
0.320794 0.716650
0.320439 0.714738
0.320084 0.713145
0.319729 0.709004
0.319374 0.706455
0.318664 0.703269
0.318309 0.694986
0.318664 0.694030
0.318664 0.689251
0.319019 0.683198
0.319374 0.677463
0.319729 0.674278
0.320084 0.672366
0.320794 0.670455
0.321149 0.668862
0.321504 0.666631
0.321859 0.665357
0.322214 0.664083
0.322924 0.662171
0.323279 0.660897
0.323634 0.658348
0.323989 0.643056
[SKELETON]
0.323807 0.648270
0.323290 0.649692
0.323290 0.649692
0.322774 0.651116
0.322774 0.651116
0.322261 0.652543
0.322261 0.652543
0.321751 0.653972
0.321751 0.653972
0.321246 0.655403
0.321246 0.655403
0.320746 0.656836
0.320746 0.656836
0.320252 0.658272
0.319766 0.659711
0.319766 0.659711
0.319288 0.661152
0.319288 0.661152
0.318820 0.662596
0.318820 0.662596
0.318362 0.664043
0.318362 0.664043
0.317915 0.665493
0.317915 0.665493
0.317481 0.666945
0.317481 0.666945
0.317060 0.668401
0.316654 0.669860
0.316654 0.669860
0.316262 0.671322
0.316262 0.671322
0.315887 0.672787
0.315887 0.672787
0.315529 0.674256
0.315529 0.674256
0.315190 0.675728
0.315190 0.675728
0.314869 0.677204
0.314869 0.677204
0.314569 0.678683
0.314291 0.680166
0.314291 0.680166
0.314034 0.681652
0.314034 0.681652
0.313800 0.683143
0.313800 0.683143
0.313591 0.684637
0.313591 0.684637
0.313407 0.686135
0.313407 0.686135
0.313248 0.687637
0.313248 0.687637
0.313115 0.689142
0.313115 0.689142
0.313007 0.690651
0.312923 0.692162
0.312923 0.692162
0.312863 0.693676
0.312863 0.693676
0.312828 0.695191
0.312828 0.695191
0.312816 0.696708
0.312816 0.696708
0.312828 0.698226
0.312828 0.698226
0.312862 0.699744
0.312862 0.699744
0.312920 0.701263
0.313000 0.702782
0.313000 0.702782
0.313102 0.704301
0.313102 0.704301
0.313226 0.705819
0.313226 0.705819
0.313372 0.707336
0.313372 0.707336
0.313539 0.708851
0.313539 0.708851
0.313727 0.710364
0.313727 0.710364
0.313936 0.711874
0.314165 0.713382
0.314165 0.713382
0.314414 0.714887
0.314414 0.714887
0.314683 0.716389
0.314683 0.716389
0.314971 0.717886
0.314971 0.717886
0.315278 0.719380
0.315278 0.719380
0.315605 0.720868
0.315605 0.720868
0.315949 0.722352
0.316312 0.723830
0.316312 0.723830
0.316693 0.725303
0.316693 0.725303
0.317092 0.726770
0.317092 0.726770
0.317509 0.728231
0.317509 0.728231
0.317944 0.729686
0.317944 0.729686
0.318396 0.731136
0.318396 0.731136
0.318866 0.732579
0.319353 0.734017
0.319353 0.734017
0.319858 0.735449
0.319858 0.735449
0.320380 0.736875
0.320380 0.736875
0.320919 0.738294
0.320919 0.738294
0.321475 0.739708
0.321475 0.739708
0.322048 0.741115
0.322048 0.741115
0.322639 0.742516
0.323246 0.743911
0.323246 0.743911
0.323869 0.745300
0.323869 0.745300
0.324509 0.746682
0.324509 0.746682
0.325166 0.748057
0.325166 0.748057
0.325839 0.749426
0.325839 0.749426
0.326529 0.750789
0.326529 0.750789
0.327235 0.752145
0.327957 0.753494
0.327957 0.753494
0.328695 0.754837
0.328695 0.754837
0.329449 0.756173
0.329449 0.756173
0.330219 0.757502
0.330219 0.757502
0.331004 0.758825
0.331004 0.758825
0.331805 0.760140
0.331805 0.760140
0.332622 0.761449
0.333454 0.762750
0.333454 0.762750
0.334300 0.764046
0.334300 0.764046
0.335160 0.765335
0.335160 0.765335
0.336033 0.766619
0.336033 0.766619
0.336918 0.767898
0.336918 0.767898
0.337815 0.769172
0.337815 0.769172
0.338722 0.770441
0.338722 0.770441
0.339639 0.771707
0.340565 0.772969
0.340565 0.772969
0.341499 0.774227
0.341499 0.774227
0.342442 0.775483
0.342442 0.775483
0.343391 0.776736
0.343391 0.776736
0.344346 0.777987
0.344346 0.777987
0.345308 0.779237
0.345308 0.779237
0.346273 0.780485
0.347243 0.781732
0.347243 0.781732
0.348216 0.782979
0.348216 0.782979
0.349192 0.784225
0.349192 0.784225
0.350169 0.785472
0.350169 0.785472
0.351148 0.786719
0.351148 0.786719
0.352127 0.787967
0.352127 0.787967
0.353105 0.789217
0.354082 0.790468
0.354082 0.790468
0.355057 0.791721
0.355057 0.791721
0.356030 0.792977
0.356030 0.792977
0.356999 0.794236
0.356999 0.794236
0.357965 0.795498
0.357965 0.795498
0.358925 0.796764
0.358925 0.796764
0.359880 0.798034
