[CONTOUR]
0.995123 0.605540
0.994336 0.606599
0.993352 0.607305
0.992172 0.608011
0.991581 0.608188
0.990795 0.608718
0.990204 0.608894
0.989418 0.609247
0.988631 0.609777
0.988040 0.609953
0.987450 0.610306
0.986860 0.610483
0.985876 0.611013
0.985286 0.611366
0.984696 0.611542
0.984106 0.611895
0.983319 0.612248
0.982532 0.612601
0.981745 0.613131
0.981155 0.613308
0.980368 0.613837
0.979581 0.614190
0.978991 0.614367
0.978401 0.614720
0.977811 0.614897
0.977024 0.615426
0.976237 0.615779
0.975647 0.615956
0.975057 0.616309
0.974466 0.616485
0.973876 0.616838
0.973089 0.617192
0.972499 0.617368
0.971909 0.617721
0.971319 0.617898
0.970532 0.618251
0.969942 0.618604
0.969351 0.618780
0.968761 0.619134
0.968171 0.619310
0.967384 0.619663
0.966794 0.620016
0.966204 0.620193
0.965614 0.620546
0.964827 0.620899
0.964040 0.621075
0.963450 0.621429
0.962860 0.621605
0.962269 0.621958
0.961286 0.622311
0.960696 0.622488
0.960105 0.622841
0.959515 0.623017
0.958925 0.623371
0.958138 0.623724
0.957351 0.623900
0.956761 0.624253
0.956171 0.624430
0.955187 0.624783
0.954597 0.625136
0.953810 0.625313
0.953220 0.625666
0.952630 0.625842
0.951646 0.626195
0.951056 0.626548
0.950269 0.626725
0.949482 0.627078
0.948695 0.627254
0.947712 0.627608
0.946925 0.627961
0.945941 0.628137
0.945154 0.628490
0.944171 0.628843
0.942990 0.629020
0.942203 0.629373
0.941023 0.629550
0.940236 0.629903
0.938859 0.630256
0.937679 0.630432
0.936695 0.630785
0.935318 0.630962
0.933744 0.631315
0.932760 0.631668
0.931383 0.631845
0.930597 0.632198
0.929416 0.632374
0.927842 0.632727
0.927055 0.633080
0.925875 0.633257
0.924891 0.633610
0.923514 0.633787
0.921941 0.634140
0.921154 0.634493
0.919973 0.634669
0.919186 0.635022
0.917809 0.635375
0.916826 0.635552
0.916039 0.635905
0.915252 0.636082
0.914465 0.636435
0.913481 0.636788
0.912891 0.636964
0.912104 0.637317
0.911514 0.637494
0.910727 0.637847
0.909744 0.638200
0.909153 0.638377
0.908563 0.638730
0.907776 0.638906
0.906793 0.639259
0.906203 0.639612
0.905612 0.639789
0.904825 0.640142
0.903842 0.640319
0.902661 0.640672
0.901678 0.642084
0.907186 0.641378
0.910924 0.641201
0.912694 0.640848
0.917416 0.640495
0.920563 0.640319
0.922531 0.639966
0.926269 0.639789
0.929810 0.639436
0.931777 0.639083
0.934531 0.638906
0.935908 0.638553
0.937875 0.638377
0.940236 0.638024
0.941810 0.637670
0.943974 0.637494
0.945154 0.637141
0.947121 0.636788
0.948892 0.636611
0.950072 0.636258
0.951843 0.636082
0.952827 0.635728
0.954400 0.635375
0.955581 0.635199
0.956564 0.634846
0.957548 0.634669
0.958335 0.634316
0.959515 0.633963
0.960499 0.633787
0.961286 0.633433
0.962269 0.633257
0.963450 0.632904
0.964237 0.632551
0.965024 0.632374
0.965810 0.632021
0.966597 0.631845
0.967581 0.631491
0.968368 0.631138
0.969155 0.630962
0.969745 0.630609
0.970532 0.630432
0.971515 0.630079
0.972106 0.629726
0.972893 0.629550
0.973483 0.629196
0.974466 0.628843
0.975057 0.628667
0.975647 0.628314
0.976237 0.628137
0.976827 0.627784
0.977811 0.627431
0.978401 0.627254
0.978991 0.626901
0.979581 0.626725
0.980368 0.626372
0.980958 0.626019
0.981548 0.625842
0.982139 0.625489
0.982926 0.625136
0.983712 0.624783
0.984499 0.624253
0.985090 0.624077
0.985876 0.623547
0.986467 0.623371
0.987450 0.622841
0.988237 0.622311
0.988827 0.622135
0.989614 0.621605
0.990598 0.621075
0.991385 0.620722
0.992172 0.620193
0.992762 0.620016
0.993352 0.619663
0.994336 0.619134
0.994926 0.618957
0.995713 0.618427
0.996303 0.618251
0.997287 0.617545
0.998664 0.616662
0.999057 0.615956
0.999451 0.615426
0.999647 0.614543
1.000631 0.614014
0.999844 0.608011
0.999647 0.605540
[SKELETON]
0.996542 0.611002
0.995785 0.611494
0.995785 0.611494
0.995024 0.611981
0.995024 0.611981
0.994262 0.612463
0.994262 0.612463
0.993497 0.612940
0.993497 0.612940
0.992729 0.613412
0.992729 0.613412
0.991959 0.613879
0.991186 0.614341
0.991186 0.614341
0.990411 0.614799
0.990411 0.614799
0.989634 0.615251
0.989634 0.615251
0.988854 0.615699
0.988854 0.615699
0.988072 0.616142
0.988072 0.616142
0.987287 0.616580
0.987287 0.616580
0.986500 0.617013
0.985710 0.617442
0.985710 0.617442
0.984919 0.617865
0.984919 0.617865
0.984124 0.618284
0.984124 0.618284
0.983328 0.618698
0.983328 0.618698
0.982529 0.619108
0.982529 0.619108
0.981728 0.619513
0.980924 0.619913
0.980924 0.619913
0.980118 0.620308
0.980118 0.620308
0.979310 0.620699
0.979310 0.620699
0.978500 0.621085
0.978500 0.621085
0.977687 0.621466
0.977687 0.621466
0.976872 0.621843
0.976055 0.622215
0.976055 0.622215
0.975236 0.622583
0.975236 0.622583
0.974414 0.622946
0.974414 0.622946
0.973590 0.623305
0.973590 0.623305
0.972764 0.623659
0.972764 0.623659
0.971936 0.624008
0.971936 0.624008
0.971106 0.624353
0.970273 0.624693
0.970273 0.624693
0.969439 0.625029
0.969439 0.625029
0.968602 0.625361
0.968602 0.625361
0.967763 0.625688
0.967763 0.625688
0.966922 0.626010
0.966922 0.626010
0.966079 0.626328
0.965233 0.626642
0.965233 0.626642
0.964386 0.626951
0.964386 0.626951
0.963537 0.627256
0.963537 0.627256
0.962685 0.627557
0.962685 0.627557
0.961832 0.627853
0.961832 0.627853
0.960976 0.628145
0.960119 0.628433
0.960119 0.628433
0.959259 0.628716
0.959259 0.628716
0.958397 0.628995
0.958397 0.628995
0.957534 0.629270
0.957534 0.629270
0.956668 0.629540
0.956668 0.629540
0.955801 0.629806
0.955801 0.629806
0.954931 0.630068
0.954060 0.630326
0.954060 0.630326
0.953186 0.630579
0.953186 0.630579
0.952311 0.630829
0.952311 0.630829
0.951434 0.631074
0.951434 0.631074
0.950555 0.631315
0.950555 0.631315
0.949674 0.631552
0.948791 0.631785
0.948791 0.631785
0.947906 0.632013
0.947906 0.632013
0.947020 0.632238
0.947020 0.632238
0.946132 0.632460
0.946132 0.632460
0.945242 0.632677
0.945242 0.632677
0.944351 0.632892
0.944351 0.632892
0.943458 0.633102
0.942564 0.633310
0.942564 0.633310
0.941668 0.633515
0.941668 0.633515
0.940771 0.633716
0.940771 0.633716
0.939873 0.633915
0.939873 0.633915
0.938973 0.634111
0.938973 0.634111
0.938073 0.634305
0.937171 0.634496
0.937171 0.634496
0.936268 0.634685
0.936268 0.634685
0.935364 0.634871
0.935364 0.634871
0.934460 0.635056
0.934460 0.635056
0.933554 0.635238
0.933554 0.635238
0.932648 0.635419
0.931740 0.635598
0.931740 0.635598
0.930832 0.635775
0.930832 0.635775
0.929924 0.635951
0.929924 0.635951
0.929015 0.636126
0.929015 0.636126
0.928105 0.636299
0.928105 0.636299
0.927195 0.636472
0.927195 0.636472
0.926284 0.636643
0.925373 0.636814
0.925373 0.636814
0.924462 0.636984
0.924462 0.636984
0.923551 0.637153
0.923551 0.637153
0.922639 0.637322
0.922639 0.637322
0.921727 0.637491
0.921727 0.637491
0.920815 0.637659
0.919903 0.637827
0.919903 0.637827
0.918991 0.637996
0.918991 0.637996
0.918080 0.638164
0.918080 0.638164
0.917168 0.638333
0.917168 0.638333
0.916257 0.638503
0.916257 0.638503
0.915346 0.638673
0.914435 0.638843
0.914435 0.638843
0.913525 0.639015
0.913525 0.639015
0.912615 0.639187
0.912615 0.639187
0.911705 0.639360
0.911705 0.639360
0.910796 0.639535
0.910796 0.639535
0.909888 0.639711
0.909888 0.639711
0.908981 0.639888
0.908074 0.640067
0.908074 0.640067
0.907168 0.640248
0.907168 0.640248
0.906263 0.640431
0.906263 0.640431
0.905358 0.640615
0.905358 0.640615
0.904455 0.640802
0.904455 0.640802
0.903553 0.640990
