[CONTOUR]
0.635596 0.624069
0.635596 0.647835
0.636837 0.647835
0.637251 0.648206
0.637251 0.648578
0.637665 0.648949
0.637665 0.649692
0.638079 0.650063
0.638079 0.650434
0.638493 0.650806
0.638493 0.651548
0.638906 0.651920
0.638906 0.652662
0.639320 0.653034
0.639320 0.653405
0.639734 0.653776
0.639734 0.654148
0.640148 0.654519
0.640148 0.654890
0.640562 0.655262
0.640562 0.656004
0.641389 0.656747
0.641389 0.657119
0.641803 0.657490
0.641803 0.657861
0.642217 0.658233
0.642217 0.658604
0.642631 0.658975
0.642631 0.659347
0.643045 0.659718
0.643045 0.660089
0.643458 0.660461
0.643458 0.660832
0.644700 0.661946
0.644700 0.662317
0.645114 0.662689
0.645114 0.663060
0.645527 0.663431
0.645527 0.662689
0.645941 0.662317
0.645941 0.661946
0.645527 0.661575
0.645527 0.658604
0.645114 0.658233
0.645114 0.655633
0.644700 0.655262
0.644700 0.653776
0.644286 0.653405
0.644286 0.651548
0.643872 0.651177
0.643872 0.648206
0.643458 0.647835
0.643458 0.646349
0.643872 0.645978
0.643872 0.642265
0.644286 0.641893
0.644286 0.640037
0.644700 0.639665
0.644700 0.637437
0.645114 0.637066
0.645114 0.634466
0.645527 0.634095
0.645527 0.632238
0.645941 0.631867
0.645941 0.630381
0.646355 0.630010
0.646355 0.626668
0.645941 0.626297
0.645941 0.625554
0.645527 0.625183
0.645527 0.624440
0.645114 0.624069
[CONTOUR]
0.708011 0.470331
0.706356 0.471073
0.704287 0.473302
0.701391 0.476272
0.696425 0.481100
0.693115 0.484442
0.688563 0.488898
0.683597 0.493726
0.679045 0.498182
0.679045 0.498553
0.674907 0.502638
0.672011 0.505609
0.669528 0.508208
0.667873 0.510065
0.666631 0.511550
0.665390 0.513036
0.664562 0.514150
0.663735 0.515264
0.662493 0.516749
0.662079 0.517492
0.661252 0.518606
0.660424 0.519720
0.660010 0.520463
0.659597 0.521205
0.658769 0.522319
0.658355 0.522691
0.657941 0.523433
0.657528 0.524176
0.657114 0.524919
0.656286 0.526033
0.655872 0.526776
0.655459 0.527518
0.655045 0.528261
0.654631 0.529004
0.654217 0.529746
0.653803 0.530489
0.653390 0.531232
0.652976 0.531974
0.652562 0.532717
0.652148 0.533460
0.651734 0.534574
0.651321 0.535317
0.651321 0.535688
0.650907 0.536431
0.650493 0.537545
0.650079 0.538287
0.649665 0.539401
0.649252 0.540144
0.648838 0.541258
0.648424 0.542001
0.648010 0.542744
0.647596 0.543486
0.647183 0.544600
0.646769 0.545714
0.646355 0.546457
0.645941 0.547571
0.645527 0.548685
0.645114 0.549428
0.644700 0.550542
0.644286 0.550913
0.643872 0.551656
0.643458 0.553141
0.643045 0.553884
0.642631 0.554998
0.642217 0.556112
0.641803 0.557597
0.641389 0.558711
0.640975 0.559825
0.640562 0.561311
0.640148 0.563168
0.639734 0.565024
0.639320 0.566881
0.638906 0.568738
0.638493 0.571709
0.638079 0.574679
0.638079 0.576907
0.637665 0.579507
0.637251 0.581364
0.635596 0.581735
0.638906 0.613671
0.640975 0.614042
0.642631 0.614414
0.644286 0.614785
0.645941 0.615156
0.646769 0.614785
0.647596 0.613671
0.648010 0.612928
0.648424 0.611071
0.648838 0.608101
0.649252 0.604387
0.649665 0.601416
0.650079 0.596218
0.650493 0.595846
0.650907 0.591761
0.651321 0.588419
0.651734 0.585448
0.652148 0.580992
0.652562 0.577650
0.652976 0.574308
0.653390 0.571709
0.653803 0.569481
0.654217 0.567995
0.654631 0.566510
0.655045 0.565396
0.655459 0.563539
0.655872 0.562425
0.656286 0.561311
0.656700 0.560197
0.656700 0.559083
0.657114 0.557969
0.657528 0.557226
0.657941 0.556112
0.658355 0.554627
0.658769 0.553513
0.659183 0.552770
0.659597 0.551656
0.660010 0.550542
0.660424 0.549428
0.660838 0.548685
0.661252 0.547571
0.661666 0.546457
0.662079 0.545343
0.662493 0.544600
0.662907 0.543486
0.663321 0.542372
0.663735 0.542001
0.664148 0.541258
0.664562 0.540144
0.664976 0.539401
0.665390 0.538287
0.665804 0.537173
0.666217 0.536431
0.666631 0.535688
0.667045 0.534574
0.667459 0.533831
0.667873 0.533088
0.668286 0.532346
0.668700 0.531232
0.669114 0.530489
0.669528 0.529746
0.669942 0.529004
0.669942 0.528632
0.670355 0.527890
0.670769 0.527147
0.671183 0.526404
0.671597 0.525662
0.672011 0.524919
0.672838 0.523805
0.673252 0.523062
0.674080 0.521948
0.674907 0.520834
0.675735 0.519720
0.676562 0.518606
0.677390 0.517492
0.678218 0.516378
0.679045 0.515264
0.679873 0.514150
0.680701 0.513036
0.681942 0.511922
0.683183 0.510436
0.683597 0.509694
0.684839 0.508208
0.686080 0.506723
0.686908 0.505609
0.687735 0.504495
0.688563 0.503381
0.689804 0.501895
0.690632 0.500781
0.691459 0.499667
0.692287 0.498553
0.693115 0.497439
0.693942 0.496325
0.694770 0.495211
0.695597 0.494097
0.696011 0.493354
0.696011 0.492983
0.696839 0.491869
0.697666 0.490755
0.698080 0.490012
0.698908 0.488898
0.699322 0.488155
0.700149 0.487041
0.700563 0.486299
0.700977 0.485556
0.701391 0.484813
0.702218 0.483699
0.702632 0.482957
0.703046 0.482214
0.703460 0.481471
0.703873 0.480728
0.704287 0.479986
0.704701 0.479614
0.705115 0.478500
0.705529 0.477758
0.705942 0.477015
0.706356 0.475901
0.706770 0.475158
0.707184 0.474416
0.707598 0.473302
0.708011 0.472188
[SKELETON]
0.706430 0.475215
0.705101 0.476592
0.705101 0.476592
0.703775 0.477971
0.703775 0.477971
0.702455 0.479352
0.702455 0.479352
0.701138 0.480737
0.699827 0.482124
0.699827 0.482124
0.698522 0.483515
0.698522 0.483515
0.697223 0.484908
0.697223 0.484908
0.695930 0.486305
0.694644 0.487705
0.694644 0.487705
0.693365 0.489109
0.693365 0.489109
0.692093 0.490516
0.692093 0.490516
0.690830 0.491927
0.690830 0.491927
0.689575 0.493342
0.688328 0.494761
0.688328 0.494761
0.687091 0.496184
0.687091 0.496184
0.685864 0.497612
0.685864 0.497612
0.684646 0.499043
0.683439 0.500480
0.683439 0.500480
0.682242 0.501920
0.682242 0.501920
0.681057 0.503366
0.681057 0.503366
0.679883 0.504816
0.678721 0.506271
0.678721 0.506271
0.677571 0.507732
0.677571 0.507732
0.676435 0.509197
0.676435 0.509197
0.675311 0.510668
0.674201 0.512145
0.674201 0.512145
0.673105 0.513627
0.673105 0.513627
0.672023 0.515114
0.672023 0.515114
0.670955 0.516608
0.669903 0.518107
0.669903 0.518107
0.668867 0.519613
0.668867 0.519613
0.667846 0.521124
0.667846 0.521124
0.666842 0.522642
0.665854 0.524166
0.665854 0.524166
0.664884 0.525697
0.664884 0.525697
0.663931 0.527235
0.663931 0.527235
0.662996 0.528779
0.662996 0.528779
0.662079 0.530330
0.661181 0.531888
0.661181 0.531888
0.660302 0.533454
0.660302 0.533454
0.659442 0.535026
0.659442 0.535026
0.658602 0.536606
0.657783 0.538194
0.657783 0.538194
0.656984 0.539789
0.656984 0.539789
0.656207 0.541392
0.656207 0.541392
0.655451 0.543003
0.654716 0.544621
0.654716 0.544621
0.654003 0.546248
0.654003 0.546248
0.653311 0.547881
0.653311 0.547881
0.652641 0.549522
0.651993 0.551171
0.651993 0.551171
0.651366 0.552826
0.651366 0.552826
0.650761 0.554489
0.650761 0.554489
0.650178 0.556158
0.649616 0.557834
0.649616 0.557834
0.649076 0.559517
0.649076 0.559517
0.648558 0.561206
0.648558 0.561206
0.648061 0.562901
0.648061 0.562901
0.647586 0.564603
0.647133 0.566311
0.647133 0.566311
0.646702 0.568025
0.646702 0.568025
0.646292 0.569744
0.646292 0.569744
0.645904 0.571470
0.645538 0.573201
0.645538 0.573201
0.645194 0.574937
0.645194 0.574937
0.644872 0.576679
0.644872 0.576679
0.644571 0.578426
0.644293 0.580178
0.644293 0.580178
0.644036 0.581935
0.644036 0.581935
0.643801 0.583696
0.643801 0.583696
0.643588 0.585463
0.643397 0.587233
0.643397 0.587233
0.643228 0.589009
0.643228 0.589009
0.643081 0.590788
0.643081 0.590788
0.642956 0.592572
0.642853 0.594360
0.642853 0.594360
0.642772 0.596152
0.642772 0.596152
0.642713 0.597947
0.642713 0.597947
0.642676 0.599746
0.642676 0.599746
0.642661 0.601549
0.642669 0.603354
0.642669 0.603354
0.642698 0.605164
0.642698 0.605164
0.642749 0.606976
0.642749 0.606976
0.642823 0.608791
0.642682 0.610332
0.642682 0.610332
0.642542 0.611872
0.642542 0.611872
0.642402 0.613413
0.642402 0.613413
0.642261 0.614954
0.642121 0.616494
0.642121 0.616494
0.641981 0.618035
0.641981 0.618035
0.641840 0.619576
0.641840 0.619576
0.641700 0.621116
0.641560 0.622657
0.641560 0.622657
0.641420 0.624198
0.641420 0.624198
0.641279 0.625738
0.641279 0.625738
0.641139 0.627279
0.640999 0.628820
0.640999 0.628820
0.640705 0.630592
0.640705 0.630592
0.640453 0.632391
0.640453 0.632391
0.640248 0.634212
0.640093 0.636050
0.640093 0.636050
0.639991 0.637899
0.639991 0.637899
0.639946 0.639754
0.639946 0.639754
0.639962 0.641611
0.639962 0.641611
0.640043 0.643464
0.640192 0.645307
0.640192 0.645307
0.640412 0.647137
0.640412 0.647137
0.640709 0.648946
0.640709 0.648946
0.641084 0.650731
0.641542 0.652487
0.641542 0.652487
0.642087 0.654207
0.642087 0.654207
0.642721 0.655887
0.642721 0.655887
0.643450 0.657522
