[CONTOUR]
0.774729 0.318490
0.775172 0.319683
0.776058 0.320081
0.777388 0.320877
0.778717 0.321274
0.779604 0.321672
0.780933 0.322070
0.781820 0.322468
0.782706 0.322865
0.784479 0.323263
0.785365 0.323661
0.786252 0.324058
0.788025 0.324456
0.789354 0.324854
0.790241 0.325252
0.792457 0.326047
0.794229 0.326445
0.795559 0.326843
0.796889 0.327240
0.798661 0.327638
0.802207 0.328036
0.803980 0.328433
0.805753 0.328831
0.807969 0.329229
0.809741 0.329627
0.811071 0.330024
0.813287 0.330820
0.815503 0.331218
0.817719 0.331615
0.819048 0.332013
0.820821 0.332411
0.823480 0.332808
0.826140 0.333206
0.828356 0.333604
0.830572 0.334002
0.832344 0.334399
0.834117 0.334797
0.836776 0.335593
0.838992 0.335990
0.840765 0.336388
0.842538 0.336786
0.844311 0.337183
0.846527 0.337581
0.849186 0.337979
0.850959 0.338377
0.852732 0.338774
0.854504 0.339172
0.855834 0.339570
0.857607 0.339968
0.859823 0.340763
0.861596 0.341161
0.862925 0.341558
0.864255 0.341956
0.866471 0.342354
0.868243 0.342752
0.870903 0.343149
0.873562 0.343547
0.875335 0.343945
0.877107 0.344343
0.878880 0.344740
0.881539 0.345536
0.883312 0.345933
0.885528 0.346331
0.887301 0.346729
0.889960 0.347127
0.891733 0.347524
0.895279 0.347922
0.897938 0.348320
0.900154 0.348718
0.902370 0.349115
0.904586 0.349513
0.906802 0.349911
0.909018 0.350706
0.910791 0.351104
0.913007 0.351502
0.915666 0.351899
0.917882 0.352297
0.921870 0.352695
0.924086 0.353093
0.926302 0.353490
0.928518 0.353888
0.930734 0.354286
0.933394 0.354683
0.936053 0.355479
0.937826 0.355877
0.940042 0.356274
0.942258 0.356672
0.944474 0.357070
0.946246 0.357468
0.950235 0.357865
0.952451 0.358263
0.954224 0.358661
0.956440 0.359058
0.959099 0.359456
0.962202 0.360252
0.964418 0.360649
0.967077 0.361047
0.969736 0.361445
0.972838 0.361843
0.975497 0.362240
0.979043 0.362638
0.979486 0.364229
0.990566 0.361445
0.988793 0.361047
0.987464 0.360649
0.986577 0.360252
0.984361 0.359854
0.983475 0.359456
0.982589 0.359058
0.981259 0.358661
0.980373 0.358263
0.979043 0.357468
0.977713 0.357070
0.976827 0.356672
0.975497 0.356274
0.974611 0.355877
0.973725 0.355479
0.971952 0.355081
0.970622 0.354683
0.969736 0.354286
0.968406 0.353888
0.967077 0.353490
0.966190 0.353093
0.964418 0.352297
0.963088 0.351899
0.961758 0.351502
0.960872 0.351104
0.959542 0.350706
0.957326 0.350308
0.955997 0.349911
0.955110 0.349513
0.953781 0.349115
0.952008 0.348718
0.950235 0.348320
0.948462 0.347524
0.947133 0.347127
0.945360 0.346729
0.943587 0.346331
0.942258 0.345933
0.940928 0.345536
0.937382 0.345138
0.935610 0.344740
0.933837 0.344343
0.931621 0.343945
0.929848 0.343547
0.928075 0.342752
0.926302 0.342354
0.924086 0.341956
0.922314 0.341558
0.920541 0.341161
0.918768 0.340763
0.915223 0.340365
0.913893 0.339968
0.912120 0.339570
0.910347 0.339172
0.908575 0.338774
0.907245 0.338377
0.905029 0.337581
0.903256 0.337183
0.901483 0.336786
0.900154 0.336388
0.898381 0.335990
0.895722 0.335593
0.892619 0.335195
0.890847 0.334797
0.888631 0.334399
0.886415 0.334002
0.884642 0.333604
0.882426 0.332808
0.880210 0.332411
0.877994 0.332013
0.876221 0.331615
0.874448 0.331218
0.872675 0.330820
0.869573 0.330422
0.867800 0.330024
0.865584 0.329627
0.863812 0.329229
0.862039 0.328831
0.860709 0.328433
0.857607 0.327638
0.855834 0.327240
0.853618 0.326843
0.851845 0.326445
0.849186 0.326047
0.845197 0.325649
0.843424 0.325252
0.839879 0.324854
0.837220 0.324456
0.834560 0.324058
0.831458 0.323661
0.827026 0.322865
0.823480 0.322468
0.820378 0.322070
0.816832 0.321672
0.812844 0.321274
0.809298 0.320877
0.802650 0.320479
0.799991 0.320081
0.799548 0.318490
[SKELETON]
0.780492 0.320077
0.782557 0.320432
0.782557 0.320432
0.784622 0.320788
0.784622 0.320788
0.786686 0.321144
0.786686 0.321144
0.788749 0.321502
0.788749 0.321502
0.790813 0.321861
0.790813 0.321861
0.792875 0.322220
0.792875 0.322220
0.794938 0.322581
0.794938 0.322581
0.797000 0.322942
0.797000 0.322942
0.799061 0.323305
0.799061 0.323305
0.801122 0.323668
0.801122 0.323668
0.803182 0.324033
0.803182 0.324033
0.805242 0.324399
0.805242 0.324399
0.807302 0.324765
0.807302 0.324765
0.809361 0.325133
0.809361 0.325133
0.811420 0.325502
0.811420 0.325502
0.813478 0.325871
0.813478 0.325871
0.815535 0.326242
0.815535 0.326242
0.817592 0.326614
0.817592 0.326614
0.819649 0.326987
0.819649 0.326987
0.821705 0.327361
0.821705 0.327361
0.823761 0.327736
0.823761 0.327736
0.825816 0.328112
0.825816 0.328112
0.827870 0.328489
0.827870 0.328489
0.829924 0.328868
0.829924 0.328868
0.831978 0.329247
0.831978 0.329247
0.834031 0.329628
0.834031 0.329628
0.836084 0.330010
0.836084 0.330010
0.838136 0.330393
0.838136 0.330393
0.840187 0.330777
0.840187 0.330777
0.842238 0.331162
0.842238 0.331162
0.844289 0.331548
0.844289 0.331548
0.846338 0.331936
0.846338 0.331936
0.848388 0.332324
0.848388 0.332324
0.850437 0.332714
0.852485 0.333105
0.852485 0.333105
0.854532 0.333498
0.854532 0.333498
0.856580 0.333891
0.856580 0.333891
0.858626 0.334286
0.858626 0.334286
0.860672 0.334682
0.860672 0.334682
0.862718 0.335079
0.862718 0.335079
0.864762 0.335477
0.864762 0.335477
0.866807 0.335877
0.866807 0.335877
0.868850 0.336278
0.868850 0.336278
0.870894 0.336680
0.870894 0.336680
0.872936 0.337083
0.872936 0.337083
0.874978 0.337488
0.874978 0.337488
0.877019 0.337894
0.877019 0.337894
0.879060 0.338301
0.879060 0.338301
0.881100 0.338710
0.881100 0.338710
0.883140 0.339120
0.883140 0.339120
0.885179 0.339531
0.885179 0.339531
0.887217 0.339943
0.887217 0.339943
0.889255 0.340357
0.889255 0.340357
0.891292 0.340772
0.891292 0.340772
0.893329 0.341188
0.893329 0.341188
0.895365 0.341606
0.895365 0.341606
0.897400 0.342025
0.897400 0.342025
0.899435 0.342446
0.899435 0.342446
0.901469 0.342868
0.901469 0.342868
0.903502 0.343291
0.903502 0.343291
0.905535 0.343716
0.905535 0.343716
0.907567 0.344142
0.907567 0.344142
0.909598 0.344569
0.909598 0.344569
0.911629 0.344998
0.911629 0.344998
0.913659 0.345428
0.913659 0.345428
0.915689 0.345860
0.915689 0.345860
0.917718 0.346293
0.919746 0.346727
0.919746 0.346727
0.921773 0.347163
0.921773 0.347163
0.923800 0.347601
0.923800 0.347601
0.925826 0.348040
0.925826 0.348040
0.927852 0.348480
0.927852 0.348480
0.929877 0.348922
0.929877 0.348922
0.931901 0.349365
0.931901 0.349365
0.933924 0.349810
0.933924 0.349810
0.935947 0.350256
0.935947 0.350256
0.937969 0.350704
0.937969 0.350704
0.939990 0.351153
0.939990 0.351153
0.942011 0.351604
0.942011 0.351604
0.944031 0.352056
0.944031 0.352056
0.946050 0.352510
0.946050 0.352510
0.948069 0.352966
0.948069 0.352966
0.950087 0.353423
0.950087 0.353423
0.952104 0.353881
0.952104 0.353881
0.954120 0.354341
0.954120 0.354341
0.956136 0.354803
0.956136 0.354803
0.958151 0.355266
0.958151 0.355266
0.960165 0.355731
0.960165 0.355731
0.962178 0.356197
0.962178 0.356197
0.964191 0.356665
0.964191 0.356665
0.966203 0.357135
0.966203 0.357135
0.968214 0.357606
0.968214 0.357606
0.970225 0.358079
0.970225 0.358079
0.972235 0.358553
0.972235 0.358553
0.974244 0.359030
0.974244 0.359030
0.976252 0.359507
0.976252 0.359507
0.978259 0.359987
0.978259 0.359987
0.980266 0.360468
0.980266 0.360468
0.982272 0.360950
0.982272 0.360950
0.984277 0.361435
0.984277 0.361435
0.986282 0.361921
