[CONTOUR]
0.308186 0.939765
0.308841 0.943649
0.309104 0.944237
0.309366 0.944825
0.309628 0.945532
0.309891 0.946473
0.310153 0.947650
0.310415 0.948592
0.310677 0.949063
0.310940 0.949769
0.311202 0.950593
0.311464 0.951299
0.311727 0.952005
0.311989 0.952593
0.312251 0.953300
0.312514 0.954006
0.312776 0.954594
0.313038 0.955183
0.313300 0.955889
0.313563 0.956595
0.313825 0.957066
0.314087 0.957654
0.314350 0.958243
0.314612 0.958831
0.314874 0.959420
0.315137 0.960008
0.315399 0.960714
0.315661 0.961420
0.315923 0.961891
0.316186 0.962480
0.316448 0.962950
0.316710 0.963539
0.316973 0.964127
0.317235 0.964951
0.317497 0.965657
0.317760 0.966481
0.318022 0.967070
0.318284 0.967658
0.318546 0.968247
0.318809 0.968835
0.319071 0.969541
0.319333 0.970130
0.319596 0.970718
0.319858 0.971307
0.320120 0.971895
0.320383 0.972366
0.320645 0.972955
0.320907 0.973425
0.321170 0.973896
0.321432 0.974485
0.321694 0.974955
0.321956 0.975544
0.322219 0.976015
0.322481 0.976485
0.322743 0.976956
0.323006 0.977545
0.323268 0.978015
0.323530 0.978486
0.323793 0.978957
0.324055 0.979545
0.324186 0.979899
0.324579 0.980487
0.324842 0.980958
0.325104 0.981429
0.325366 0.981899
0.325629 0.982370
0.325891 0.982841
0.326153 0.983312
0.326547 0.983900
0.326809 0.984371
0.327071 0.984842
0.327465 0.985430
0.327727 0.985901
0.327989 0.986372
0.328383 0.986960
0.328645 0.987431
0.328907 0.987902
0.329301 0.988490
0.329563 0.988961
0.329957 0.989550
0.330219 0.990020
0.330481 0.990491
0.330743 0.990962
0.331137 0.991550
0.331530 0.992256
0.331793 0.992727
0.332186 0.993316
0.332448 0.993787
0.332711 0.994257
0.333235 0.994963
0.333760 0.995670
0.334153 0.996258
0.334547 0.996847
0.334809 0.997553
0.335334 0.998024
0.336121 0.998494
0.336645 0.998730
0.337432 0.998965
0.338088 0.999200
0.338875 0.999436
0.339531 0.999671
0.340973 0.999907
0.342416 1.000142
0.345695 1.000377
0.353433 1.000848
0.353695 1.000142
0.354219 0.999907
0.356449 0.999671
0.357367 0.999436
0.358416 0.996964
0.356711 0.996729
0.353039 0.996494
0.351728 0.996140
0.351072 0.995905
0.350547 0.995670
0.349629 0.995434
0.348842 0.995081
0.346088 0.992610
0.345432 0.991786
0.344908 0.991080
0.344383 0.990373
0.343859 0.989667
0.343465 0.989079
0.342940 0.988373
0.342547 0.987784
0.342022 0.987078
0.341629 0.986489
0.341367 0.986019
0.340973 0.985430
0.340580 0.984842
0.340055 0.984136
0.339662 0.983547
0.339268 0.982959
0.338744 0.982252
0.338350 0.981664
0.337957 0.981075
0.337563 0.980487
0.337170 0.979899
0.336776 0.979310
0.336383 0.978722
0.336121 0.978251
0.335727 0.977662
0.335203 0.976956
0.334809 0.976368
0.334416 0.975779
0.334022 0.975191
0.333629 0.974602
0.333235 0.974014
0.332973 0.973543
0.332580 0.972955
0.332317 0.972484
0.331924 0.971895
0.331530 0.971307
0.331268 0.970836
0.331006 0.970365
0.330743 0.969894
0.330350 0.969306
0.330088 0.968835
0.329694 0.968247
0.329432 0.967776
0.329039 0.967187
0.328776 0.966717
0.328383 0.966128
0.327989 0.965540
0.327727 0.965069
0.327334 0.964481
0.327071 0.964010
0.326678 0.963421
0.326416 0.962950
0.326022 0.962362
0.325629 0.961774
0.325235 0.961185
0.324973 0.960714
0.324579 0.960126
0.324317 0.959655
0.323924 0.959067
0.323661 0.958596
0.323268 0.958007
0.323006 0.957537
0.322743 0.957066
0.322350 0.956595
0.322088 0.956124
0.321694 0.955536
0.321432 0.955065
0.321170 0.954594
0.320907 0.954123
0.320514 0.953535
0.320120 0.952946
0.319727 0.952358
0.319465 0.951887
0.319071 0.951299
0.318678 0.950710
0.318153 0.950004
0.317628 0.949298
0.317104 0.948592
0.316448 0.947768
0.315923 0.947062
0.315137 0.946120
0.310809 0.942001
0.308579 0.939765
[SKELETON]
0.309061 0.941288
0.309371 0.941768
0.309371 0.941768
0.309678 0.942248
0.309983 0.942729
0.309983 0.942729
0.310286 0.943211
0.310586 0.943693
0.310885 0.944176
0.310885 0.944176
0.311181 0.944660
0.311475 0.945144
0.311475 0.945144
0.311767 0.945628
0.312057 0.946113
0.312057 0.946113
0.312345 0.946599
0.312631 0.947085
0.312631 0.947085
0.312915 0.947571
0.313198 0.948058
0.313479 0.948546
0.313479 0.948546
0.313758 0.949034
0.314036 0.949522
0.314036 0.949522
0.314312 0.950011
0.314587 0.950500
0.314587 0.950500
0.314860 0.950990
0.315133 0.951480
0.315133 0.951480
0.315403 0.951970
0.315673 0.952461
0.315941 0.952952
0.315941 0.952952
0.316208 0.953443
0.316474 0.953935
0.316474 0.953935
0.316739 0.954426
0.317004 0.954919
0.317004 0.954919
0.317267 0.955411
0.317529 0.955904
0.317791 0.956397
0.317791 0.956397
0.318052 0.956890
0.318312 0.957383
0.318312 0.957383
0.318572 0.957877
0.318831 0.958370
0.318831 0.958370
0.319090 0.958864
0.319348 0.959358
0.319348 0.959358
0.319606 0.959852
0.319863 0.960347
0.320121 0.960841
0.320121 0.960841
0.320378 0.961336
0.320635 0.961830
0.320635 0.961830
0.320892 0.962325
0.321148 0.962819
0.321148 0.962819
0.321405 0.963314
0.321662 0.963809
0.321662 0.963809
0.321919 0.964303
0.322176 0.964798
0.322434 0.965293
0.322434 0.965293
0.322692 0.965787
0.322950 0.966282
0.322950 0.966282
0.323208 0.966776
0.323467 0.967271
0.323467 0.967271
0.323727 0.967765
0.323987 0.968259
0.323987 0.968259
0.324248 0.968753
0.324510 0.969247
0.324772 0.969741
0.324772 0.969741
0.325035 0.970235
0.325299 0.970728
0.325299 0.970728
0.325564 0.971222
0.325830 0.971715
0.325830 0.971715
0.326097 0.972207
0.326365 0.972700
0.326365 0.972700
0.326635 0.973192
0.326905 0.973684
0.327177 0.974176
0.327177 0.974176
0.327450 0.974668
0.327725 0.975159
0.327725 0.975159
0.328001 0.975650
0.328278 0.976140
0.328278 0.976140
0.328557 0.976630
0.328838 0.977120
0.329120 0.977609
0.329120 0.977609
0.329404 0.978097
0.329690 0.978585
0.329690 0.978585
0.329977 0.979073
0.330266 0.979559
0.330266 0.979559
0.330557 0.980045
0.330850 0.980529
0.330850 0.980529
0.331145 0.981013
0.331442 0.981496
0.331741 0.981978
0.331741 0.981978
0.332041 0.982459
0.332344 0.982939
0.332344 0.982939
0.332649 0.983418
0.332956 0.983895
0.332956 0.983895
0.333265 0.984371
0.333577 0.984846
0.333577 0.984846
0.333891 0.985319
0.334207 0.985791
0.334525 0.986262
0.334525 0.986262
0.334846 0.986731
0.335170 0.987198
0.335170 0.987198
0.335496 0.987664
0.335824 0.988128
0.335824 0.988128
0.336155 0.988590
0.336488 0.989051
0.336488 0.989051
0.336824 0.989510
0.337163 0.989966
0.337505 0.990421
0.337505 0.990421
0.337849 0.990874
0.338196 0.991324
0.338196 0.991324
0.338546 0.991773
0.338899 0.992219
0.338899 0.992219
0.339256 0.992663
0.339618 0.993102
0.339618 0.993102
0.339988 0.993533
0.340370 0.993954
0.340766 0.994362
0.340766 0.994362
0.341178 0.994755
0.341610 0.995130
0.341610 0.995130
0.342063 0.995484
0.342541 0.995815
0.342541 0.995815
0.343046 0.996121
0.343577 0.996402
0.344129 0.996659
0.344129 0.996659
0.344699 0.996895
0.345283 0.997111
0.345283 0.997111
0.345879 0.997308
0.346483 0.997490
0.346483 0.997490
0.347091 0.997656
0.347700 0.997809
0.347700 0.997809
0.348307 0.997949
0.348913 0.998076
0.349519 0.998189
0.349519 0.998189
0.350124 0.998287
0.350731 0.998367
0.350731 0.998367
0.351339 0.998431
0.351949 0.998475
0.351949 0.998475
0.352562 0.998500
0.353178 0.998503
0.353178 0.998503
0.353798 0.998485
0.354422 0.998444
0.355052 0.998378
0.355052 0.998378
0.355688 0.998288
0.356330 0.998170
0.356330 0.998170
0.356979 0.998026
