[CONTOUR]
0.094890 0.793283
0.096029 0.799675
0.096599 0.802488
0.097169 0.807090
0.097739 0.809647
0.098309 0.812204
0.098878 0.814505
0.099448 0.816806
0.100018 0.818851
0.100588 0.820897
0.101158 0.822687
0.101728 0.824476
0.102297 0.826011
0.102867 0.827545
0.103437 0.828823
0.104007 0.830613
0.104577 0.831891
0.105147 0.833170
0.105716 0.834448
0.106286 0.835726
0.106856 0.836749
0.107426 0.838028
0.107996 0.839050
0.108565 0.840329
0.109420 0.841607
0.109990 0.842886
0.110845 0.844420
0.111415 0.845442
0.111984 0.846465
0.112554 0.847488
0.113124 0.848511
0.113694 0.849533
0.114264 0.850556
0.114834 0.851579
0.115403 0.852601
0.115973 0.853624
0.116543 0.854647
0.117113 0.855670
0.117683 0.856692
0.118537 0.857971
0.119392 0.859249
0.119962 0.860272
0.120817 0.861550
0.121671 0.862829
0.122526 0.864107
0.123381 0.865386
0.124521 0.866920
0.125660 0.868454
0.126800 0.869988
0.127940 0.871522
0.129649 0.873312
0.131359 0.875357
0.132783 0.877147
0.134777 0.879448
0.138196 0.883028
0.143610 0.888397
0.158995 0.902204
0.163269 0.905528
0.165548 0.907062
0.167827 0.908596
0.169537 0.909619
0.170961 0.910386
0.172386 0.911153
0.173526 0.911664
0.174950 0.912175
0.176090 0.912687
0.177514 0.913198
0.178939 0.913709
0.180649 0.914221
0.182358 0.914732
0.184922 0.915244
0.187771 0.915755
0.190905 0.916266
0.194039 0.916778
0.197743 0.917289
0.201447 0.917800
0.205436 0.918312
0.208855 0.918823
0.212274 0.919334
0.215408 0.919846
0.218257 0.920357
0.220536 0.920869
0.223101 0.921380
0.226235 0.921891
0.229369 0.922403
0.233073 0.922914
0.237061 0.923425
0.240765 0.922658
0.239341 0.922147
0.237916 0.921636
0.236491 0.921124
0.235067 0.920613
0.233642 0.920101
0.232503 0.919590
0.231363 0.919079
0.230223 0.918567
0.229084 0.918056
0.227659 0.917289
0.226520 0.916778
0.225380 0.916266
0.224240 0.915755
0.223101 0.915244
0.221961 0.914732
0.220821 0.914221
0.219682 0.913709
0.218257 0.913198
0.216832 0.912687
0.215408 0.912175
0.213698 0.911664
0.212274 0.911153
0.210279 0.910641
0.208285 0.910130
0.206006 0.909619
0.204011 0.909107
0.201732 0.908596
0.199738 0.908084
0.197743 0.907573
0.195749 0.907062
0.193755 0.906550
0.192045 0.906039
0.190336 0.905528
0.188626 0.905016
0.187202 0.904505
0.185777 0.903994
0.184637 0.903482
0.183213 0.902971
0.182073 0.902459
0.180649 0.901692
0.179224 0.900925
0.177799 0.900158
0.176090 0.899136
0.173811 0.897601
0.170392 0.895045
0.164693 0.890442
0.152442 0.879448
0.147314 0.874334
0.143895 0.870755
0.141330 0.867942
0.139336 0.865641
0.137912 0.863851
0.136487 0.862062
0.135347 0.860528
0.134208 0.858994
0.132783 0.857204
0.131643 0.855670
0.130504 0.854136
0.129649 0.852857
0.128794 0.851579
0.127940 0.850300
0.127085 0.849022
0.126515 0.848255
0.125660 0.846976
0.125090 0.845954
0.124236 0.844675
0.123666 0.843653
0.123096 0.842630
0.122241 0.841351
0.121671 0.840329
0.121102 0.839306
0.120532 0.838283
0.119962 0.837261
0.119392 0.836238
0.118822 0.835215
0.118253 0.833937
0.117683 0.832914
0.117113 0.831891
0.116543 0.830869
0.115973 0.829846
0.115403 0.828823
0.114834 0.827545
0.114264 0.826522
0.113694 0.825499
0.113124 0.824476
0.112554 0.823198
0.111984 0.822175
0.111415 0.821153
0.110845 0.820130
0.110275 0.819107
0.109705 0.817829
0.109135 0.816806
0.108565 0.815783
0.107996 0.814505
0.107426 0.813226
0.106856 0.812204
0.106286 0.810925
0.105716 0.809903
0.105147 0.808880
0.104577 0.807601
0.104007 0.806579
0.103437 0.805300
0.102867 0.804278
0.102297 0.803255
0.101728 0.802232
0.100873 0.800954
0.100303 0.799931
0.099448 0.798653
0.098878 0.797630
0.097739 0.796096
0.096599 0.794562
0.095744 0.793283
[SKELETON]
0.096961 0.796262
0.097327 0.797431
0.097697 0.798598
0.097697 0.798598
0.098072 0.799762
0.098450 0.800924
0.098833 0.802083
0.099221 0.803239
0.099221 0.803239
0.099613 0.804393
0.100009 0.805544
0.100410 0.806692
0.100410 0.806692
0.100816 0.807838
0.101227 0.808981
0.101642 0.810121
0.102063 0.811259
0.102063 0.811259
0.102488 0.812394
0.102918 0.813526
0.103354 0.814656
0.103795 0.815784
0.103795 0.815784
0.104241 0.816908
0.104692 0.818030
0.105149 0.819149
0.105611 0.820266
0.105611 0.820266
0.106079 0.821380
0.106552 0.822492
0.107032 0.823601
0.107032 0.823601
0.107517 0.824707
0.108008 0.825811
0.108504 0.826912
0.109007 0.828010
0.109007 0.828010
0.109516 0.829106
0.110031 0.830200
0.110553 0.831290
0.111080 0.832378
0.111080 0.832378
0.111614 0.833464
0.112155 0.834547
0.112702 0.835627
0.113256 0.836705
0.113256 0.836705
0.113816 0.837780
0.114383 0.838852
0.114957 0.839922
0.114957 0.839922
0.115538 0.840990
0.116125 0.842055
0.116720 0.843117
0.117322 0.844177
0.117322 0.844177
0.117931 0.845234
0.118548 0.846288
0.119171 0.847340
0.119802 0.848390
0.119802 0.848390
0.120441 0.849437
0.121087 0.850481
0.121741 0.851523
0.121741 0.851523
0.122402 0.852562
0.123072 0.853598
0.123749 0.854633
0.124434 0.855664
0.124434 0.855664
0.125127 0.856693
0.125828 0.857719
0.126537 0.858743
0.127255 0.859765
0.127255 0.859765
0.127981 0.860784
0.128715 0.861800
0.129457 0.862814
0.130208 0.863825
0.130208 0.863825
0.130968 0.864834
0.131736 0.865840
0.132513 0.866843
0.132513 0.866843
0.133299 0.867844
0.134094 0.868843
0.134898 0.869839
0.135711 0.870833
0.135711 0.870833
0.136532 0.871824
0.137363 0.872812
0.138204 0.873798
0.139053 0.874782
0.139053 0.874782
0.139912 0.875763
0.140781 0.876741
0.141659 0.877717
0.142546 0.878691
0.142546 0.878691
0.143444 0.879662
0.144351 0.880630
0.145267 0.881596
0.145267 0.881596
0.146194 0.882559
0.147130 0.883517
0.148076 0.884471
0.149031 0.885420
0.149031 0.885420
0.149996 0.886362
0.150969 0.887297
0.151952 0.888225
0.152944 0.889144
0.152944 0.889144
0.153945 0.890053
0.154955 0.890953
0.155973 0.891843
0.157000 0.892721
0.157000 0.892721
0.158036 0.893586
0.159080 0.894439
0.160133 0.895278
0.160133 0.895278
0.161193 0.896103
0.162262 0.896913
0.163339 0.897707
0.164424 0.898484
0.164424 0.898484
0.165516 0.899244
0.166617 0.899986
0.167725 0.900709
0.168841 0.901413
0.168841 0.901413
0.169964 0.902098
0.171095 0.902764
0.172235 0.903412
0.173382 0.904040
0.173382 0.904040
0.174536 0.904649
0.175699 0.905240
0.176870 0.905812
0.176870 0.905812
0.178049 0.906365
0.179236 0.906899
0.180432 0.907415
0.181636 0.907912
0.181636 0.907912
0.182848 0.908391
0.184068 0.908850
0.185297 0.909292
0.186534 0.909714
0.186534 0.909714
0.187780 0.910119
0.189034 0.910505
0.190297 0.910872
0.190297 0.910872
0.191569 0.911221
0.192849 0.911554
0.194136 0.911871
0.195430 0.912174
0.195430 0.912174
0.196729 0.912464
0.198034 0.912744
0.199344 0.913014
0.200657 0.913277
0.200657 0.913277
0.201974 0.913533
0.203293 0.913784
0.204614 0.914031
0.205936 0.914277
0.205936 0.914277
0.207258 0.914522
0.208580 0.914769
0.209901 0.915018
0.209901 0.915018
0.211220 0.915271
0.212537 0.915530
0.213850 0.915797
0.215160 0.916071
0.215160 0.916071
0.216466 0.916355
0.217767 0.916649
0.219063 0.916955
0.220354 0.917272
0.220354 0.917272
0.221638 0.917603
0.222917 0.917947
0.224188 0.918306
0.225452 0.918681
0.225452 0.918681
0.226709 0.919072
0.227958 0.919480
0.229197 0.919907
0.229197 0.919907
0.230428 0.920353
0.231650 0.920818
0.232862 0.921305
0.234063 0.921814
0.234063 0.921814
0.235254 0.922345
0.236433 0.922900
