[CONTOUR]
0.459164 0.606190
0.458580 0.608143
0.457413 0.608924
0.456246 0.610096
0.455370 0.610487
0.454203 0.611268
0.452743 0.612831
0.451868 0.613221
0.450409 0.614784
0.448949 0.615956
0.448074 0.616346
0.447198 0.617127
0.446031 0.617909
0.444572 0.618690
0.443696 0.619471
0.442529 0.620252
0.441361 0.620643
0.440486 0.621424
0.439027 0.622206
0.437859 0.622596
0.436984 0.623377
0.435233 0.624159
0.434065 0.624549
0.432898 0.625331
0.431439 0.625721
0.429396 0.626502
0.427936 0.627284
0.425893 0.627674
0.422391 0.628456
0.420348 0.629237
0.415679 0.629627
0.411593 0.630409
0.409550 0.631190
0.405756 0.631581
0.402838 0.632362
0.400795 0.633143
0.398752 0.633534
0.396709 0.634315
0.394958 0.635096
0.393499 0.635487
0.392039 0.636268
0.389996 0.637049
0.388537 0.637440
0.387078 0.638221
0.385911 0.639002
0.384451 0.639393
0.383576 0.640174
0.381825 0.640956
0.380657 0.641346
0.379782 0.642127
0.378614 0.642909
0.377447 0.643690
0.376571 0.644471
0.375112 0.645643
0.374237 0.646034
0.372777 0.647596
0.371610 0.648377
0.369275 0.650721
0.366357 0.654237
0.364022 0.658143
0.361687 0.662049
0.360520 0.664002
0.359644 0.665956
0.359061 0.667518
0.358185 0.669081
0.357893 0.670252
0.357018 0.672596
0.356142 0.674159
0.355850 0.675721
0.355267 0.677284
0.354391 0.679627
0.353807 0.681581
0.353224 0.683143
0.350889 0.730018
0.352348 0.731190
0.352932 0.732362
0.353807 0.735877
0.354099 0.737831
0.354683 0.739784
0.355267 0.742127
0.355559 0.744471
0.356142 0.745643
0.356726 0.747596
0.357018 0.749549
0.357601 0.751112
0.357893 0.753456
0.358477 0.755018
0.359061 0.756581
0.359353 0.758924
0.359936 0.760877
0.360520 0.762440
0.360812 0.763612
0.361395 0.765956
0.361979 0.767127
0.362271 0.768690
0.362855 0.770643
0.363438 0.771815
0.363730 0.774159
0.364314 0.775721
0.364898 0.776893
0.365481 0.778846
0.366065 0.780018
0.366941 0.782362
0.367232 0.783534
0.367816 0.784706
0.368983 0.787440
0.369275 0.788612
0.370443 0.790565
0.371902 0.793299
0.373069 0.795643
0.374529 0.797987
0.375988 0.800721
0.376280 0.802674
0.377739 0.800331
0.378323 0.797206
0.378614 0.792909
0.378031 0.791737
0.377739 0.790565
0.377155 0.788221
0.376571 0.787049
0.376280 0.785096
0.375696 0.782362
0.375112 0.780799
0.374820 0.777284
0.374237 0.774940
0.373653 0.771815
0.373361 0.768690
0.372777 0.765565
0.372194 0.763221
0.371902 0.760877
0.371318 0.756581
0.370735 0.754627
0.370443 0.751893
0.369859 0.749549
0.369275 0.746815
0.368983 0.742518
0.368400 0.740565
0.367816 0.736268
0.367524 0.732362
0.366941 0.729627
0.366357 0.722596
0.366065 0.715956
0.366065 0.701502
0.366649 0.694081
0.366941 0.689393
0.367524 0.687440
0.367816 0.685877
0.368400 0.683534
0.368983 0.682362
0.369275 0.680018
0.370443 0.677674
0.371318 0.676112
0.371610 0.674940
0.373361 0.671815
0.379198 0.664393
0.380365 0.663612
0.382117 0.662049
0.383284 0.660877
0.384159 0.660487
0.385619 0.659315
0.386494 0.658534
0.387370 0.658143
0.388245 0.657362
0.389705 0.656581
0.390872 0.656190
0.392039 0.655409
0.393790 0.654627
0.395250 0.654237
0.396417 0.653456
0.398168 0.652674
0.400211 0.652284
0.401378 0.651502
0.403713 0.650721
0.405172 0.650331
0.406632 0.649549
0.409258 0.648768
0.411301 0.648377
0.413052 0.647596
0.414803 0.647206
0.418014 0.646424
0.419473 0.645643
0.421224 0.645252
0.423267 0.644471
0.424434 0.643690
0.426185 0.643299
0.427936 0.642518
0.428812 0.641737
0.430271 0.641346
0.431439 0.640565
0.432898 0.639393
0.433773 0.639002
0.434941 0.638221
0.436108 0.637049
0.437567 0.635877
0.439027 0.634315
0.441361 0.631971
0.443112 0.630409
0.450409 0.621034
0.460040 0.608924
0.460915 0.606190
[SKELETON]
0.456681 0.610351
0.455641 0.611722
0.455641 0.611722
0.454589 0.613061
0.453526 0.614365
0.452451 0.615636
0.452451 0.615636
0.451365 0.616873
0.450267 0.618077
0.449159 0.619246
0.449159 0.619246
0.448039 0.620382
0.446909 0.621483
0.445767 0.622551
0.445767 0.622551
0.444615 0.623584
0.443452 0.624582
0.442279 0.625547
0.442279 0.625547
0.441095 0.626476
0.439900 0.627371
0.438696 0.628231
0.438696 0.628231
0.437481 0.629057
0.436256 0.629847
0.435021 0.630603
0.435021 0.630603
0.433776 0.631323
0.432521 0.632008
0.431257 0.632659
0.431257 0.632659
0.429983 0.633277
0.428701 0.633864
0.427411 0.634422
0.427411 0.634422
0.426114 0.634953
0.424809 0.635459
0.423498 0.635941
0.423498 0.635941
0.422181 0.636401
0.420858 0.636842
0.420858 0.636842
0.419530 0.637265
0.418197 0.637671
0.416861 0.638063
0.416861 0.638063
0.415520 0.638443
0.414177 0.638812
0.412831 0.639172
0.412831 0.639172
0.411483 0.639525
0.410133 0.639872
0.408782 0.640217
0.408782 0.640217
0.407431 0.640561
0.406080 0.640907
0.404729 0.641259
0.404729 0.641259
0.403380 0.641618
0.402033 0.641989
0.400688 0.642374
0.400688 0.642374
0.399347 0.642776
0.398009 0.643198
0.396676 0.643643
0.396676 0.643643
0.395348 0.644114
0.394026 0.644614
0.392710 0.645145
0.392710 0.645145
0.391400 0.645711
0.390099 0.646314
0.388805 0.646958
0.388805 0.646958
0.387521 0.647646
0.386245 0.648380
0.384980 0.649162
0.384980 0.649162
0.383727 0.649992
0.382488 0.650868
0.382488 0.650868
0.381263 0.651790
0.380056 0.652757
0.378867 0.653767
0.378867 0.653767
0.377698 0.654819
0.376551 0.655912
0.375428 0.657045
0.375428 0.657045
0.374330 0.658218
0.373259 0.659428
0.372217 0.660676
0.372217 0.660676
0.371205 0.661959
0.370224 0.663277
0.369278 0.664628
0.369278 0.664628
0.368367 0.666012
0.367492 0.667427
0.366657 0.668873
0.366657 0.668873
0.365862 0.670349
0.365108 0.671852
0.364399 0.673383
0.364399 0.673383
0.363733 0.674939
0.363109 0.676521
0.362528 0.678126
0.362528 0.678126
0.361987 0.679755
0.361486 0.681405
0.361025 0.683076
0.361025 0.683076
0.360602 0.684767
0.360216 0.686477
0.359866 0.688204
0.359866 0.688204
0.359553 0.689947
0.359273 0.691706
0.359028 0.693479
0.359028 0.693479
0.358815 0.695266
0.358635 0.697065
0.358635 0.697065
0.358485 0.698875
0.358366 0.700695
0.358276 0.702525
0.358276 0.702525
0.358215 0.704362
0.358181 0.706206
0.358174 0.708056
0.358174 0.708056
0.358192 0.709911
0.358236 0.711770
0.358303 0.713631
0.358303 0.713631
0.358394 0.715494
0.358506 0.717357
0.358640 0.719220
0.358640 0.719220
0.358795 0.721082
0.358968 0.722940
0.359161 0.724795
0.359161 0.724795
0.359371 0.726646
0.359598 0.728490
0.359841 0.730328
0.359841 0.730328
0.360099 0.732157
0.360372 0.733978
0.360657 0.735788
0.360657 0.735788
0.360955 0.737588
0.361265 0.739377
0.361587 0.741157
0.361587 0.741157
0.361920 0.742927
0.362264 0.744689
0.362619 0.746442
0.362619 0.746442
0.362984 0.748188
0.363358 0.749927
0.363358 0.749927
0.363742 0.751658
0.364135 0.753384
0.364536 0.755104
0.364536 0.755104
0.364946 0.756820
0.365363 0.758530
0.365788 0.760237
0.365788 0.760237
0.366219 0.761940
0.366658 0.763640
0.367102 0.765338
0.367102 0.765338
0.367552 0.767033
0.368008 0.768728
0.368469 0.770421
0.368469 0.770421
0.368934 0.772114
0.369404 0.773807
0.369877 0.775501
0.369877 0.775501
0.370354 0.777196
0.370834 0.778893
0.371317 0.780593
0.371317 0.780593
0.371802 0.782295
0.372289 0.784000
0.372777 0.785709
0.372777 0.785709
0.373267 0.787422
0.373757 0.789141
0.374247 0.790865
0.374247 0.790865
0.374738 0.792594
0.375228 0.794330
0.375717 0.796074
0.375717 0.796074
0.376205 0.797824
