[CONTOUR]
0.344026 0.881086
0.345484 0.898362
0.346068 0.900457
0.346651 0.902551
0.347235 0.904907
0.347818 0.907524
0.348401 0.909357
0.348985 0.911713
0.349568 0.913545
0.350152 0.915639
0.350735 0.917210
0.351318 0.918780
0.351902 0.919566
0.352485 0.920875
0.353068 0.921922
0.353944 0.923231
0.354819 0.924539
0.355694 0.925848
0.357736 0.928204
0.360361 0.931084
0.365320 0.935010
0.367945 0.936843
0.370279 0.938413
0.372029 0.939460
0.373779 0.940507
0.375529 0.941554
0.376988 0.942340
0.378446 0.943125
0.379613 0.943649
0.381071 0.944434
0.382238 0.944957
0.383405 0.945481
0.385155 0.946266
0.386322 0.946790
0.387489 0.947052
0.388655 0.947575
0.389822 0.948099
0.390989 0.948622
0.392448 0.949407
0.393906 0.949931
0.395073 0.950455
0.396240 0.950978
0.397406 0.951502
0.398865 0.952025
0.400032 0.952549
0.401198 0.953072
0.402365 0.953596
0.403824 0.954119
0.404991 0.954643
0.406157 0.955166
0.407324 0.955690
0.408783 0.956213
0.409949 0.956737
0.411116 0.957261
0.412575 0.957784
0.414033 0.958308
0.414908 0.958831
0.416367 0.959355
0.417825 0.959878
0.419575 0.960402
0.421034 0.960925
0.422492 0.961449
0.424242 0.961972
0.425701 0.962496
0.427451 0.963019
0.428910 0.963543
0.430660 0.964067
0.432410 0.964590
0.434160 0.965114
0.435910 0.965637
0.437661 0.966161
0.439702 0.966684
0.441744 0.967208
0.443494 0.967731
0.445536 0.968255
0.447578 0.968778
0.449912 0.969302
0.452537 0.969825
0.455746 0.970087
0.459538 0.970611
0.464205 0.971134
0.469164 0.971658
0.475873 0.972181
0.484040 0.972705
0.488707 0.973228
0.491333 0.973752
0.495125 0.974014
0.492791 0.972443
0.491333 0.971658
0.489874 0.971134
0.488707 0.970611
0.487249 0.970087
0.485791 0.969564
0.484332 0.969040
0.482874 0.968517
0.481415 0.967993
0.479665 0.967470
0.477915 0.966946
0.476165 0.966422
0.474414 0.965899
0.473248 0.965375
0.471206 0.964852
0.469455 0.964328
0.467414 0.963805
0.465372 0.963281
0.463038 0.962758
0.460996 0.962234
0.458954 0.961711
0.456913 0.961187
0.454871 0.960664
0.452537 0.960140
0.450787 0.959616
0.449037 0.959093
0.447287 0.958569
0.445536 0.958046
0.443786 0.957522
0.442036 0.956999
0.440578 0.956475
0.438827 0.955952
0.437077 0.955428
0.435327 0.954905
0.433868 0.954381
0.432410 0.954119
0.430952 0.953596
0.429493 0.953072
0.428035 0.952549
0.426576 0.952025
0.425118 0.951502
0.423659 0.950978
0.422492 0.950455
0.421034 0.949931
0.419867 0.949407
0.418409 0.948884
0.417242 0.948360
0.416075 0.947837
0.414908 0.947313
0.413450 0.946790
0.412283 0.946266
0.410824 0.945743
0.409658 0.945219
0.408491 0.944696
0.407324 0.944172
0.405866 0.943649
0.404699 0.943125
0.403824 0.942601
0.402365 0.942078
0.401198 0.941554
0.400032 0.941031
0.398865 0.940507
0.397406 0.939984
0.396240 0.939460
0.395073 0.938937
0.393906 0.938413
0.392739 0.937890
0.391572 0.937366
0.390406 0.936843
0.388947 0.936057
0.387780 0.935534
0.386614 0.935010
0.385155 0.934225
0.383988 0.933701
0.382530 0.932916
0.381071 0.932131
0.379321 0.931084
0.377279 0.929775
0.374946 0.928204
0.373487 0.927419
0.370862 0.925586
0.366195 0.920875
0.364736 0.919042
0.363861 0.917733
0.362986 0.916425
0.362111 0.915116
0.361528 0.914069
0.360944 0.912760
0.360361 0.911713
0.359777 0.910666
0.359194 0.909357
0.358611 0.908048
0.358027 0.907001
0.357444 0.905692
0.356861 0.904645
0.356277 0.903074
0.355694 0.902027
0.355110 0.900718
0.354527 0.899409
0.353944 0.898101
0.353360 0.897054
0.352777 0.896006
0.352193 0.894698
0.351610 0.893389
0.351027 0.892080
0.350443 0.890771
0.349860 0.889200
0.349276 0.887892
0.348693 0.886583
0.348110 0.884750
0.347526 0.883442
0.346651 0.882133
0.345193 0.881086
[SKELETON]
0.345643 0.883994
0.345933 0.885143
0.345933 0.885143
0.346223 0.886298
0.346513 0.887457
0.346513 0.887457
0.346804 0.888620
0.347098 0.889788
0.347396 0.890960
0.347396 0.890960
0.347698 0.892135
0.348006 0.893313
0.348006 0.893313
0.348322 0.894494
0.348645 0.895678
0.348645 0.895678
0.348978 0.896864
0.349320 0.898052
0.349675 0.899242
0.349675 0.899242
0.350041 0.900433
0.350421 0.901625
0.350421 0.901625
0.350816 0.902818
0.351227 0.904012
0.351227 0.904012
0.351654 0.905205
0.352099 0.906397
0.352562 0.907585
0.352562 0.907585
0.353044 0.908770
0.353545 0.909948
0.353545 0.909948
0.354066 0.911120
0.354609 0.912282
0.354609 0.912282
0.355172 0.913435
0.355758 0.914577
0.356367 0.915705
0.356367 0.915705
0.357000 0.916820
0.357657 0.917919
0.357657 0.917919
0.358338 0.919001
0.359046 0.920064
0.359046 0.920064
0.359779 0.921108
0.360540 0.922131
0.361328 0.923131
0.361328 0.923131
0.362145 0.924107
0.362989 0.925060
0.362989 0.925060
0.363860 0.925989
0.364757 0.926896
0.364757 0.926896
0.365679 0.927782
0.366625 0.928646
0.367595 0.929490
0.367595 0.929490
0.368587 0.930314
0.369601 0.931118
0.369601 0.931118
0.370635 0.931904
0.371689 0.932671
0.371689 0.932671
0.372763 0.933421
0.373854 0.934154
0.373854 0.934154
0.374963 0.934871
0.376088 0.935572
0.377229 0.936258
0.377229 0.936258
0.378384 0.936929
0.379553 0.937587
0.379553 0.937587
0.380735 0.938231
0.381929 0.938863
0.381929 0.938863
0.383135 0.939482
0.384350 0.940090
0.385575 0.940687
0.385575 0.940687
0.386809 0.941274
0.388051 0.941852
0.388051 0.941852
0.389299 0.942420
0.390553 0.942980
0.390553 0.942980
0.391813 0.943532
0.393076 0.944077
0.394343 0.944615
0.394343 0.944615
0.395613 0.945147
0.396884 0.945674
0.396884 0.945674
0.398156 0.946196
0.399428 0.946714
0.399428 0.946714
0.400700 0.947229
0.401969 0.947740
0.403235 0.948249
0.403235 0.948249
0.404499 0.948756
0.405758 0.949262
0.405758 0.949262
0.407014 0.949766
0.408266 0.950269
0.408266 0.950269
0.409516 0.950769
0.410763 0.951266
0.412008 0.951761
0.412008 0.951761
0.413251 0.952253
0.414492 0.952742
0.414492 0.952742
0.415732 0.953228
0.416971 0.953711
0.416971 0.953711
0.418210 0.954189
0.419448 0.954664
0.420687 0.955135
0.420687 0.955135
0.421926 0.955601
0.423166 0.956063
0.423166 0.956063
0.424406 0.956520
0.425649 0.956971
0.425649 0.956971
0.426893 0.957418
0.428139 0.957859
0.429387 0.958294
0.429387 0.958294
0.430638 0.958724
0.431892 0.959147
0.431892 0.959147
0.433150 0.959564
0.434411 0.959975
0.434411 0.959975
0.435677 0.960378
0.436947 0.960775
0.436947 0.960775
0.438221 0.961165
0.439500 0.961547
0.440785 0.961921
0.440785 0.961921
0.442076 0.962287
0.443373 0.962645
0.443373 0.962645
0.444676 0.962995
0.445985 0.963337
0.445985 0.963337
0.447302 0.963669
0.448626 0.963993
0.449957 0.964308
0.449957 0.964308
0.451295 0.964615
0.452638 0.964914
0.452638 0.964914
0.453987 0.965206
0.455341 0.965492
0.455341 0.965492
0.456699 0.965772
0.458060 0.966046
0.459425 0.966316
0.459425 0.966316
0.460793 0.966581
0.462162 0.966842
0.462162 0.966842
0.463533 0.967101
0.464905 0.967356
0.464905 0.967356
0.466277 0.967610
0.467649 0.967862
0.469020 0.968113
0.469020 0.968113
0.470389 0.968364
0.471757 0.968614
0.471757 0.968614
0.473122 0.968866
0.474485 0.969118
0.474485 0.969118
0.475843 0.969372
0.477198 0.969629
0.478547 0.969889
0.478547 0.969889
0.479892 0.970151
0.481230 0.970418
0.481230 0.970418
0.482562 0.970690
0.483888 0.970966
0.483888 0.970966
0.485205 0.971248
0.486515 0.971536
0.487815 0.971831
0.487815 0.971831
0.489107 0.972133
0.490389 0.972443
0.490389 0.972443
0.491660 0.972761
