[CONTOUR]
0.557150 0.704963
0.559572 0.708379
0.561993 0.709931
0.563723 0.710862
0.566491 0.713036
0.568567 0.714278
0.572027 0.716761
0.575140 0.719245
0.576870 0.720177
0.579292 0.722039
0.582060 0.723902
0.583789 0.724834
0.585519 0.726075
0.586903 0.726696
0.589325 0.728249
0.591055 0.729491
0.593130 0.730733
0.595206 0.732285
0.597974 0.734148
0.599358 0.734769
0.601780 0.736631
0.603509 0.737563
0.606277 0.739426
0.608699 0.741289
0.610775 0.742530
0.614926 0.745946
0.622538 0.752155
0.623229 0.752776
0.624959 0.754018
0.627727 0.756502
0.628765 0.757744
0.633262 0.762090
0.634646 0.763953
0.637068 0.766437
0.638798 0.768610
0.639836 0.770162
0.641566 0.772025
0.642604 0.773578
0.643987 0.775440
0.645371 0.776993
0.645717 0.777924
0.647101 0.779787
0.648139 0.781029
0.648485 0.781960
0.649523 0.783202
0.650215 0.784444
0.650561 0.785375
0.651253 0.786307
0.651599 0.787549
0.652637 0.789412
0.653329 0.790343
0.653674 0.791274
0.654366 0.792206
0.655058 0.793448
0.655404 0.794690
0.656096 0.795621
0.656442 0.796863
0.657134 0.798415
0.657826 0.799347
0.658172 0.800588
0.658864 0.801830
0.659556 0.803072
0.659902 0.804314
0.660594 0.805246
0.660940 0.806487
0.661632 0.807729
0.662324 0.808661
0.662670 0.810213
0.663362 0.811144
0.664053 0.812697
0.664399 0.813628
0.665091 0.814560
0.665437 0.816112
0.666129 0.817975
0.666821 0.819217
0.667167 0.820459
0.667859 0.821700
0.668551 0.823563
0.668897 0.825116
0.669589 0.826668
0.670281 0.828531
0.670627 0.830394
0.671319 0.831946
0.671665 0.833809
0.672357 0.835982
0.673049 0.837534
0.673395 0.839397
0.674086 0.840639
0.674778 0.842813
0.675124 0.844675
0.675816 0.845917
0.676162 0.847470
0.676854 0.849332
0.677546 0.850574
0.677892 0.852437
0.678584 0.853679
0.679276 0.857715
0.679622 0.862993
0.680314 0.864235
0.681352 0.862993
0.682044 0.861441
0.682390 0.857715
0.683082 0.855231
0.683082 0.838776
0.682390 0.835051
0.681698 0.832567
0.681352 0.828841
0.680660 0.826978
0.679968 0.824184
0.679622 0.821390
0.678930 0.819838
0.678584 0.817354
0.677892 0.815181
0.677200 0.813628
0.676854 0.811455
0.676162 0.809903
0.675470 0.807729
0.675124 0.806487
0.674432 0.805246
0.674086 0.803383
0.673395 0.801520
0.672703 0.800278
0.672357 0.799036
0.671665 0.797173
0.670973 0.795931
0.670627 0.794690
0.669935 0.793448
0.669243 0.792206
0.668897 0.790964
0.668205 0.790032
0.667859 0.788791
0.667167 0.787549
0.666475 0.786617
0.666129 0.785375
0.665437 0.784134
0.664745 0.782892
0.664399 0.781650
0.663362 0.780408
0.663016 0.779166
0.662324 0.777924
0.661632 0.776993
0.660940 0.775751
0.660248 0.774819
0.659210 0.773267
0.658864 0.772336
0.657480 0.770783
0.656788 0.769541
0.655404 0.767679
0.653674 0.765816
0.652637 0.764263
0.649869 0.761469
0.646409 0.757744
0.643641 0.754639
0.642950 0.754018
0.631533 0.744083
0.626689 0.740357
0.624267 0.738805
0.621500 0.736631
0.619770 0.735700
0.617002 0.733837
0.615272 0.732595
0.613888 0.731974
0.611467 0.730422
0.609737 0.729180
0.608353 0.728559
0.606623 0.727317
0.604547 0.726075
0.603163 0.725455
0.601780 0.724523
0.600396 0.723902
0.598320 0.722660
0.596590 0.721418
0.595552 0.721108
0.594168 0.720177
0.592438 0.719245
0.591401 0.718935
0.590017 0.718003
0.588979 0.717693
0.587595 0.717072
0.586557 0.716451
0.585519 0.716140
0.584481 0.715519
0.583097 0.714899
0.582060 0.714588
0.581022 0.713967
0.579984 0.713657
0.578254 0.713036
0.577216 0.712415
0.575832 0.712104
0.574794 0.711483
0.573064 0.710862
0.571681 0.710552
0.570297 0.709931
0.568913 0.709621
0.567183 0.709000
0.566145 0.708379
0.564761 0.708068
0.563723 0.707447
0.562339 0.706826
0.560956 0.704963
[SKELETON]
0.560303 0.707832
0.561673 0.708466
0.561673 0.708466
0.563047 0.709107
0.564426 0.709757
0.564426 0.709757
0.565809 0.710414
0.567195 0.711080
0.567195 0.711080
0.568585 0.711753
0.569978 0.712434
0.569978 0.712434
0.571374 0.713123
0.572772 0.713821
0.572772 0.713821
0.574172 0.714526
0.575574 0.715239
0.575574 0.715239
0.576978 0.715960
0.578383 0.716690
0.578383 0.716690
0.579788 0.717427
0.581194 0.718172
0.581194 0.718172
0.582600 0.718926
0.584006 0.719688
0.585412 0.720457
0.585412 0.720457
0.586816 0.721235
0.588220 0.722021
0.588220 0.722021
0.589622 0.722816
0.591022 0.723618
0.591022 0.723618
0.592420 0.724428
0.593816 0.725247
0.593816 0.725247
0.595209 0.726074
0.596599 0.726909
0.596599 0.726909
0.597986 0.727753
0.599369 0.728605
0.599369 0.728605
0.600747 0.729465
0.602122 0.730333
0.602122 0.730333
0.603491 0.731210
0.604856 0.732094
0.604856 0.732094
0.606215 0.732988
0.607569 0.733889
0.607569 0.733889
0.608917 0.734799
0.610258 0.735717
0.610258 0.735717
0.611593 0.736644
0.612920 0.737579
0.612920 0.737579
0.614241 0.738523
0.615553 0.739475
0.615553 0.739475
0.616858 0.740435
0.618155 0.741404
0.618155 0.741404
0.619443 0.742381
0.620722 0.743367
0.620722 0.743367
0.621992 0.744361
0.623252 0.745364
0.623252 0.745364
0.624502 0.746376
0.625742 0.747395
0.625742 0.747395
0.626972 0.748424
0.628190 0.749461
0.629398 0.750507
0.629398 0.750507
0.630594 0.751561
0.631778 0.752624
0.631778 0.752624
0.632950 0.753695
0.634109 0.754775
0.634109 0.754775
0.635256 0.755864
0.636389 0.756961
0.636389 0.756961
0.637509 0.758067
0.638616 0.759182
0.638616 0.759182
0.639708 0.760306
0.640786 0.761438
0.640786 0.761438
0.641848 0.762579
0.642896 0.763729
0.642896 0.763729
0.643929 0.764887
0.644945 0.766054
0.644945 0.766054
0.645946 0.767231
0.646930 0.768415
0.646930 0.768415
0.647898 0.769609
0.648848 0.770812
0.648848 0.770812
0.649781 0.772023
0.650697 0.773243
0.650697 0.773243
0.651594 0.774473
0.652474 0.775711
0.652474 0.775711
0.653335 0.776957
0.654179 0.778212
0.654179 0.778212
0.655006 0.779475
0.655815 0.780747
0.655815 0.780747
0.656608 0.782025
0.657385 0.783312
0.657385 0.783312
0.658145 0.784606
0.658890 0.785907
0.658890 0.785907
0.659619 0.787214
0.660333 0.788529
0.660333 0.788529
0.661031 0.789850
0.661715 0.791177
0.662385 0.792510
0.662385 0.792510
0.663041 0.793849
0.663683 0.795193
0.663683 0.795193
0.664311 0.796543
0.664926 0.797899
0.664926 0.797899
0.665528 0.799259
0.666118 0.800623
0.666118 0.800623
0.666695 0.801993
0.667260 0.803366
0.667260 0.803366
0.667813 0.804744
0.668355 0.806126
0.668355 0.806126
0.668885 0.807511
0.669405 0.808900
0.669405 0.808900
0.669914 0.810292
0.670412 0.811687
0.670412 0.811687
0.670901 0.813085
0.671379 0.814485
0.671379 0.814485
0.671849 0.815888
0.672309 0.817293
0.672309 0.817293
0.672760 0.818700
0.673202 0.820108
0.673202 0.820108
0.673635 0.821519
0.674060 0.822932
0.674060 0.822932
0.674475 0.824347
0.674881 0.825764
0.674881 0.825764
0.675279 0.827183
0.675667 0.828604
0.675667 0.828604
0.676046 0.830028
0.676416 0.831454
0.676416 0.831454
0.676776 0.832882
0.677128 0.834312
0.677128 0.834312
0.677470 0.835744
0.677803 0.837180
0.678127 0.838617
0.678127 0.838617
0.678441 0.840057
0.678746 0.841499
0.678746 0.841499
0.679042 0.842944
0.679328 0.844392
0.679328 0.844392
0.679605 0.845842
0.679872 0.847294
0.679872 0.847294
0.680130 0.848750
0.680378 0.850208
0.680378 0.850208
0.680616 0.851669
0.680845 0.853132
0.680845 0.853132
0.681065 0.854599
0.681274 0.856068
0.681274 0.856068
0.681474 0.857540
0.681664 0.859015
0.681664 0.859015
0.681845 0.860493
