[CONTOUR]
0.513242 0.161258
0.510026 0.164785
0.504667 0.169274
0.501452 0.171518
0.491805 0.179854
0.488947 0.183060
0.486804 0.185304
0.483231 0.188831
0.480373 0.192037
0.478229 0.194282
0.477514 0.195564
0.476800 0.196526
0.475014 0.198129
0.473584 0.199732
0.472513 0.201335
0.471798 0.202297
0.471084 0.203580
0.470726 0.204221
0.467511 0.206786
0.466439 0.208389
0.465010 0.209992
0.464295 0.211274
0.462866 0.212877
0.462152 0.214160
0.460723 0.215763
0.460008 0.217045
0.458579 0.218649
0.458222 0.219610
0.457507 0.220572
0.456435 0.221855
0.455721 0.223137
0.454649 0.224740
0.454292 0.225702
0.453577 0.226664
0.452863 0.227946
0.452148 0.228908
0.451791 0.229870
0.451076 0.230832
0.450362 0.232114
0.450005 0.232756
0.449290 0.233718
0.448933 0.234679
0.448218 0.235641
0.447861 0.236603
0.446789 0.237886
0.446432 0.239489
0.445717 0.240450
0.446075 0.244298
0.446075 0.246222
0.445717 0.247183
0.445360 0.247825
0.442859 0.250390
0.441073 0.252634
0.438929 0.254878
0.438215 0.256161
0.437143 0.257443
0.436785 0.258405
0.436071 0.259367
0.435356 0.260970
0.434285 0.262252
0.433927 0.263535
0.433213 0.264497
0.432498 0.265459
0.432141 0.266420
0.431426 0.267382
0.431069 0.268344
0.430355 0.269306
0.429997 0.270268
0.428925 0.271550
0.428568 0.272512
0.427854 0.273474
0.427139 0.275077
0.426782 0.275718
0.425710 0.277001
0.425353 0.277963
0.424638 0.278925
0.424281 0.279886
0.423209 0.281169
0.422852 0.282131
0.421780 0.283413
0.421423 0.284375
0.420708 0.285337
0.419994 0.286619
0.419636 0.287261
0.418565 0.288543
0.418207 0.289505
0.417493 0.290467
0.417135 0.291429
0.416064 0.292711
0.415706 0.293673
0.414992 0.294635
0.414635 0.295597
0.413920 0.296879
0.413205 0.298162
0.412848 0.298803
0.411419 0.300406
0.409990 0.302330
0.408204 0.307459
0.410705 0.307139
0.411776 0.306498
0.412848 0.306177
0.413920 0.305536
0.414992 0.305215
0.416421 0.304253
0.417493 0.303933
0.422495 0.299765
0.425353 0.296879
0.427496 0.294314
0.429997 0.291749
0.431069 0.290146
0.432855 0.288222
0.433927 0.286619
0.434999 0.285337
0.435714 0.284054
0.437143 0.282451
0.437857 0.281169
0.438929 0.279886
0.439644 0.278925
0.440358 0.277642
0.441430 0.276360
0.441787 0.275398
0.443216 0.273795
0.443574 0.272833
0.444288 0.271871
0.445003 0.270588
0.446075 0.269306
0.446432 0.268344
0.447504 0.267062
0.448218 0.266100
0.448575 0.265138
0.449647 0.263856
0.450005 0.262894
0.451076 0.261611
0.451434 0.260649
0.452148 0.259688
0.452863 0.258405
0.453577 0.257443
0.453935 0.256481
0.455006 0.255199
0.455364 0.254558
0.455721 0.253596
0.456435 0.252634
0.456793 0.251672
0.457865 0.250390
0.458222 0.249428
0.459294 0.248145
0.460008 0.246542
0.460723 0.245580
0.461080 0.244619
0.462152 0.243336
0.462509 0.242695
0.463224 0.241412
0.463938 0.240450
0.464653 0.239168
0.465367 0.238206
0.466082 0.236924
0.466796 0.235962
0.467511 0.234679
0.468225 0.233718
0.468940 0.232435
0.469654 0.231473
0.470012 0.230832
0.470369 0.229870
0.471441 0.228588
0.471798 0.227626
0.472513 0.226664
0.472870 0.225702
0.473584 0.224740
0.473942 0.223778
0.475371 0.222175
0.476443 0.220572
0.480015 0.217045
0.481087 0.215763
0.481802 0.214160
0.482516 0.212877
0.482874 0.211595
0.485374 0.209030
0.485732 0.208068
0.490019 0.203580
0.490734 0.202938
0.492520 0.201015
0.493592 0.199412
0.495378 0.197488
0.496450 0.196205
0.497522 0.194602
0.500023 0.192037
0.501094 0.190434
0.503595 0.187869
0.505024 0.185946
0.508240 0.182739
0.510384 0.180175
0.515028 0.175686
0.517172 0.173121
0.520744 0.169594
0.522173 0.167991
0.523245 0.166388
0.524674 0.164785
0.525032 0.163823
0.525746 0.162861
0.526103 0.161258
[SKELETON]
0.519975 0.163975
0.518641 0.165033
0.518641 0.165033
0.517317 0.166098
0.517317 0.166098
0.516004 0.167169
0.516004 0.167169
0.514702 0.168247
0.513410 0.169332
0.513410 0.169332
0.512129 0.170424
0.512129 0.170424
0.510859 0.171522
0.510859 0.171522
0.509599 0.172626
0.509599 0.172626
0.508349 0.173737
0.507110 0.174854
0.507110 0.174854
0.505881 0.175977
0.505881 0.175977
0.504662 0.177107
0.504662 0.177107
0.503453 0.178242
0.502255 0.179383
0.502255 0.179383
0.501067 0.180531
0.501067 0.180531
0.499888 0.181684
0.499888 0.181684
0.498720 0.182842
0.498720 0.182842
0.497561 0.184007
0.496413 0.185177
0.496413 0.185177
0.495274 0.186352
0.495274 0.186352
0.494145 0.187533
0.494145 0.187533
0.493026 0.188719
0.491916 0.189910
0.491916 0.189910
0.490816 0.191106
0.490816 0.191106
0.489725 0.192307
0.489725 0.192307
0.488644 0.193513
0.488644 0.193513
0.487572 0.194725
0.486510 0.195940
0.486510 0.195940
0.485457 0.197161
0.485457 0.197161
0.484413 0.198386
0.484413 0.198386
0.483378 0.199616
0.482353 0.200850
0.482353 0.200850
0.481336 0.202089
0.481336 0.202089
0.480329 0.203331
0.480329 0.203331
0.479330 0.204578
0.479330 0.204578
0.478341 0.205830
0.477360 0.207085
0.477360 0.207085
0.476388 0.208344
0.476388 0.208344
0.475425 0.209607
0.475425 0.209607
0.474470 0.210874
0.473524 0.212144
0.473524 0.212144
0.472587 0.213418
0.472587 0.213418
0.471658 0.214696
0.471658 0.214696
0.470738 0.215977
0.470738 0.215977
0.469826 0.217261
0.468922 0.218549
0.468922 0.218549
0.468027 0.219840
0.468027 0.219840
0.467140 0.221134
0.467140 0.221134
0.466261 0.222431
0.465390 0.223731
0.465390 0.223731
0.464528 0.225034
0.464528 0.225034
0.463673 0.226340
0.463673 0.226340
0.462826 0.227648
0.462826 0.227648
0.461988 0.228959
0.461157 0.230272
0.461157 0.230272
0.460334 0.231588
0.460334 0.231588
0.459518 0.232907
0.459518 0.232907
0.458711 0.234227
0.457910 0.235550
0.457910 0.235550
0.457117 0.236875
0.457117 0.236875
0.456329 0.238201
0.456329 0.238201
0.455548 0.239530
0.455548 0.239530
0.454771 0.240859
0.453999 0.242190
0.453999 0.242190
0.453231 0.243522
0.453231 0.243522
0.452466 0.244855
0.452466 0.244855
0.451705 0.246189
0.450945 0.247523
0.450945 0.247523
0.450188 0.248857
0.450188 0.248857
0.449431 0.250192
0.449431 0.250192
0.448675 0.251527
0.448675 0.251527
0.447920 0.252862
0.447164 0.254196
0.447164 0.254196
0.446406 0.255530
0.446406 0.255530
0.445648 0.256863
0.445648 0.256863
0.444887 0.258196
0.444123 0.259527
0.444123 0.259527
0.443356 0.260857
0.443356 0.260857
0.442585 0.262186
0.442585 0.262186
0.441810 0.263513
0.441810 0.263513
0.441030 0.264839
0.440244 0.266162
0.440244 0.266162
0.439453 0.267484
0.439453 0.267484
0.438654 0.268803
0.438654 0.268803
0.437849 0.270120
0.437036 0.271434
0.437036 0.271434
0.436215 0.272746
0.436215 0.272746
0.435386 0.274055
0.435386 0.274055
0.434548 0.275360
0.434548 0.275360
0.433702 0.276663
0.432846 0.277962
0.432846 0.277962
0.431980 0.279258
0.431980 0.279258
0.431105 0.280550
0.431105 0.280550
0.430220 0.281839
0.429324 0.283124
0.429324 0.283124
0.428417 0.284405
0.428417 0.284405
0.427499 0.285681
0.427499 0.285681
0.426570 0.286954
0.426570 0.286954
0.425628 0.288222
0.424675 0.289485
0.424675 0.289485
0.423709 0.290744
0.423709 0.290744
0.422730 0.291998
0.422730 0.291998
0.421738 0.293247
0.420732 0.294491
0.420732 0.294491
0.419713 0.295729
0.419713 0.295729
0.418680 0.296963
0.418680 0.296963
0.417632 0.298190
0.417632 0.298190
0.416569 0.299412
0.415491 0.300628
0.415491 0.300628
0.414398 0.301839
0.414398 0.301839
0.413288 0.303043
0.413288 0.303043
0.412163 0.304241
