[CONTOUR]
0.320403 0.212764
0.319731 0.213768
0.318836 0.214371
0.317717 0.214773
0.317045 0.214974
0.316373 0.215375
0.315702 0.215576
0.314806 0.215978
0.313911 0.216380
0.313239 0.216581
0.312344 0.216983
0.311225 0.217384
0.310553 0.217585
0.309658 0.217987
0.308986 0.218188
0.307867 0.218590
0.307195 0.218991
0.306300 0.219192
0.305404 0.219594
0.304285 0.219996
0.303390 0.220197
0.302494 0.220599
0.301599 0.220800
0.300479 0.221201
0.299584 0.221603
0.298688 0.221804
0.298017 0.222206
0.296674 0.222608
0.296002 0.222808
0.295107 0.223210
0.294435 0.223411
0.293316 0.223813
0.292644 0.224215
0.291749 0.224416
0.291077 0.224817
0.289958 0.225219
0.289286 0.225420
0.288615 0.225822
0.287943 0.226023
0.287048 0.226425
0.286152 0.227027
0.285481 0.227228
0.284809 0.227630
0.283690 0.228233
0.283018 0.228433
0.282123 0.229036
0.281451 0.229237
0.280108 0.230041
0.279213 0.230643
0.278317 0.231045
0.277198 0.231849
0.275631 0.232853
0.274512 0.233456
0.272945 0.234661
0.271601 0.235465
0.269587 0.236871
0.267348 0.238679
0.265557 0.239884
0.262199 0.242697
0.253916 0.250130
0.252573 0.251737
0.250782 0.253545
0.250335 0.254349
0.248991 0.255956
0.247872 0.257161
0.247201 0.258166
0.246529 0.258969
0.245857 0.259974
0.244962 0.261179
0.244067 0.262183
0.243395 0.263188
0.242500 0.264192
0.241380 0.265599
0.240933 0.266402
0.240037 0.267407
0.239366 0.268411
0.238246 0.269817
0.237127 0.271023
0.236679 0.271826
0.235560 0.273032
0.234217 0.274639
0.233545 0.275643
0.231978 0.277250
0.231083 0.278456
0.229740 0.280063
0.228396 0.281469
0.227501 0.282675
0.226382 0.283880
0.225262 0.285286
0.224815 0.286090
0.223919 0.287094
0.223471 0.287898
0.222576 0.289103
0.221681 0.290108
0.221233 0.290911
0.220561 0.291715
0.219890 0.292719
0.219442 0.293523
0.218770 0.294326
0.218546 0.294929
0.217875 0.295933
0.217427 0.296536
0.217203 0.297139
0.216532 0.297942
0.216084 0.298746
0.215860 0.299349
0.215412 0.299951
0.214965 0.300755
0.214517 0.301558
0.214069 0.302161
0.213845 0.302965
0.213398 0.303567
0.212950 0.304371
0.212726 0.305175
0.212278 0.305777
0.212055 0.306581
0.211607 0.307585
0.211159 0.308188
0.210935 0.308791
0.210264 0.309795
0.209816 0.310599
0.209368 0.311402
0.208473 0.312407
0.208920 0.313210
0.210264 0.312608
0.213174 0.309996
0.216308 0.306983
0.218994 0.304170
0.221681 0.301358
0.224143 0.298947
0.225262 0.297541
0.227053 0.295733
0.229068 0.293523
0.229963 0.292317
0.231754 0.290509
0.232426 0.289505
0.233993 0.287898
0.235784 0.285889
0.237127 0.284282
0.238918 0.282474
0.239813 0.281268
0.242052 0.278858
0.244067 0.276849
0.244962 0.275643
0.246529 0.274036
0.248096 0.272228
0.248768 0.271224
0.250111 0.269817
0.251006 0.268612
0.252126 0.267206
0.253245 0.266000
0.253693 0.265197
0.254812 0.263991
0.256155 0.262384
0.256827 0.261380
0.258394 0.259773
0.259065 0.258768
0.260856 0.256759
0.270706 0.247719
0.273392 0.245710
0.275855 0.243701
0.277869 0.242295
0.278989 0.241692
0.280556 0.240487
0.281675 0.239884
0.283242 0.238880
0.284361 0.238076
0.285481 0.237474
0.286600 0.236670
0.288167 0.235666
0.289062 0.235264
0.290182 0.234460
0.291077 0.234058
0.292420 0.233255
0.293316 0.232652
0.293987 0.232451
0.294883 0.231849
0.296002 0.231246
0.296898 0.230844
0.297793 0.230241
0.298465 0.230041
0.299584 0.229438
0.300256 0.229036
0.300927 0.228835
0.301823 0.228233
0.302942 0.227630
0.303613 0.227429
0.304509 0.226826
0.305404 0.226425
0.306524 0.225822
0.307419 0.225219
0.308091 0.225018
0.309434 0.224014
0.311001 0.223009
0.312344 0.222206
0.313911 0.221000
0.315478 0.219996
0.321298 0.215175
0.322642 0.213768
0.323313 0.212764
[SKELETON]
0.321617 0.213953
0.320768 0.214511
0.320768 0.214511
0.319912 0.215057
0.319049 0.215591
0.318179 0.216113
0.318179 0.216113
0.317303 0.216624
0.316421 0.217125
0.315534 0.217617
0.315534 0.217617
0.314641 0.218099
0.313744 0.218573
0.312841 0.219039
0.312841 0.219039
0.311934 0.219498
0.311024 0.219950
0.310109 0.220397
0.310109 0.220397
0.309191 0.220837
0.308270 0.221273
0.307346 0.221705
0.307346 0.221705
0.306420 0.222133
0.305492 0.222559
0.304562 0.222981
0.304562 0.222981
0.303630 0.223402
0.302697 0.223822
0.301764 0.224242
0.301764 0.224242
0.300829 0.224661
0.299895 0.225081
0.298961 0.225502
0.298961 0.225502
0.298027 0.225925
0.297094 0.226350
0.296162 0.226779
0.296162 0.226779
0.295231 0.227211
0.294302 0.227648
0.293375 0.228089
0.293375 0.228089
0.292450 0.228536
0.291528 0.228989
0.290609 0.229448
0.290609 0.229448
0.289693 0.229915
0.288781 0.230390
0.287873 0.230873
0.287873 0.230873
0.286968 0.231364
0.286068 0.231863
0.285171 0.232371
0.285171 0.232371
0.284279 0.232886
0.283391 0.233409
0.282507 0.233940
0.282507 0.233940
0.281628 0.234479
0.280752 0.235025
0.279882 0.235579
0.279882 0.235579
0.279015 0.236139
0.278154 0.236708
0.277297 0.237283
0.277297 0.237283
0.276444 0.237866
0.275597 0.238455
0.274754 0.239051
0.274754 0.239051
0.273916 0.239655
0.273083 0.240264
0.272255 0.240881
0.272255 0.240881
0.271432 0.241504
0.270614 0.242133
0.269802 0.242769
0.269802 0.242769
0.268995 0.243411
0.268193 0.244059
0.267396 0.244713
0.267396 0.244713
0.266605 0.245373
0.265820 0.246039
0.265040 0.246711
0.265040 0.246711
0.264266 0.247388
0.263498 0.248071
0.262735 0.248759
0.262735 0.248759
0.261978 0.249453
0.261227 0.250152
0.260482 0.250856
0.260482 0.250856
0.259743 0.251565
0.259011 0.252279
0.258284 0.252998
0.258284 0.252998
0.257564 0.253722
0.256850 0.254451
0.256142 0.255184
0.256142 0.255184
0.255440 0.255921
0.254744 0.256663
0.254053 0.257409
0.254053 0.257409
0.253367 0.258158
0.252687 0.258911
0.252011 0.259668
0.252011 0.259668
0.251340 0.260428
0.250673 0.261190
0.250010 0.261956
0.250010 0.261956
0.249351 0.262725
0.248696 0.263496
0.248045 0.264269
0.248045 0.264269
0.247396 0.265045
0.246751 0.265822
0.246109 0.266602
0.246109 0.266602
0.245469 0.267383
0.244832 0.268166
0.244196 0.268950
0.244196 0.268950
0.243563 0.269735
0.242932 0.270521
0.242302 0.271307
0.242302 0.271307
0.241674 0.272094
0.241046 0.272882
0.240420 0.273670
0.240420 0.273670
0.239794 0.274458
0.239169 0.275246
0.238543 0.276033
0.238543 0.276033
0.237918 0.276820
0.237293 0.277606
0.236667 0.278392
0.236667 0.278392
0.236041 0.279176
0.235414 0.279959
0.234786 0.280741
0.234786 0.280741
0.234156 0.281521
0.233525 0.282300
0.232893 0.283076
0.232893 0.283076
0.232258 0.283850
0.231622 0.284623
0.230985 0.285394
0.230985 0.285394
0.230346 0.286163
0.229707 0.286931
0.229066 0.287698
0.229066 0.287698
0.228426 0.288464
0.227785 0.289229
0.227145 0.289993
0.227145 0.289993
0.226504 0.290757
0.225865 0.291521
0.225226 0.292285
0.225226 0.292285
0.224588 0.293049
0.223952 0.293813
0.223317 0.294578
0.223317 0.294578
0.222684 0.295343
0.222053 0.296109
0.221425 0.296877
0.221425 0.296877
0.220799 0.297645
0.220175 0.298415
0.219555 0.299187
0.219555 0.299187
0.218938 0.299961
0.218325 0.300736
0.217716 0.301514
0.217716 0.301514
0.217110 0.302294
0.216509 0.303077
0.215913 0.303862
0.215913 0.303862
0.215321 0.304650
0.214735 0.305442
0.214153 0.306236
0.214153 0.306236
0.213577 0.307035
0.213007 0.307836
0.212443 0.308642
0.212443 0.308642
0.211886 0.309452
0.211334 0.310266
0.210790 0.311084
0.210790 0.311084
0.210253 0.311907
