[CONTOUR]
0.759653 0.837416
0.759335 0.839123
0.758697 0.839123
0.756466 0.839549
0.756147 0.839976
0.753915 0.840403
0.751365 0.840403
0.748177 0.840829
0.747858 0.841256
0.744989 0.841683
0.742439 0.842109
0.740845 0.842109
0.738614 0.842536
0.738295 0.842963
0.736382 0.843389
0.734788 0.843389
0.732557 0.843816
0.732238 0.844243
0.730006 0.844669
0.728094 0.845096
0.726818 0.845096
0.725224 0.845523
0.724906 0.845950
0.722993 0.846376
0.721399 0.846376
0.719805 0.846803
0.719486 0.847230
0.717574 0.847656
0.715661 0.847656
0.713748 0.848083
0.711835 0.848510
0.711517 0.848936
0.709285 0.849363
0.707054 0.849363
0.704185 0.849790
0.703866 0.850216
0.700997 0.850643
0.696853 0.850643
0.688883 0.851070
0.683464 0.850643
0.683145 0.850216
0.679001 0.849790
0.675813 0.849790
0.671668 0.849363
0.671350 0.848936
0.664974 0.848510
0.661149 0.848510
0.655410 0.848936
0.652541 0.849363
0.652223 0.849790
0.650629 0.850216
0.649353 0.850216
0.647760 0.850643
0.647441 0.851070
0.645528 0.851496
0.644890 0.851496
0.643615 0.851923
0.642340 0.852350
0.642021 0.852776
0.640746 0.853203
0.640109 0.853203
0.639152 0.853630
0.638834 0.854056
0.637558 0.854483
0.636602 0.854483
0.635646 0.854910
0.635327 0.855337
0.634052 0.855763
0.633095 0.856190
0.632139 0.856190
0.630864 0.856617
0.630545 0.857043
0.629589 0.857470
0.628951 0.857470
0.627676 0.857897
0.627357 0.858323
0.626401 0.858750
0.625126 0.859177
0.624488 0.859177
0.623213 0.859603
0.622894 0.860030
0.621619 0.860457
0.620982 0.860457
0.619706 0.860883
0.619388 0.861310
0.618431 0.861737
0.617475 0.862163
0.616837 0.862163
0.614925 0.862590
0.614606 0.863017
0.613331 0.863444
0.612693 0.863444
0.612055 0.863870
0.611737 0.864297
0.610780 0.864724
0.609186 0.871124
0.637877 0.871124
0.638196 0.869417
0.639471 0.869417
0.642340 0.868990
0.642659 0.868564
0.644572 0.868137
0.646166 0.868137
0.648716 0.867710
0.649035 0.867284
0.652860 0.866857
0.657642 0.866430
0.674219 0.866430
0.679001 0.866857
0.679319 0.867284
0.685695 0.867710
0.700678 0.867710
0.704822 0.867284
0.705141 0.866857
0.708329 0.866430
0.710560 0.866004
0.712473 0.866004
0.714386 0.865577
0.714705 0.865150
0.716617 0.864724
0.718211 0.864724
0.719805 0.864297
0.720124 0.863870
0.721718 0.863444
0.722993 0.863017
0.723949 0.863017
0.725543 0.862590
0.725862 0.862163
0.727137 0.861737
0.728094 0.861737
0.729369 0.861310
0.729688 0.860883
0.731281 0.860457
0.732557 0.860030
0.733194 0.860030
0.734469 0.859603
0.734788 0.859177
0.736063 0.858750
0.737020 0.858750
0.738295 0.858323
0.738614 0.857897
0.739889 0.857470
0.740845 0.857470
0.742120 0.857043
0.743395 0.856617
0.743714 0.856190
0.744989 0.855763
0.746583 0.855763
0.748177 0.855337
0.748496 0.854910
0.750090 0.854483
0.751365 0.854483
0.752959 0.854056
0.754234 0.853630
0.754553 0.853203
0.756147 0.852776
0.757103 0.852776
0.758378 0.852350
0.758697 0.851923
0.759972 0.851496
0.761247 0.851496
0.762841 0.851070
0.764116 0.850643
0.764435 0.850216
0.766029 0.849790
0.766985 0.849790
0.767942 0.849363
0.768261 0.848936
0.769217 0.848510
0.769855 0.848510
0.770811 0.848083
0.771767 0.847656
0.772086 0.847230
0.772724 0.846803
0.773361 0.846803
0.773999 0.846376
0.774318 0.845950
0.775274 0.845523
0.775593 0.845523
0.776230 0.845096
0.776549 0.844669
0.777187 0.844243
0.777824 0.843816
0.778143 0.843816
0.779099 0.843389
0.779418 0.842963
0.780056 0.842536
0.780693 0.842536
0.781331 0.842109
0.781650 0.841683
0.782287 0.841256
0.783244 0.840829
0.783562 0.840829
0.784200 0.840403
0.784519 0.839976
0.785475 0.839549
0.785794 0.839549
0.786431 0.839123
0.786750 0.838696
0.787069 0.837416
[SKELETON]
0.781922 0.840150
0.780436 0.840366
0.780436 0.840366
0.778948 0.840599
0.778948 0.840599
0.777460 0.840849
0.777460 0.840849
0.775971 0.841115
0.774481 0.841396
0.774481 0.841396
0.772989 0.841691
0.772989 0.841691
0.771497 0.841999
0.771497 0.841999
0.770004 0.842321
0.768511 0.842654
0.768511 0.842654
0.767016 0.842999
0.767016 0.842999
0.765521 0.843355
0.765521 0.843355
0.764025 0.843721
0.762529 0.844096
0.762529 0.844096
0.761032 0.844479
0.761032 0.844479
0.759534 0.844871
0.759534 0.844871
0.758036 0.845269
0.756538 0.845674
0.756538 0.845674
0.755039 0.846085
0.755039 0.846085
0.753540 0.846500
0.753540 0.846500
0.752041 0.846920
0.750541 0.847343
0.750541 0.847343
0.749041 0.847769
0.749041 0.847769
0.747541 0.848197
0.747541 0.848197
0.746041 0.848627
0.744541 0.849057
0.744541 0.849057
0.743042 0.849487
0.743042 0.849487
0.741542 0.849916
0.741542 0.849916
0.740042 0.850344
0.738542 0.850770
0.738542 0.850770
0.737043 0.851192
0.737043 0.851192
0.735544 0.851611
0.734045 0.852026
0.734045 0.852026
0.732546 0.852435
0.732546 0.852435
0.731048 0.852839
0.731048 0.852839
0.729550 0.853236
0.728053 0.853625
0.728053 0.853625
0.726556 0.854007
0.726556 0.854007
0.725060 0.854380
0.725060 0.854380
0.723565 0.854744
0.722070 0.855097
0.722070 0.855097
0.720576 0.855440
0.720576 0.855440
0.719083 0.855771
0.719083 0.855771
0.717591 0.856090
0.716099 0.856396
0.716099 0.856396
0.714608 0.856688
0.714608 0.856688
0.713119 0.856965
0.713119 0.856965
0.711630 0.857228
0.710143 0.857474
0.710143 0.857474
0.708656 0.857704
0.708656 0.857704
0.707171 0.857917
0.707171 0.857917
0.705687 0.858111
0.704204 0.858287
0.704204 0.858287
0.702722 0.858443
0.702722 0.858443
0.701242 0.858579
0.701242 0.858579
0.699764 0.858694
0.698286 0.858788
0.698286 0.858788
0.696810 0.858859
0.696810 0.858859
0.695336 0.858908
0.695336 0.858908
0.693863 0.858938
0.692391 0.858948
0.692391 0.858948
0.690921 0.858943
0.690921 0.858943
0.689451 0.858922
0.689451 0.858922
0.687982 0.858889
0.686515 0.858844
0.686515 0.858844
0.685047 0.858789
0.685047 0.858789
0.683581 0.858727
0.683581 0.858727
0.682114 0.858659
0.680648 0.858587
0.680648 0.858587
0.679183 0.858512
0.679183 0.858512
0.677717 0.858437
0.677717 0.858437
0.676251 0.858362
0.674786 0.858291
0.674786 0.858291
0.673320 0.858224
0.673320 0.858224
0.671853 0.858164
0.671853 0.858164
0.670387 0.858112
0.668919 0.858070
0.668919 0.858070
0.667451 0.858039
0.667451 0.858039
0.665982 0.858023
0.665982 0.858023
0.664513 0.858021
0.663042 0.858036
0.663042 0.858036
0.661570 0.858071
0.661570 0.858071
0.660097 0.858126
0.660097 0.858126
0.658622 0.858203
0.657146 0.858304
0.657146 0.858304
0.655668 0.858432
0.655668 0.858432
0.654189 0.858587
0.652708 0.858770
0.652708 0.858770
0.651225 0.858981
0.651225 0.858981
0.649740 0.859217
0.649740 0.859217
0.648253 0.859477
0.646765 0.859759
0.646765 0.859759
0.645275 0.860061
0.645275 0.860061
0.643783 0.860381
0.643783 0.860381
0.642289 0.860717
0.640794 0.861067
0.640794 0.861067
0.639296 0.861430
0.639296 0.861430
0.637798 0.861804
0.637798 0.861804
0.636297 0.862186
0.634795 0.862576
0.634795 0.862576
0.633291 0.862970
0.633291 0.862970
0.631785 0.863368
0.631785 0.863368
0.630278 0.863768
0.628769 0.864167
0.628769 0.864167
0.627258 0.864564
0.627258 0.864564
0.625745 0.864957
0.625745 0.864957
0.624231 0.865344
0.622716 0.865723
0.622716 0.865723
0.621199 0.866092
0.621199 0.866092
0.619680 0.866451
0.619680 0.866451
0.618159 0.866795
0.616637 0.867125
0.616637 0.867125
0.615114 0.867438
0.615114 0.867438
0.613588 0.867732
0.613588 0.867732
0.612061 0.868005
