[CONTOUR]
0.238943 0.127496
0.238310 0.127780
0.237360 0.128490
0.236252 0.129627
0.235460 0.130621
0.234352 0.131757
0.233403 0.132752
0.232770 0.133462
0.231820 0.134314
0.231187 0.135024
0.230712 0.135593
0.230554 0.135877
0.230395 0.136303
0.229604 0.137155
0.228338 0.138433
0.227230 0.139286
0.225805 0.140422
0.223114 0.143121
0.222639 0.143405
0.221690 0.144399
0.221056 0.145110
0.220423 0.145962
0.220107 0.146388
0.219315 0.147240
0.218524 0.148093
0.217891 0.148945
0.217258 0.149655
0.215358 0.151502
0.214567 0.152354
0.213775 0.153348
0.212509 0.154627
0.211401 0.155763
0.207444 0.159456
0.206178 0.160735
0.205228 0.161871
0.204595 0.162581
0.203170 0.164002
0.202062 0.165138
0.201271 0.166132
0.200796 0.166700
0.199688 0.167837
0.199213 0.168405
0.196681 0.170678
0.196047 0.171104
0.189716 0.176644
0.188766 0.177354
0.188133 0.177780
0.187500 0.178064
0.187183 0.178206
0.186550 0.178632
0.186075 0.178916
0.185442 0.179485
0.185284 0.179769
0.184967 0.180479
0.185126 0.181189
0.185601 0.181757
0.185759 0.182041
0.186075 0.182325
0.186709 0.182752
0.187342 0.183036
0.188450 0.183888
0.192249 0.187439
0.192882 0.187865
0.193357 0.188433
0.193673 0.189144
0.193831 0.189854
0.194148 0.190422
0.194465 0.190564
0.194939 0.190564
0.195256 0.190422
0.195889 0.190280
0.196364 0.189996
0.196997 0.189570
0.198263 0.188575
0.198580 0.188007
0.198897 0.187581
0.199371 0.187013
0.199688 0.186587
0.200321 0.185877
0.200796 0.185166
0.201429 0.184456
0.202537 0.183320
0.202854 0.182894
0.203487 0.182041
0.203962 0.181473
0.205228 0.180195
0.206019 0.179343
0.206969 0.178206
0.207760 0.177354
0.208552 0.176502
0.208868 0.176075
0.209185 0.175507
0.209660 0.174939
0.209976 0.174513
0.210768 0.173661
0.211084 0.173235
0.211559 0.172524
0.211718 0.172240
0.212351 0.171530
0.212509 0.171246
0.212826 0.170678
0.212984 0.170394
0.213459 0.169825
0.213775 0.169399
0.214092 0.168831
0.214250 0.168547
0.214725 0.167979
0.215042 0.167553
0.215358 0.167127
0.215516 0.166700
0.215833 0.166274
0.216624 0.165422
0.216783 0.165138
0.217099 0.164570
0.217258 0.164286
0.217732 0.163718
0.217891 0.163433
0.218049 0.163007
0.218366 0.162581
0.218840 0.162013
0.219157 0.161587
0.219315 0.161161
0.219632 0.160735
0.219948 0.160308
0.220423 0.159740
0.220740 0.159314
0.220898 0.158888
0.221056 0.158604
0.221531 0.158036
0.221848 0.157610
0.222006 0.157183
0.222323 0.156757
0.222639 0.156331
0.222956 0.155905
0.223272 0.155337
0.223431 0.155053
0.223747 0.154627
0.224064 0.154200
0.224222 0.153916
0.224380 0.153490
0.224539 0.153206
0.225014 0.152496
0.225172 0.152212
0.225330 0.151786
0.225647 0.151218
0.225963 0.150791
0.226122 0.150507
0.226280 0.150081
0.226438 0.149797
0.226755 0.149371
0.226913 0.149087
0.227071 0.148519
0.227230 0.148235
0.227546 0.147666
0.227704 0.147240
0.228021 0.146814
0.228179 0.146246
0.228338 0.145962
0.228654 0.145536
0.228812 0.145110
0.228971 0.144683
0.229129 0.144399
0.229446 0.143973
0.229604 0.143689
0.229762 0.143121
0.229920 0.142837
0.230237 0.142411
0.230395 0.142127
0.230554 0.141558
0.230712 0.141274
0.230870 0.140990
0.231187 0.140422
0.231345 0.140138
0.231503 0.139570
0.231662 0.139286
0.231978 0.138860
0.232136 0.138575
0.232295 0.138149
0.232453 0.137865
0.232770 0.137439
0.232928 0.137155
0.233244 0.136587
0.233403 0.136303
0.234194 0.135450
0.234352 0.135166
0.234827 0.134598
0.235144 0.134030
0.235460 0.133604
0.236252 0.132752
0.236727 0.132183
0.237043 0.131615
0.237360 0.131189
0.237676 0.130763
0.237835 0.130479
0.237993 0.130053
0.238151 0.129769
0.238468 0.129343
0.238626 0.128916
0.238943 0.128348
0.239101 0.127638
[SKELETON]
0.238102 0.128771
0.237637 0.129314
0.237637 0.129314
0.237174 0.129859
0.237174 0.129859
0.236715 0.130405
0.236715 0.130405
0.236259 0.130953
0.236259 0.130953
0.235806 0.131502
0.235806 0.131502
0.235355 0.132052
0.235355 0.132052
0.234907 0.132603
0.234907 0.132603
0.234462 0.133156
0.234462 0.133156
0.234019 0.133710
0.234019 0.133710
0.233578 0.134265
0.233578 0.134265
0.233140 0.134821
0.233140 0.134821
0.232704 0.135378
0.232270 0.135936
0.232270 0.135936
0.231838 0.136495
0.231838 0.136495
0.231407 0.137055
0.231407 0.137055
0.230979 0.137615
0.230979 0.137615
0.230552 0.138176
0.230552 0.138176
0.230126 0.138738
0.230126 0.138738
0.229702 0.139301
0.229702 0.139301
0.229280 0.139864
0.229280 0.139864
0.228858 0.140428
0.228858 0.140428
0.228438 0.140993
0.228438 0.140993
0.228018 0.141557
0.227600 0.142123
0.227600 0.142123
0.227182 0.142688
0.227182 0.142688
0.226765 0.143254
0.226765 0.143254
0.226349 0.143820
0.226349 0.143820
0.225933 0.144386
0.225933 0.144386
0.225517 0.144952
0.225517 0.144952
0.225102 0.145519
0.225102 0.145519
0.224687 0.146085
0.224687 0.146085
0.224272 0.146652
0.224272 0.146652
0.223857 0.147218
0.223857 0.147218
0.223442 0.147784
0.223442 0.147784
0.223026 0.148351
0.222611 0.148916
0.222611 0.148916
0.222195 0.149482
0.222195 0.149482
0.221778 0.150047
0.221778 0.150047
0.221360 0.150612
0.221360 0.150612
0.220942 0.151177
0.220942 0.151177
0.220523 0.151740
0.220523 0.151740
0.220103 0.152304
0.220103 0.152304
0.219682 0.152867
0.219682 0.152867
0.219260 0.153429
0.219260 0.153429
0.218836 0.153990
0.218836 0.153990
0.218411 0.154551
0.217985 0.155111
0.217985 0.155111
0.217557 0.155670
0.217557 0.155670
0.217127 0.156229
0.217127 0.156229
0.216696 0.156786
0.216696 0.156786
0.216263 0.157342
0.216263 0.157342
0.215827 0.157897
0.215827 0.157897
0.215390 0.158451
0.215390 0.158451
0.214950 0.159005
0.214950 0.159005
0.214509 0.159557
0.214509 0.159557
0.214065 0.160108
0.214065 0.160108
0.213619 0.160658
0.213619 0.160658
0.213171 0.161208
0.212721 0.161757
0.212721 0.161757
0.212270 0.162306
0.212270 0.162306
0.211816 0.162854
0.211816 0.162854
0.211361 0.163402
0.211361 0.163402
0.210904 0.163950
0.210904 0.163950
0.210445 0.164497
0.210445 0.164497
0.209985 0.165045
0.209985 0.165045
0.209522 0.165593
0.209522 0.165593
0.209059 0.166141
0.209059 0.166141
0.208593 0.166689
0.208593 0.166689
0.208126 0.167238
0.207658 0.167787
0.207658 0.167787
0.207188 0.168337
0.207188 0.168337
0.206717 0.168887
0.206717 0.168887
0.206244 0.169439
0.206244 0.169439
0.205770 0.169991
0.205770 0.169991
0.205295 0.170544
0.205295 0.170544
0.204818 0.171098
0.204818 0.171098
0.204341 0.171654
0.204341 0.171654
0.203862 0.172211
0.203862 0.172211
0.203382 0.172769
0.203382 0.172769
0.202900 0.173329
0.202900 0.173329
0.202417 0.173888
0.201931 0.174444
0.201931 0.174444
0.201440 0.174996
0.201440 0.174996
0.200945 0.175541
0.200945 0.175541
0.200443 0.176078
0.200443 0.176078
0.199934 0.176603
0.199934 0.176603
0.199416 0.177116
0.199416 0.177116
0.198889 0.177612
0.198889 0.177612
0.198350 0.178088
0.198350 0.178088
0.197799 0.178541
0.197799 0.178541
0.197233 0.178966
0.197233 0.178966
0.196652 0.179361
0.196053 0.179721
0.196053 0.179721
0.195435 0.180043
0.195435 0.180043
0.194797 0.180324
0.194797 0.180324
0.194137 0.180559
0.194137 0.180559
0.193453 0.180744
0.193453 0.180744
0.192744 0.180876
0.192744 0.180876
0.192008 0.180951
0.192008 0.180951
0.191244 0.180965
0.191244 0.180965
0.190449 0.180914
0.190449 0.180914
0.189624 0.180795
0.189624 0.180795
0.188764 0.180602
0.188764 0.180602
0.187870 0.180334
