[CONTOUR]
0.301275 0.660517
0.301275 0.662230
0.300849 0.662800
0.298716 0.662800
0.298289 0.663371
0.286773 0.663371
0.286346 0.663942
0.281654 0.663942
0.281228 0.664513
0.277815 0.664513
0.277389 0.665084
0.273976 0.665084
0.273550 0.665655
0.270137 0.665655
0.269711 0.666226
0.266725 0.666226
0.266298 0.666797
0.263313 0.666797
0.262886 0.667368
0.258194 0.667368
0.257768 0.667939
0.256488 0.667939
0.255635 0.669081
0.255208 0.669081
0.255635 0.669081
0.256061 0.669651
0.256915 0.669651
0.257341 0.670222
0.258194 0.670222
0.258621 0.670793
0.260327 0.670793
0.260753 0.671364
0.262460 0.671364
0.262886 0.671935
0.265445 0.671935
0.265872 0.672506
0.269284 0.672506
0.269711 0.673077
0.271844 0.673077
0.272270 0.673648
0.275682 0.673648
0.276109 0.674219
0.279095 0.674219
0.279521 0.674790
0.281654 0.674790
0.282081 0.675361
0.284640 0.675361
0.285066 0.675931
0.288052 0.675931
0.288479 0.676502
0.292318 0.676502
0.292744 0.677073
0.297863 0.677073
0.298289 0.677644
0.305967 0.677644
0.306394 0.678215
0.314925 0.678215
0.315351 0.678786
0.324735 0.678786
0.325162 0.679357
0.337531 0.679357
0.337958 0.679928
0.368243 0.679928
0.368669 0.680499
0.378480 0.680499
0.378906 0.681070
0.383172 0.681070
0.383598 0.681641
0.388717 0.681641
0.389143 0.682212
0.398954 0.682212
0.399380 0.682782
0.426253 0.682782
0.426679 0.682212
0.433504 0.682212
0.433930 0.681641
0.437769 0.681641
0.438196 0.681070
0.441182 0.681070
0.441608 0.680499
0.445021 0.680499
0.445447 0.679928
0.448006 0.679928
0.448433 0.679357
0.450992 0.679357
0.451419 0.678786
0.453552 0.678786
0.453978 0.678215
0.456964 0.678215
0.457390 0.677644
0.460376 0.677644
0.460803 0.677073
0.462936 0.677073
0.463362 0.676502
0.465921 0.676502
0.466348 0.675931
0.468907 0.675931
0.469334 0.676502
0.471893 0.676502
0.472320 0.675931
0.475305 0.675931
0.476585 0.674219
0.476158 0.673648
0.475305 0.673648
0.474879 0.673077
0.474026 0.673077
0.473599 0.672506
0.472746 0.672506
0.472320 0.671935
0.470613 0.671935
0.470187 0.671364
0.467628 0.671364
0.467201 0.670793
0.465495 0.670793
0.465068 0.670222
0.463789 0.670222
0.463362 0.669651
0.461229 0.669651
0.460803 0.669081
0.457817 0.669081
0.457390 0.668510
0.453552 0.668510
0.453125 0.667939
0.447153 0.667939
0.446727 0.667368
0.436063 0.667368
0.435637 0.666797
0.428812 0.666797
0.428385 0.666226
0.420708 0.666226
0.420281 0.665655
0.413883 0.665655
0.413456 0.665084
0.404925 0.665084
0.404499 0.664513
0.400660 0.664513
0.400233 0.663942
0.394262 0.663942
0.393835 0.663371
0.387864 0.663371
0.387437 0.662800
0.384878 0.662800
0.384451 0.662230
0.384451 0.660517
[SKELETON]
0.261209 0.669242
0.263345 0.669325
0.263345 0.669325
0.265469 0.669400
0.265469 0.669400
0.267584 0.669467
0.267584 0.669467
0.269689 0.669527
0.269689 0.669527
0.271785 0.669579
0.271785 0.669579
0.273872 0.669625
0.273872 0.669625
0.275950 0.669664
0.275950 0.669664
0.278021 0.669697
0.278021 0.669697
0.280083 0.669724
0.280083 0.669724
0.282139 0.669747
0.282139 0.669747
0.284188 0.669764
0.284188 0.669764
0.286230 0.669777
0.286230 0.669777
0.288266 0.669785
0.288266 0.669785
0.290297 0.669790
0.290297 0.669790
0.292322 0.669791
0.294343 0.669790
0.294343 0.669790
0.296359 0.669785
0.296359 0.669785
0.298371 0.669779
0.298371 0.669779
0.300379 0.669770
0.300379 0.669770
0.302385 0.669760
0.302385 0.669760
0.304387 0.669748
0.304387 0.669748
0.306387 0.669736
0.306387 0.669736
0.308385 0.669724
0.308385 0.669724
0.310382 0.669711
0.310382 0.669711
0.312377 0.669698
0.312377 0.669698
0.314372 0.669687
0.314372 0.669687
0.316366 0.669676
0.316366 0.669676
0.318360 0.669667
0.318360 0.669667
0.320355 0.669659
0.322350 0.669654
0.322350 0.669654
0.324348 0.669651
0.324348 0.669651
0.326347 0.669650
0.326347 0.669650
0.328348 0.669653
0.328348 0.669653
0.330353 0.669660
0.330353 0.669660
0.332361 0.669670
0.332361 0.669670
0.334372 0.669684
0.334372 0.669684
0.336388 0.669703
0.336388 0.669703
0.338409 0.669727
0.338409 0.669727
0.340434 0.669756
0.340434 0.669756
0.342466 0.669791
0.342466 0.669791
0.344502 0.669831
0.344502 0.669831
0.346544 0.669878
0.346544 0.669878
0.348590 0.669930
0.348590 0.669930
0.350640 0.669990
0.352693 0.670056
0.352693 0.670056
0.354749 0.670128
0.354749 0.670128
0.356808 0.670208
0.356808 0.670208
0.358868 0.670295
0.358868 0.670295
0.360930 0.670389
0.360930 0.670389
0.362993 0.670492
0.362993 0.670492
0.365057 0.670602
0.365057 0.670602
0.367120 0.670720
0.367120 0.670720
0.369184 0.670845
0.369184 0.670845
0.371246 0.670977
0.371246 0.670977
0.373308 0.671115
0.373308 0.671115
0.375369 0.671258
0.375369 0.671258
0.377429 0.671406
0.377429 0.671406
0.379487 0.671557
0.379487 0.671557
0.381544 0.671711
0.383599 0.671867
0.383599 0.671867
0.385651 0.672024
0.385651 0.672024
0.387701 0.672181
0.387701 0.672181
0.389748 0.672339
0.389748 0.672339
0.391793 0.672495
0.391793 0.672495
0.393834 0.672650
0.393834 0.672650
0.395872 0.672801
0.395872 0.672801
0.397906 0.672950
0.397906 0.672950
0.399937 0.673094
0.399937 0.673094
0.401963 0.673234
0.401963 0.673234
0.403985 0.673368
0.403985 0.673368
0.406003 0.673495
0.406003 0.673495
0.408015 0.673615
0.408015 0.673615
0.410023 0.673727
0.410023 0.673727
0.412025 0.673831
0.414022 0.673924
0.414022 0.673924
0.416013 0.674008
0.416013 0.674008
0.417998 0.674080
0.417998 0.674080
0.419977 0.674141
0.419977 0.674141
0.421951 0.674191
0.421951 0.674191
0.423919 0.674231
0.423919 0.674231
0.425883 0.674259
0.425883 0.674259
0.427843 0.674278
0.427843 0.674278
0.429799 0.674288
0.429799 0.674288
0.431752 0.674288
0.431752 0.674288
0.433703 0.674279
0.433703 0.674279
0.435650 0.674261
0.435650 0.674261
0.437597 0.674235
0.437597 0.674235
0.439541 0.674202
0.441485 0.674160
0.441485 0.674160
0.443428 0.674112
0.443428 0.674112
0.445372 0.674056
0.445372 0.674056
0.447316 0.673994
0.447316 0.673994
0.449260 0.673926
0.449260 0.673926
0.451206 0.673852
0.451206 0.673852
0.453154 0.673773
0.453154 0.673773
0.455105 0.673688
0.455105 0.673688
0.457057 0.673599
0.457057 0.673599
0.459014 0.673505
0.459014 0.673505
0.460973 0.673408
0.460973 0.673408
0.462937 0.673306
0.462937 0.673306
0.464906 0.673201
0.464906 0.673201
0.466879 0.673093
0.466879 0.673093
0.468858 0.672983
