[CONTOUR]
0.439776 0.346334
0.439415 0.347302
0.439054 0.348753
0.438692 0.349721
0.438331 0.350688
0.437969 0.352623
0.437608 0.353591
0.437246 0.354558
0.436885 0.356010
0.436523 0.357461
0.435801 0.358912
0.435439 0.360364
0.435078 0.361331
0.434716 0.362782
0.434355 0.363750
0.433993 0.365201
0.433632 0.366653
0.433270 0.368104
0.432909 0.369555
0.432548 0.371007
0.432186 0.372942
0.431825 0.374877
0.431463 0.376812
0.431102 0.378747
0.430740 0.381650
0.430379 0.384069
0.430018 0.386487
0.429656 0.389874
0.429295 0.396163
0.428933 0.399066
0.428572 0.402452
0.428210 0.408257
0.427849 0.413095
0.427487 0.418416
0.427126 0.426641
0.426765 0.434865
0.426403 0.442605
0.426042 0.450829
0.425680 0.457118
0.425319 0.463407
0.424957 0.467761
0.424596 0.472115
0.424234 0.476469
0.423873 0.481791
0.423512 0.485177
0.423150 0.488564
0.422427 0.491950
0.422066 0.494853
0.421704 0.497755
0.421343 0.500658
0.420982 0.503561
0.420620 0.506947
0.420259 0.509850
0.419897 0.512269
0.419536 0.514204
0.419174 0.516623
0.418813 0.518558
0.418451 0.520493
0.418090 0.522428
0.417729 0.524363
0.417367 0.526298
0.417006 0.527749
0.416644 0.529201
0.416283 0.530652
0.415921 0.532587
0.415560 0.534038
0.415198 0.535490
0.414837 0.536457
0.414476 0.537909
0.414114 0.538876
0.413753 0.540328
0.413391 0.541295
0.413030 0.542263
0.412668 0.543714
0.412307 0.544681
0.411945 0.546133
0.411584 0.547100
0.411223 0.548068
0.410861 0.549035
0.410500 0.550487
0.410138 0.551454
0.409777 0.552422
0.409054 0.553873
0.408693 0.554841
0.408331 0.555808
0.407970 0.557260
0.407608 0.558227
0.407247 0.559678
0.406885 0.560646
0.406524 0.561614
0.406162 0.563065
0.405801 0.564032
0.405440 0.565484
0.405078 0.566451
0.404717 0.567903
0.404355 0.568870
0.403994 0.569838
0.403632 0.571289
0.403271 0.572257
0.402909 0.573708
0.402548 0.575159
0.402187 0.576127
0.401825 0.577578
0.401464 0.579029
0.401102 0.579997
0.400741 0.581448
0.400379 0.582900
0.400018 0.584351
0.399657 0.585802
0.399295 0.587254
0.398934 0.588221
0.398572 0.589672
0.398211 0.590640
0.397849 0.591608
0.397488 0.592575
0.397126 0.593543
0.396765 0.594510
0.396404 0.595478
0.395681 0.596929
0.395319 0.598380
0.394235 0.600316
0.393151 0.602734
0.392066 0.609991
0.393512 0.609507
0.394958 0.607088
0.396042 0.605153
0.397849 0.602251
0.399295 0.599832
0.401825 0.595962
0.403271 0.593543
0.405801 0.589672
0.408331 0.585802
0.409415 0.583867
0.410500 0.581932
0.411584 0.579997
0.412307 0.578546
0.413030 0.576611
0.413753 0.575159
0.414476 0.573708
0.415198 0.572257
0.415921 0.570805
0.416283 0.569838
0.417006 0.568386
0.417367 0.567419
0.418090 0.565968
0.418813 0.564516
0.419174 0.563549
0.419536 0.562581
0.420259 0.561130
0.420620 0.560162
0.421343 0.558711
0.421704 0.557743
0.422066 0.556776
0.422427 0.555808
0.423512 0.553873
0.423873 0.552906
0.424234 0.551938
0.424596 0.550971
0.424957 0.550003
0.425319 0.549035
0.425680 0.548068
0.426042 0.547100
0.426403 0.546133
0.426765 0.545165
0.427126 0.544198
0.427487 0.543230
0.427849 0.542263
0.428210 0.540811
0.428572 0.539844
0.428933 0.538876
0.429295 0.537425
0.429656 0.535974
0.430018 0.534038
0.430379 0.532103
0.430740 0.530652
0.431102 0.529201
0.431463 0.527266
0.431825 0.525331
0.432186 0.522912
0.432548 0.520977
0.432909 0.519041
0.433270 0.516623
0.433632 0.513720
0.433993 0.510817
0.434355 0.507915
0.434716 0.505012
0.435078 0.501626
0.435439 0.498723
0.435801 0.495820
0.436162 0.491950
0.436885 0.487112
0.437246 0.482758
0.437608 0.478404
0.437969 0.473083
0.438331 0.467761
0.438692 0.463407
0.439054 0.459053
0.439415 0.451797
0.439776 0.444056
0.440861 0.346334
[SKELETON]
0.439292 0.352535
0.438960 0.354837
0.438960 0.354837
0.438643 0.357141
0.438643 0.357141
0.438341 0.359448
0.438341 0.359448
0.438053 0.361756
0.437778 0.364067
0.437778 0.364067
0.437517 0.366379
0.437517 0.366379
0.437268 0.368693
0.437268 0.368693
0.437031 0.371008
0.436806 0.373326
0.436806 0.373326
0.436592 0.375644
0.436592 0.375644
0.436388 0.377965
0.436388 0.377965
0.436195 0.380286
0.436012 0.382609
0.436012 0.382609
0.435838 0.384933
0.435838 0.384933
0.435673 0.387257
0.435673 0.387257
0.435516 0.389583
0.435367 0.391910
0.435367 0.391910
0.435225 0.394238
0.435225 0.394238
0.435090 0.396566
0.435090 0.396566
0.434962 0.398895
0.434839 0.401224
0.434839 0.401224
0.434722 0.403554
0.434722 0.403554
0.434610 0.405884
0.434610 0.405884
0.434502 0.408215
0.434399 0.410546
0.434399 0.410546
0.434299 0.412877
0.434299 0.412877
0.434202 0.415207
0.434202 0.415207
0.434107 0.417538
0.434015 0.419869
0.434015 0.419869
0.433924 0.422199
0.433924 0.422199
0.433835 0.424529
0.433746 0.426859
0.433746 0.426859
0.433658 0.429188
0.433658 0.429188
0.433569 0.431517
0.433569 0.431517
0.433479 0.433845
0.433389 0.436172
0.433389 0.436172
0.433296 0.438498
0.433296 0.438498
0.433202 0.440824
0.433202 0.440824
0.433104 0.443148
0.433004 0.445471
0.433004 0.445471
0.432900 0.447793
0.432900 0.447793
0.432792 0.450114
0.432792 0.450114
0.432679 0.452433
0.432562 0.454751
0.432562 0.454751
0.432439 0.457068
0.432439 0.457068
0.432309 0.459383
0.432309 0.459383
0.432174 0.461696
0.432031 0.464007
0.432031 0.464007
0.431881 0.466317
0.431881 0.466317
0.431724 0.468624
0.431724 0.468624
0.431557 0.470929
0.431382 0.473233
0.431382 0.473233
0.431198 0.475534
0.431198 0.475534
0.431004 0.477832
0.431004 0.477832
0.430799 0.480129
0.430584 0.482423
0.430584 0.482423
0.430359 0.484713
0.430359 0.484713
0.430122 0.487001
0.430122 0.487001
0.429874 0.489286
0.429614 0.491567
0.429614 0.491567
0.429343 0.493844
0.429343 0.493844
0.429059 0.496117
0.429059 0.496117
0.428764 0.498386
0.428456 0.500650
0.428456 0.500650
0.428135 0.502910
0.428135 0.502910
0.427802 0.505165
0.427802 0.505165
0.427455 0.507414
0.427095 0.509658
0.427095 0.509658
0.426722 0.511897
0.426722 0.511897
0.426334 0.514129
0.426334 0.514129
0.425933 0.516356
0.425517 0.518575
0.425517 0.518575
0.425087 0.520789
0.425087 0.520789
0.424642 0.522995
0.424642 0.522995
0.424182 0.525194
0.423708 0.527386
0.423708 0.527386
0.423217 0.529570
0.423217 0.529570
0.422711 0.531747
0.422711 0.531747
0.422189 0.533915
0.421651 0.536075
0.421651 0.536075
0.421097 0.538227
0.421097 0.538227
0.420526 0.540370
0.420526 0.540370
0.419938 0.542504
0.419334 0.544628
0.419334 0.544628
0.418712 0.546744
0.418712 0.546744
0.418075 0.548850
0.417420 0.550947
0.417420 0.550947
0.416749 0.553034
0.416749 0.553034
0.416062 0.555112
0.416062 0.555112
0.415359 0.557181
0.414639 0.559240
0.414639 0.559240
0.413903 0.561289
0.413903 0.561289
0.413152 0.563329
0.413152 0.563329
0.412384 0.565359
0.411600 0.567379
0.411600 0.567379
0.410801 0.569390
0.410801 0.569390
0.409986 0.571390
0.409986 0.571390
0.409156 0.573381
0.408310 0.575362
0.408310 0.575362
0.407449 0.577332
0.407449 0.577332
0.406572 0.579293
0.406572 0.579293
0.405680 0.581243
0.404774 0.583183
0.404774 0.583183
0.403852 0.585113
0.403852 0.585113
0.402915 0.587033
0.402915 0.587033
0.401963 0.588942
0.400997 0.590840
0.400997 0.590840
0.400016 0.592729
0.400016 0.592729
0.399020 0.594606
0.399020 0.594606
0.398010 0.596473
0.396985 0.598329
0.396985 0.598329
0.395947 0.600175
0.395947 0.600175
0.394894 0.602010
0.394894 0.602010
0.393826 0.603834
