[CONTOUR]
0.906965 0.000942
0.905933 0.002484
0.903871 0.003101
0.902496 0.003409
0.900778 0.004026
0.898716 0.004643
0.896310 0.005260
0.894247 0.005877
0.892873 0.006494
0.891154 0.007110
0.889092 0.007727
0.887373 0.008344
0.885655 0.008961
0.884280 0.009269
0.882562 0.009886
0.880843 0.010503
0.879124 0.011120
0.877406 0.011737
0.876031 0.012354
0.874313 0.012971
0.872938 0.013588
0.871219 0.014205
0.869844 0.014821
0.868470 0.015130
0.866751 0.015747
0.865376 0.016364
0.864001 0.016981
0.862283 0.017597
0.860564 0.018214
0.859533 0.018831
0.857815 0.019448
0.856096 0.020065
0.854721 0.020682
0.853003 0.021299
0.851628 0.021607
0.849910 0.022224
0.848191 0.022841
0.846129 0.023458
0.844754 0.024075
0.843379 0.024692
0.841661 0.025308
0.839942 0.025925
0.838224 0.026542
0.836505 0.027159
0.835130 0.027468
0.833412 0.028084
0.832037 0.028701
0.830318 0.029318
0.828944 0.029935
0.827912 0.030552
0.826194 0.031169
0.824819 0.031786
0.823444 0.032403
0.822069 0.033019
0.821038 0.033328
0.819320 0.034253
0.817945 0.034870
0.816570 0.035487
0.815195 0.036104
0.814164 0.036721
0.812789 0.037338
0.811415 0.037955
0.809696 0.038880
0.808321 0.039497
0.807290 0.039805
0.805915 0.040422
0.804541 0.041039
0.802822 0.041964
0.801447 0.042581
0.800072 0.043506
0.798698 0.044123
0.796979 0.045049
0.795604 0.045666
0.794229 0.046282
0.793198 0.046591
0.791823 0.047208
0.790449 0.047825
0.789074 0.048442
0.787699 0.049058
0.786324 0.049675
0.785293 0.050292
0.783918 0.050909
0.782543 0.051526
0.780825 0.052143
0.779450 0.052760
0.778419 0.053068
0.776700 0.053994
0.775326 0.054610
0.773607 0.055536
0.772232 0.056153
0.770857 0.057078
0.769483 0.057695
0.767420 0.058929
0.765702 0.059854
0.763640 0.061088
0.761921 0.062013
0.760890 0.062938
0.758140 0.063864
0.762265 0.063247
0.764327 0.062630
0.766046 0.062321
0.768452 0.061705
0.770857 0.061088
0.773607 0.060471
0.776700 0.059854
0.778419 0.059237
0.781169 0.058620
0.783918 0.058003
0.786324 0.057386
0.788730 0.056769
0.790449 0.056461
0.792511 0.055844
0.794229 0.055227
0.796292 0.054610
0.797666 0.053994
0.799041 0.053377
0.800760 0.052760
0.802478 0.052143
0.803853 0.051526
0.805572 0.050909
0.806946 0.050601
0.808665 0.049984
0.810040 0.049367
0.811758 0.048750
0.813477 0.048133
0.814852 0.047516
0.815883 0.046899
0.817601 0.046282
0.818976 0.045666
0.820695 0.045049
0.822413 0.044432
0.823444 0.044123
0.824819 0.043506
0.826538 0.042890
0.827912 0.042273
0.829631 0.041656
0.830662 0.041039
0.832381 0.040422
0.833755 0.039805
0.835474 0.039188
0.837192 0.038571
0.838567 0.038263
0.840286 0.037646
0.841661 0.037029
0.843379 0.036412
0.845098 0.035795
0.846129 0.035179
0.848191 0.034562
0.849566 0.033945
0.851284 0.033328
0.853003 0.032711
0.854378 0.032403
0.856096 0.031786
0.857815 0.031169
0.859190 0.030552
0.860908 0.029935
0.861939 0.029318
0.863658 0.028701
0.865376 0.028084
0.867095 0.027468
0.868470 0.026851
0.869844 0.026542
0.871563 0.025925
0.873625 0.025308
0.875344 0.024692
0.877062 0.024075
0.878093 0.023458
0.879812 0.022841
0.881530 0.022224
0.883249 0.021607
0.884967 0.020990
0.886342 0.020682
0.888061 0.020065
0.889779 0.019448
0.891842 0.018831
0.893560 0.018214
0.895622 0.017597
0.896653 0.016981
0.898372 0.016364
0.900090 0.015747
0.901809 0.015130
0.903527 0.014513
0.904902 0.014205
0.906621 0.013588
0.908339 0.012971
0.910058 0.012354
0.911433 0.011737
0.912808 0.011120
0.914182 0.010503
0.915901 0.009886
0.917276 0.009269
0.918651 0.008653
0.919682 0.008344
0.921400 0.007727
0.922775 0.007110
0.924493 0.006494
0.925868 0.005877
0.927587 0.004643
0.929993 0.003101
0.933774 0.000942
[SKELETON]
0.928124 0.002159
0.926561 0.002544
0.926561 0.002544
0.925001 0.002936
0.925001 0.002936
0.923444 0.003334
0.923444 0.003334
0.921889 0.003737
0.921889 0.003737
0.920336 0.004145
0.920336 0.004145
0.918786 0.004559
0.917239 0.004979
0.917239 0.004979
0.915694 0.005403
0.915694 0.005403
0.914152 0.005833
0.914152 0.005833
0.912612 0.006269
0.912612 0.006269
0.911074 0.006709
0.909538 0.007154
0.909538 0.007154
0.908005 0.007604
0.908005 0.007604
0.906474 0.008059
0.906474 0.008059
0.904945 0.008519
0.904945 0.008519
0.903419 0.008983
0.903419 0.008983
0.901894 0.009452
0.900372 0.009925
0.900372 0.009925
0.898851 0.010403
0.898851 0.010403
0.897333 0.010885
0.897333 0.010885
0.895817 0.011372
0.895817 0.011372
0.894302 0.011862
0.894302 0.011862
0.892789 0.012357
0.891279 0.012856
0.891279 0.012856
0.889770 0.013358
0.889770 0.013358
0.888263 0.013865
0.888263 0.013865
0.886757 0.014375
0.886757 0.014375
0.885253 0.014889
0.885253 0.014889
0.883751 0.015407
0.882251 0.015928
0.882251 0.015928
0.880752 0.016452
0.880752 0.016452
0.879255 0.016980
0.879255 0.016980
0.877759 0.017511
0.877759 0.017511
0.876265 0.018046
0.874772 0.018583
0.874772 0.018583
0.873280 0.019124
0.873280 0.019124
0.871790 0.019667
0.871790 0.019667
0.870301 0.020213
0.870301 0.020213
0.868814 0.020762
0.868814 0.020762
0.867327 0.021314
0.865842 0.021869
0.865842 0.021869
0.864359 0.022426
0.864359 0.022426
0.862876 0.022985
0.862876 0.022985
0.861394 0.023547
0.861394 0.023547
0.859914 0.024111
0.859914 0.024111
0.858434 0.024677
0.856956 0.025246
0.856956 0.025246
0.855478 0.025816
0.855478 0.025816
0.854001 0.026389
0.854001 0.026389
0.852525 0.026963
0.852525 0.026963
0.851050 0.027540
0.851050 0.027540
0.849576 0.028118
0.848103 0.028697
0.848103 0.028697
0.846630 0.029278
0.846630 0.029278
0.845158 0.029861
0.845158 0.029861
0.843687 0.030445
0.843687 0.030445
0.842216 0.031030
0.840746 0.031617
0.840746 0.031617
0.839276 0.032205
0.839276 0.032205
0.837807 0.032794
0.837807 0.032794
0.836338 0.033384
0.836338 0.033384
0.834870 0.033974
0.834870 0.033974
0.833402 0.034566
0.831934 0.035158
0.831934 0.035158
0.830467 0.035751
0.830467 0.035751
0.829000 0.036345
0.829000 0.036345
0.827534 0.036939
0.827534 0.036939
0.826067 0.037534
0.826067 0.037534
0.824601 0.038129
0.823134 0.038724
0.823134 0.038724
0.821668 0.039319
0.821668 0.039319
0.820202 0.039915
0.820202 0.039915
0.818736 0.040510
0.818736 0.040510
0.817270 0.041106
0.817270 0.041106
0.815804 0.041701
0.814337 0.042296
0.814337 0.042296
0.812871 0.042891
0.812871 0.042891
0.811404 0.043485
0.811404 0.043485
0.809938 0.044079
0.809938 0.044079
0.808471 0.044672
0.807003 0.045265
0.807003 0.045265
0.805535 0.045857
0.805535 0.045857
0.804067 0.046448
0.804067 0.046448
0.802599 0.047039
0.802599 0.047039
0.801130 0.047628
0.801130 0.047628
0.799661 0.048216
0.798191 0.048804
0.798191 0.048804
0.796720 0.049390
0.796720 0.049390
0.795249 0.049974
0.795249 0.049974
0.793777 0.050558
0.793777 0.050558
0.792305 0.051140
0.792305 0.051140
0.790832 0.051720
0.789358 0.052299
0.789358 0.052299
0.787884 0.052876
0.787884 0.052876
0.786408 0.053451
0.786408 0.053451
0.784932 0.054025
0.784932 0.054025
0.783455 0.054596
0.783455 0.054596
0.781977 0.055166
0.780498 0.055733
0.780498 0.055733
0.779018 0.056299
0.779018 0.056299
0.777537 0.056862
0.777537 0.056862
0.776054 0.057422
0.776054 0.057422
0.774571 0.057981
0.773087 0.058536
0.773087 0.058536
0.771601 0.059090
0.771601 0.059090
0.770114 0.059640
0.770114 0.059640
0.768626 0.060188
0.768626 0.060188
0.767137 0.060733
0.767137 0.060733
0.765646 0.061275
