[CONTOUR]
-0.000950 0.749351
-0.000475 0.774067
-0.000158 0.774635
0.000000 0.774919
0.000158 0.775345
0.000317 0.775771
0.000475 0.776055
0.000633 0.776481
0.000791 0.776765
0.000950 0.777192
0.001108 0.777476
0.001266 0.777760
0.001583 0.778328
0.001741 0.778612
0.001899 0.778896
0.002058 0.779180
0.002216 0.779464
0.002533 0.779890
0.002849 0.780317
0.003324 0.780885
0.003482 0.781169
0.003799 0.781595
0.003957 0.781879
0.004115 0.782163
0.004432 0.782589
0.004907 0.783157
0.005382 0.783726
0.006331 0.784720
0.008864 0.787135
0.010763 0.788981
0.013929 0.791964
0.016145 0.794095
0.018361 0.795942
0.020260 0.797504
0.021843 0.798640
0.022951 0.799493
0.023901 0.800203
0.024851 0.800913
0.025800 0.801623
0.026750 0.802334
0.027542 0.802902
0.028650 0.803754
0.029916 0.804748
0.031499 0.806027
0.032448 0.806737
0.033556 0.807589
0.034664 0.808442
0.035456 0.809010
0.036406 0.809720
0.037355 0.810430
0.038305 0.811140
0.039096 0.811709
0.039888 0.812277
0.040838 0.812987
0.041629 0.813555
0.042420 0.814123
0.043845 0.815260
0.044953 0.816112
0.047960 0.818669
0.049068 0.819805
0.049860 0.820657
0.050335 0.821226
0.050651 0.821652
0.051126 0.822220
0.051759 0.822930
0.052234 0.823498
0.052709 0.824067
0.053026 0.824493
0.053184 0.824777
0.053500 0.825203
0.053975 0.825771
0.054450 0.826339
0.055400 0.827334
0.056033 0.828044
0.056191 0.828186
0.056983 0.828754
0.057299 0.829606
0.057774 0.827476
0.056983 0.827050
0.056824 0.826765
0.056666 0.826481
0.056508 0.826197
0.056349 0.825913
0.056191 0.825487
0.056033 0.825203
0.055875 0.824777
0.055716 0.824493
0.055558 0.824209
0.055400 0.823782
0.055241 0.823498
0.055083 0.823214
0.054925 0.822788
0.054767 0.822504
0.054608 0.822220
0.054450 0.821936
0.054292 0.821652
0.054134 0.821368
0.053975 0.820942
0.053817 0.820657
0.053659 0.820373
0.053342 0.819947
0.053184 0.819663
0.053026 0.819379
0.052867 0.818953
0.052709 0.818669
0.052551 0.818385
0.052234 0.817959
0.052076 0.817675
0.051918 0.817390
0.051759 0.817106
0.051601 0.816822
0.051284 0.816396
0.051126 0.816112
0.050810 0.815686
0.050651 0.815402
0.050335 0.814976
0.050176 0.814692
0.049860 0.814265
0.049543 0.813839
0.049385 0.813555
0.049068 0.813129
0.048752 0.812703
0.048435 0.812135
0.047960 0.811567
0.047486 0.810998
0.047169 0.810572
0.046694 0.810004
0.046061 0.809294
0.045586 0.808726
0.044953 0.808015
0.044478 0.807447
0.044003 0.806879
0.043370 0.806169
0.042737 0.805459
0.042104 0.804748
0.041312 0.803896
0.040363 0.802902
0.039571 0.802050
0.038622 0.801055
0.037514 0.799919
0.036564 0.798925
0.035614 0.797930
0.034823 0.797078
0.034031 0.796226
0.032607 0.794805
0.031815 0.793953
0.031024 0.793101
0.030549 0.792532
0.029758 0.791680
0.029124 0.790970
0.028333 0.790118
0.027858 0.789550
0.027225 0.788839
0.026592 0.788129
0.025959 0.787419
0.025326 0.786709
0.024534 0.785856
0.023743 0.785004
0.023110 0.784294
0.022476 0.783584
0.021843 0.782873
0.021052 0.782021
0.020419 0.781311
0.019786 0.780601
0.019152 0.779890
0.018519 0.779180
0.017728 0.778186
0.016778 0.777192
0.015987 0.776339
0.015037 0.775345
0.014246 0.774493
0.013454 0.773640
0.012505 0.772646
0.011397 0.771510
0.010289 0.770373
0.009497 0.769521
0.008706 0.768669
0.007914 0.767817
0.007439 0.767248
0.007123 0.766822
0.006648 0.766254
0.006331 0.765828
0.006173 0.765544
0.005857 0.765118
0.005540 0.764692
0.005382 0.764407
0.005223 0.764123
0.005065 0.763839
0.004749 0.763271
0.004590 0.762845
0.004432 0.762419
0.004274 0.761851
0.004115 0.761140
0.003957 0.760146
0.003799 0.755885
0.003957 0.755317
0.003799 0.751197
0.003641 0.750061
0.003482 0.749777
0.003324 0.749351
[SKELETON]
0.001729 0.749320
0.001639 0.750032
0.001639 0.750032
0.001557 0.750742
0.001483 0.751450
0.001483 0.751450
0.001419 0.752155
0.001363 0.752859
0.001317 0.753560
0.001317 0.753560
0.001280 0.754258
0.001254 0.754954
0.001254 0.754954
0.001237 0.755648
0.001232 0.756338
0.001232 0.756338
0.001237 0.757026
0.001253 0.757710
0.001281 0.758392
0.001281 0.758392
0.001321 0.759070
0.001373 0.759745
0.001373 0.759745
0.001437 0.760416
0.001513 0.761084
0.001513 0.761084
0.001602 0.761748
0.001704 0.762409
0.001819 0.763066
0.001819 0.763066
0.001947 0.763719
0.002088 0.764368
0.002088 0.764368
0.002243 0.765012
0.002411 0.765653
0.002411 0.765653
0.002593 0.766290
0.002789 0.766922
0.002999 0.767550
0.002999 0.767550
0.003223 0.768173
0.003461 0.768792
0.003461 0.768792
0.003714 0.769406
0.003981 0.770015
0.003981 0.770015
0.004262 0.770620
0.004556 0.771221
0.004864 0.771817
0.004864 0.771817
0.005185 0.772409
0.005517 0.772998
0.005517 0.772998
0.005863 0.773582
0.006219 0.774162
0.006219 0.774162
0.006588 0.774738
0.006967 0.775311
0.007357 0.775880
0.007357 0.775880
0.007757 0.776446
0.008167 0.777008
0.008167 0.777008
0.008587 0.777568
0.009016 0.778124
0.009016 0.778124
0.009454 0.778677
0.009901 0.779227
0.009901 0.779227
0.010356 0.779774
0.010818 0.780319
0.011288 0.780861
0.011288 0.780861
0.011766 0.781401
0.012249 0.781938
0.012249 0.781938
0.012740 0.782473
0.013236 0.783005
0.013236 0.783005
0.013738 0.783536
0.014246 0.784065
0.014758 0.784592
0.014758 0.784592
0.015275 0.785117
0.015797 0.785640
0.015797 0.785640
0.016322 0.786162
0.016851 0.786682
0.016851 0.786682
0.017383 0.787201
0.017917 0.787719
0.018455 0.788236
0.018455 0.788236
0.018994 0.788752
0.019535 0.789267
0.019535 0.789267
0.020079 0.789780
0.020623 0.790294
0.020623 0.790294
0.021170 0.790806
0.021718 0.791317
0.022267 0.791828
0.022267 0.791828
0.022818 0.792338
0.023370 0.792848
0.023370 0.792848
0.023923 0.793356
0.024477 0.793865
0.024477 0.793865
0.025033 0.794373
0.025589 0.794880
0.026146 0.795387
0.026146 0.795387
0.026704 0.795893
0.027262 0.796399
0.027262 0.796399
0.027821 0.796905
0.028380 0.797411
0.028380 0.797411
0.028940 0.797916
0.029501 0.798422
0.030061 0.798927
0.030061 0.798927
0.030622 0.799432
0.031182 0.799937
0.031182 0.799937
0.031743 0.800442
0.032304 0.800946
0.032304 0.800946
0.032864 0.801452
0.033424 0.801957
0.033984 0.802462
0.033984 0.802462
0.034543 0.802968
0.035102 0.803473
0.035102 0.803473
0.035660 0.803979
0.036217 0.804486
0.036217 0.804486
0.036774 0.804993
0.037330 0.805500
0.037330 0.805500
0.037884 0.806008
0.038438 0.806516
0.038991 0.807024
0.038991 0.807024
0.039542 0.807534
0.040092 0.808044
0.040092 0.808044
0.040641 0.808554
0.041187 0.809065
0.041187 0.809065
0.041732 0.809578
0.042275 0.810091
0.042814 0.810605
0.042814 0.810605
0.043351 0.811121
0.043884 0.811638
0.043884 0.811638
0.044413 0.812157
0.044938 0.812677
0.044938 0.812677
0.045459 0.813199
0.045974 0.813722
0.046485 0.814248
0.046485 0.814248
0.046989 0.814776
0.047488 0.815306
0.047488 0.815306
0.047980 0.815838
0.048466 0.816373
0.048466 0.816373
0.048945 0.816911
0.049416 0.817451
0.049880 0.817994
0.049880 0.817994
0.050335 0.818540
0.050782 0.819089
0.050782 0.819089
0.051220 0.819641
0.051649 0.820197
0.051649 0.820197
0.052068 0.820756
0.052478 0.821318
0.052877 0.821884
0.052877 0.821884
0.053266 0.822454
0.053643 0.823028
0.053643 0.823028
0.054010 0.823606
0.054365 0.824188
0.054365 0.824188
0.054707 0.824775
0.055037 0.825366
0.055355 0.825961
0.055355 0.825961
0.055659 0.826561
0.055950 0.827166
0.055950 0.827166
0.056228 0.827775
