[CONTOUR]
0.526058 0.087342
0.525665 0.087695
0.525271 0.087695
0.524484 0.088401
0.524878 0.088401
0.525665 0.089107
0.527239 0.089107
0.528419 0.088048
0.527632 0.087342
[CONTOUR]
0.514255 0.083105
0.513861 0.083458
0.512681 0.083811
0.511501 0.083811
0.510320 0.084164
0.509533 0.084870
0.508746 0.085223
0.508353 0.085223
0.507566 0.085576
0.507173 0.085929
0.506386 0.086282
0.505992 0.086282
0.505599 0.086636
0.504812 0.086989
0.504418 0.086989
0.503632 0.087342
0.502845 0.088048
0.502058 0.088401
0.501271 0.088401
0.500484 0.088754
0.500090 0.089107
0.499697 0.089107
0.498910 0.089460
0.498517 0.089813
0.497336 0.090166
0.496943 0.090166
0.496156 0.090519
0.495762 0.090873
0.494976 0.091226
0.494582 0.091226
0.493402 0.091579
0.493008 0.091932
0.492615 0.091932
0.491435 0.092285
0.491041 0.092638
0.489861 0.092991
0.489467 0.092991
0.488287 0.093344
0.487893 0.093697
0.487107 0.094050
0.486320 0.094050
0.485139 0.094403
0.484746 0.094756
0.484352 0.094756
0.483172 0.095110
0.482779 0.095463
0.481992 0.095816
0.481205 0.095816
0.480418 0.096169
0.480024 0.096522
0.479238 0.096875
0.478451 0.096875
0.477664 0.097228
0.477270 0.097581
0.476483 0.097581
0.475696 0.097934
0.475303 0.098287
0.474123 0.098640
0.473336 0.098640
0.472549 0.098994
0.472155 0.099347
0.470975 0.099700
0.470188 0.099700
0.469795 0.100053
0.468614 0.100406
0.467827 0.100406
0.467041 0.100759
0.466647 0.101112
0.465467 0.101465
0.464286 0.101465
0.463499 0.101818
0.463106 0.102171
0.461926 0.102524
0.461139 0.102524
0.460745 0.102877
0.459171 0.103231
0.458385 0.103231
0.457204 0.103584
0.456811 0.103937
0.455237 0.104290
0.454057 0.104290
0.452089 0.104643
0.451696 0.104996
0.448942 0.105349
0.442647 0.105349
0.442253 0.105702
0.439105 0.105349
0.435564 0.105349
0.430450 0.105702
0.430056 0.106055
0.428482 0.114882
0.430843 0.114882
0.432023 0.115235
0.432417 0.115588
0.433597 0.115942
0.435171 0.115942
0.435564 0.116295
0.437532 0.116648
0.440679 0.116648
0.443827 0.117001
0.444220 0.117354
0.454057 0.117001
0.456417 0.117001
0.458778 0.116648
0.459171 0.116295
0.461532 0.116295
0.463499 0.115942
0.463893 0.115588
0.465467 0.115235
0.466647 0.115235
0.469008 0.114882
0.469401 0.114529
0.470975 0.114176
0.471762 0.114176
0.473336 0.113823
0.473729 0.113470
0.475303 0.113470
0.476483 0.113117
0.476877 0.112764
0.478057 0.112411
0.478844 0.112411
0.480418 0.112058
0.480811 0.111705
0.481598 0.111351
0.482385 0.111351
0.483172 0.110998
0.483565 0.110645
0.484352 0.110645
0.485533 0.110292
0.485926 0.109939
0.486713 0.109586
0.487500 0.109586
0.488680 0.109233
0.489074 0.108880
0.489861 0.108527
0.490254 0.108527
0.491041 0.108174
0.491435 0.107821
0.492221 0.107821
0.493008 0.107468
0.493402 0.107114
0.494189 0.106761
0.494582 0.106761
0.495762 0.106408
0.496156 0.106055
0.496943 0.105702
0.497336 0.105702
0.497730 0.105349
0.498517 0.104996
0.498910 0.104996
0.500090 0.104643
0.500484 0.104290
0.501271 0.103937
0.501664 0.103937
0.502451 0.103584
0.502845 0.103231
0.503632 0.102877
0.504025 0.102877
0.504418 0.102524
0.505205 0.102171
0.505992 0.102171
0.506779 0.101818
0.507566 0.101112
0.508353 0.100759
0.508746 0.100759
0.509533 0.100406
0.509927 0.100053
0.510714 0.099700
0.511107 0.099700
0.511501 0.099347
0.512287 0.098994
0.512681 0.098994
0.513468 0.098640
0.513861 0.098287
0.514648 0.097934
0.515042 0.097934
0.515829 0.097581
0.516615 0.096875
0.517796 0.096522
0.518189 0.096522
0.518583 0.096169
0.519370 0.095816
0.519763 0.095816
0.520550 0.095463
0.520943 0.095110
0.522911 0.093697
0.522911 0.091579
0.522517 0.090519
0.522124 0.090166
0.522124 0.089813
0.521730 0.089107
0.520550 0.088048
0.520156 0.087342
0.520156 0.086989
0.518976 0.085576
0.518583 0.085223
0.517796 0.084164
0.517796 0.083811
0.517009 0.083458
0.516615 0.083105
[CONTOUR]
0.496943 0.069687
0.496943 0.070041
0.496549 0.070394
0.496549 0.070747
0.496156 0.071100
0.496156 0.073218
0.495762 0.073571
0.495762 0.074278
0.496549 0.074278
0.496943 0.074631
0.497336 0.074631
0.497730 0.074278
0.498123 0.074278
0.498517 0.073925
0.498910 0.073925
0.500484 0.072512
0.500484 0.071806
0.500090 0.071453
0.500090 0.070747
0.499304 0.070041
0.498910 0.070041
0.498517 0.069687
[CONTOUR]
0.505599 0.064391
0.505205 0.064744
0.504812 0.064744
0.504418 0.065097
0.504025 0.065097
0.503238 0.065804
0.502845 0.065804
0.502451 0.066157
0.502451 0.066510
0.502058 0.066863
0.502058 0.068275
0.502451 0.068628
0.502451 0.068981
0.503632 0.068981
0.504025 0.068628
0.504418 0.068628
0.504812 0.068275
0.505205 0.068275
0.506386 0.067216
0.506779 0.067216
0.507566 0.066510
0.507566 0.066157
0.507959 0.065804
0.507959 0.065450
0.506779 0.064391
[CONTOUR]
0.607896 0.040381
0.607503 0.041794
0.607109 0.041794
0.605535 0.042147
0.605142 0.042500
0.603568 0.042853
0.601601 0.042853
0.598847 0.043206
0.598453 0.043559
0.596486 0.043912
0.595306 0.043912
0.592945 0.044265
0.590191 0.044619
0.589797 0.044972
0.588224 0.045325
0.587043 0.045325
0.585863 0.045678
0.585469 0.046031
0.583502 0.046384
0.582715 0.046384
0.581535 0.046737
0.579961 0.047090
0.579568 0.047443
0.577994 0.047796
0.577600 0.047796
0.576420 0.048149
0.576027 0.048502
0.574846 0.048856
0.574059 0.048856
0.572879 0.049209
0.572486 0.049562
0.571699 0.049915
0.570518 0.050268
0.569731 0.050268
0.568944 0.050621
0.568551 0.050974
0.567764 0.051327
0.567371 0.051327
0.566190 0.051680
0.565797 0.052033
0.564616 0.052386
0.564223 0.052386
0.563436 0.052739
0.562649 0.053093
0.562256 0.053446
0.560682 0.054152
0.560289 0.054152
0.559502 0.054505
0.559108 0.054858
0.558321 0.055211
0.557928 0.055211
0.557141 0.055564
0.556747 0.055917
0.555961 0.056270
0.554780 0.056976
0.554387 0.056976
0.553600 0.057330
0.552813 0.058036
0.552026 0.058389
0.551633 0.058389
0.550846 0.058742
0.549665 0.059801
0.548878 0.060154
0.548092 0.060507
0.547698 0.060507
0.546124 0.061567
0.545731 0.061920
0.544157 0.062979
0.543764 0.062979
0.542583 0.063685
0.542190 0.064038
0.541009 0.064744
0.540616 0.064744
0.539042 0.065804
0.538255 0.066157
0.537468 0.066863
0.536288 0.067569
0.535895 0.067569
0.534321 0.068628
0.533534 0.069334
0.532747 0.069687
0.532353 0.069687
0.530386 0.071100
0.529993 0.071453
0.528419 0.072512
0.527632 0.073571
0.527632 0.073925
0.527239 0.075690
0.527632 0.076043
0.528026 0.076749
0.528026 0.077102
0.528419 0.077808
0.529206 0.078515
0.529993 0.079574
0.529993 0.079927
0.530780 0.080986
0.531173 0.082045
0.533534 0.084164
0.534321 0.084517
0.535895 0.084517
0.537075 0.084164
0.539042 0.082399
0.540616 0.081339
0.541009 0.081339
0.544550 0.078515
0.546518 0.077102
0.548092 0.075690
0.549665 0.074631
0.550059 0.074631
0.551633 0.073571
0.552420 0.072865
0.553993 0.071806
0.554387 0.071806
0.555567 0.071100
0.556354 0.070394
0.557534 0.069687
0.558715 0.068981
0.559108 0.068981
0.559895 0.068628
0.560682 0.067922
0.561469 0.067569
0.561862 0.067569
0.562649 0.067216
0.563436 0.066510
0.564223 0.066157
0.564616 0.066157
0.565403 0.065804
0.566190 0.065450
0.566584 0.065097
0.567371 0.064744
0.567764 0.064744
0.568944 0.064038
0.569338 0.063685
0.570518 0.062979
0.570912 0.062979
0.571699 0.062626
0.572092 0.062273
0.572879 0.061920
0.573666 0.061567
0.574059 0.061567
0.574846 0.061213
0.575633 0.060507
0.576420 0.060154
0.576813 0.060154
0.577600 0.059801
0.577994 0.059448
0.578781 0.059095
0.579568 0.058742
0.579961 0.058742
0.581141 0.058389
0.581928 0.057683
0.582715 0.057330
0.583109 0.057330
0.583896 0.056976
0.584289 0.056623
0.585076 0.056270
0.585469 0.056270
0.586256 0.055917
0.587437 0.055564
0.587830 0.055211
0.589010 0.054505
0.589404 0.054505
0.590584 0.054152
0.591371 0.053446
0.592158 0.053093
0.592552 0.053093
0.593732 0.052739
0.594519 0.052033
0.595306 0.051680
0.596093 0.051327
0.596486 0.051327
0.597273 0.050974
0.597666 0.050621
0.598847 0.049915
0.599634 0.049915
0.600421 0.049562
0.600814 0.049209
0.601601 0.048856
0.601994 0.048856
0.602781 0.048502
0.603568 0.048149
0.604355 0.047443
0.605142 0.047090
0.605929 0.047090
0.606716 0.046737
0.607109 0.046384
0.608290 0.046031
0.608683 0.046031
0.609470 0.045678
0.610257 0.045325
0.611044 0.044619
0.612618 0.043912
0.613011 0.043912
0.613798 0.043559
0.614191 0.043206
0.614978 0.042853
0.615372 0.042853
0.616946 0.041794
0.617339 0.041441
0.618519 0.040381
[SKELETON]
0.612339 0.042395
0.610553 0.042929
0.610553 0.042929
0.608769 0.043463
0.608769 0.043463
0.606985 0.043999
0.606985 0.043999
0.605202 0.044538
0.605202 0.044538
0.603420 0.045079
0.603420 0.045079
0.601640 0.045623
0.601640 0.045623
0.599861 0.046172
0.599861 0.046172
0.598085 0.046725
0.596311 0.047283
0.596311 0.047283
0.594540 0.047847
0.594540 0.047847
0.592771 0.048417
0.592771 0.048417
0.591006 0.048994
0.591006 0.048994
0.589245 0.049579
0.589245 0.049579
0.587487 0.050172
0.587487 0.050172
0.585733 0.050774
0.585733 0.050774
0.583984 0.051385
0.582239 0.052007
0.582239 0.052007
0.580499 0.052638
0.580499 0.052638
0.578765 0.053282
0.578765 0.053282
0.577035 0.053937
0.577035 0.053937
0.575312 0.054604
0.575312 0.054604
0.573595 0.055284
0.573595 0.055284
0.571883 0.055979
0.571883 0.055979
0.570179 0.056687
0.568481 0.057410
0.568481 0.057410
0.566791 0.058149
0.566791 0.058149
0.565107 0.058904
0.565107 0.058904
0.563432 0.059675
0.563432 0.059675
0.561765 0.060464
0.561765 0.060464
0.560105 0.061271
0.560105 0.061271
0.558455 0.062096
0.558455 0.062096
0.556813 0.062941
0.556813 0.062941
0.555180 0.063805
0.553557 0.064689
0.553557 0.064689
0.551943 0.065594
0.551943 0.065594
0.550340 0.066521
0.550340 0.066521
0.548746 0.067470
0.548746 0.067470
0.547163 0.068442
0.547163 0.068442
0.545591 0.069437
0.545591 0.069437
0.544030 0.070456
0.544030 0.070456
0.542480 0.071500
0.540942 0.072569
0.540942 0.072569
0.539416 0.073664
0.539416 0.073664
0.537902 0.074785
0.537902 0.074785
0.536400 0.075933
0.536400 0.075933
0.534643 0.077102
0.534643 0.077102
0.532886 0.078272
0.532886 0.078272
0.531128 0.079441
0.531128 0.079441
0.529371 0.080611
0.527614 0.081780
0.527614 0.081780
0.525857 0.082950
0.525857 0.082950
0.524100 0.084119
0.524100 0.084119
0.522342 0.085289
0.522342 0.085289
0.520585 0.086458
0.520585 0.086458
0.518828 0.087627
0.518828 0.087627
0.517071 0.088797
0.517071 0.088797
0.515313 0.089966
0.513556 0.091136
0.513556 0.091136
0.511952 0.091745
0.511952 0.091745
0.510336 0.092370
0.510336 0.092370
0.508709 0.093009
0.508709 0.093009
0.507071 0.093661
0.507071 0.093661
0.505423 0.094325
0.505423 0.094325
0.503764 0.094997
0.503764 0.094997
0.502095 0.095678
0.500417 0.096364
0.500417 0.096364
0.498729 0.097055
0.498729 0.097055
0.497032 0.097749
0.497032 0.097749
0.495325 0.098443
0.495325 0.098443
0.493610 0.099137
0.493610 0.099137
0.491887 0.099828
0.491887 0.099828
0.490156 0.100515
0.490156 0.100515
0.488416 0.101196
0.486669 0.101869
0.486669 0.101869
0.484915 0.102533
0.484915 0.102533
0.483153 0.103187
0.483153 0.103187
0.481385 0.103827
0.481385 0.103827
0.479610 0.104453
0.479610 0.104453
0.477829 0.105063
0.477829 0.105063
0.476042 0.105655
0.476042 0.105655
0.474249 0.106228
0.474249 0.106228
0.472451 0.106779
0.470648 0.107308
0.470648 0.107308
0.468839 0.107812
0.468839 0.107812
0.467027 0.108289
0.467027 0.108289
0.465210 0.108737
0.465210 0.108737
0.463391 0.109154
0.463391 0.109154
0.461568 0.109537
0.461568 0.109537
0.459743 0.109886
0.459743 0.109886
0.457916 0.110197
0.456087 0.110469
0.456087 0.110469
0.454258 0.110699
0.454258 0.110699
0.452428 0.110886
0.452428 0.110886
0.450598 0.111027
0.450598 0.111027
0.448768 0.111121
0.448768 0.111121
0.446940 0.111164
0.446940 0.111164
0.445112 0.111156
0.445112 0.111156
0.443287 0.111094
0.441464 0.110976
0.441464 0.110976
0.439644 0.110800
0.439644 0.110800
0.437827 0.110564
0.437827 0.110564
0.436014 0.110265
0.436014 0.110265
0.434205 0.109902
0.434205 0.109902
0.432401 0.109472
0.432401 0.109472
0.430603 0.108974
0.430603 0.108974
0.428809 0.108406
