[CONTOUR]
0.479346 0.716556
0.481257 0.720672
0.482021 0.722386
0.482403 0.723758
0.483168 0.725130
0.483932 0.727188
0.484314 0.729588
0.485078 0.730960
0.485843 0.734046
0.486225 0.735761
0.486989 0.738504
0.487753 0.739876
0.488135 0.741591
0.488900 0.743649
0.489664 0.744677
0.490046 0.746049
0.490810 0.747421
0.491575 0.748793
0.491957 0.750164
0.492721 0.751879
0.493485 0.752908
0.493868 0.754623
0.494632 0.757023
0.495396 0.758395
0.496160 0.761138
0.496543 0.763539
0.497307 0.765254
0.498071 0.768683
0.498453 0.771427
0.499218 0.773484
0.499982 0.776571
0.500364 0.778628
0.501128 0.780343
0.501893 0.782744
0.502275 0.784458
0.503039 0.785830
0.503803 0.787888
0.504186 0.789602
0.504950 0.791317
0.505714 0.792689
0.506096 0.793718
0.506861 0.795775
0.507625 0.796804
0.508007 0.798176
0.508771 0.799890
0.509536 0.801262
0.509918 0.802634
0.510682 0.804006
0.511446 0.805377
0.511828 0.806749
0.512593 0.808121
0.513357 0.809493
0.514121 0.811207
0.514503 0.812579
0.515268 0.813951
0.516032 0.815323
0.516414 0.816694
0.517178 0.817723
0.517943 0.819438
0.518325 0.820810
0.519089 0.821838
0.519853 0.823553
0.520236 0.824582
0.521000 0.825954
0.521764 0.827325
0.522146 0.828697
0.522911 0.830069
0.523675 0.831098
0.524057 0.832127
0.524821 0.833498
0.525586 0.834870
0.526350 0.836242
0.527114 0.837614
0.528261 0.838985
0.529025 0.840357
0.530171 0.842072
0.531700 0.843787
0.532846 0.845501
0.534375 0.847559
0.536668 0.849959
0.538961 0.852703
0.540489 0.854761
0.543164 0.857504
0.545457 0.860248
0.546986 0.862305
0.558068 0.872593
0.568004 0.880824
0.569150 0.881853
0.570679 0.882539
0.572972 0.883567
0.572590 0.882196
0.571443 0.880824
0.570679 0.879109
0.570297 0.878080
0.569150 0.876366
0.567622 0.874651
0.567240 0.873622
0.565711 0.871565
0.564564 0.870193
0.564182 0.869164
0.562654 0.867106
0.561507 0.865735
0.561125 0.864706
0.559979 0.862991
0.558450 0.861276
0.557686 0.859905
0.556157 0.857847
0.554247 0.855789
0.552718 0.853732
0.551954 0.852360
0.550807 0.850988
0.549279 0.848931
0.548514 0.847559
0.546986 0.845844
0.545457 0.843787
0.545075 0.842758
0.543929 0.841386
0.542782 0.839671
0.542400 0.838642
0.541254 0.837271
0.540107 0.835556
0.539343 0.833841
0.538579 0.832127
0.537432 0.830755
0.537050 0.829383
0.536286 0.828011
0.535521 0.826640
0.535139 0.825611
0.534375 0.823896
0.533611 0.822867
0.533229 0.821496
0.532464 0.819781
0.531700 0.818752
0.531318 0.817380
0.530554 0.815666
0.529789 0.814637
0.529025 0.812922
0.528643 0.811893
0.527879 0.810522
0.527114 0.808807
0.526732 0.807435
0.525968 0.806406
0.525204 0.804692
0.524821 0.802977
0.524057 0.801948
0.523293 0.800576
0.522911 0.798862
0.522146 0.797833
0.521382 0.796118
0.521000 0.794746
0.520236 0.793032
0.519471 0.791660
0.519089 0.790631
0.518325 0.788916
0.517561 0.787545
0.517178 0.785830
0.516414 0.784115
0.515650 0.782744
0.515268 0.781029
0.514503 0.778971
0.513739 0.777256
0.513357 0.775885
0.512593 0.773484
0.511828 0.772112
0.511064 0.770055
0.510682 0.767997
0.509918 0.766968
0.509153 0.764911
0.508771 0.763539
0.508007 0.762167
0.507243 0.760110
0.506861 0.758052
0.506096 0.756680
0.505332 0.755308
0.504950 0.753937
0.503803 0.752565
0.503039 0.751193
0.502657 0.750164
0.501893 0.748450
0.501128 0.747421
0.500746 0.746049
0.499982 0.744677
0.499218 0.743649
0.498835 0.742277
0.498071 0.740905
0.497307 0.739876
0.496925 0.738847
0.495778 0.736790
0.495014 0.735761
0.494632 0.734732
0.493103 0.732675
0.492339 0.731646
0.490428 0.729245
0.489664 0.727873
0.488135 0.726159
0.486225 0.723758
0.485460 0.722386
0.483550 0.720329
0.481639 0.717928
0.480875 0.716556
[SKELETON]
0.483041 0.720777
0.483821 0.722217
0.483821 0.722217
0.484589 0.723660
0.484589 0.723660
0.485346 0.725108
0.485346 0.725108
0.486092 0.726560
0.486092 0.726560
0.486828 0.728015
0.487553 0.729475
0.487553 0.729475
0.488269 0.730938
0.488269 0.730938
0.488975 0.732404
0.488975 0.732404
0.489672 0.733874
0.489672 0.733874
0.490360 0.735348
0.491040 0.736824
0.491040 0.736824
0.491712 0.738303
0.491712 0.738303
0.492375 0.739786
0.492375 0.739786
0.493031 0.741271
0.493031 0.741271
0.493680 0.742759
0.493680 0.742759
0.494322 0.744249
0.494958 0.745742
0.494958 0.745742
0.495587 0.747237
0.495587 0.747237
0.496211 0.748735
0.496211 0.748735
0.496828 0.750234
0.496828 0.750234
0.497441 0.751735
0.498049 0.753238
0.498049 0.753238
0.498652 0.754743
0.498652 0.754743
0.499251 0.756250
0.499251 0.756250
0.499845 0.757758
0.499845 0.757758
0.500437 0.759267
0.501025 0.760778
0.501025 0.760778
0.501610 0.762289
0.501610 0.762289
0.502192 0.763802
0.502192 0.763802
0.502772 0.765315
0.502772 0.765315
0.503350 0.766830
0.503926 0.768344
0.503926 0.768344
0.504501 0.769860
0.504501 0.769860
0.505075 0.771375
0.505075 0.771375
0.505649 0.772891
0.505649 0.772891
0.506222 0.774407
0.506222 0.774407
0.506795 0.775923
0.507368 0.777439
0.507368 0.777439
0.507942 0.778955
0.507942 0.778955
0.508517 0.780471
0.508517 0.780471
0.509093 0.781985
0.509093 0.781985
0.509671 0.783500
0.510251 0.785013
0.510251 0.785013
0.510833 0.786526
0.510833 0.786526
0.511417 0.788038
0.511417 0.788038
0.512005 0.789549
0.512005 0.789549
0.512595 0.791058
0.513190 0.792566
0.513190 0.792566
0.513788 0.794073
0.513788 0.794073
0.514390 0.795578
0.514390 0.795578
0.514997 0.797082
0.514997 0.797082
0.515609 0.798583
0.516226 0.800083
0.516226 0.800083
0.516849 0.801581
0.516849 0.801581
0.517477 0.803076
0.517477 0.803076
0.518111 0.804569
0.518111 0.804569
0.518752 0.806060
0.518752 0.806060
0.519400 0.807548
0.520055 0.809034
0.520055 0.809034
0.520717 0.810517
0.520717 0.810517
0.521386 0.811997
0.521386 0.811997
0.522064 0.813474
0.522064 0.813474
0.522750 0.814949
0.523444 0.816420
0.523444 0.816420
0.524147 0.817887
0.524147 0.817887
0.524860 0.819351
0.524860 0.819351
0.525582 0.820812
0.525582 0.820812
0.526313 0.822269
0.527055 0.823723
0.527055 0.823723
0.527807 0.825172
0.527807 0.825172
0.528570 0.826618
0.528570 0.826618
0.529343 0.828059
0.529343 0.828059
0.530128 0.829497
0.530924 0.830930
0.530924 0.830930
0.531733 0.832358
0.531733 0.832358
0.532553 0.833782
0.532553 0.833782
0.533386 0.835202
0.533386 0.835202
0.534232 0.836617
0.534232 0.836617
0.535091 0.838026
0.535963 0.839431
0.535963 0.839431
0.536849 0.840831
0.536849 0.840831
0.537748 0.842226
0.537748 0.842226
0.538663 0.843615
0.538663 0.843615
0.539591 0.844999
0.540535 0.846377
0.540535 0.846377
0.541493 0.847750
0.541493 0.847750
0.542468 0.849117
0.542468 0.849117
0.543458 0.850478
0.543458 0.850478
0.544464 0.851833
0.545486 0.853182
0.545486 0.853182
0.546525 0.854525
0.546525 0.854525
0.547582 0.855861
0.547582 0.855861
0.548655 0.857191
0.548655 0.857191
0.549746 0.858515
0.550855 0.859832
0.550855 0.859832
0.551982 0.861142
0.551982 0.861142
0.553128 0.862445
0.553128 0.862445
0.554293 0.863741
0.554293 0.863741
0.555476 0.865030
0.555476 0.865030
0.556679 0.866312
0.557902 0.867587
0.557902 0.867587
0.559145 0.868854
0.559145 0.868854
0.560408 0.870113
0.560408 0.870113
0.561691 0.871365
0.561691 0.871365
0.562996 0.872609
0.564322 0.873846
0.564322 0.873846
0.565669 0.875074
0.565669 0.875074
0.567038 0.876294
0.567038 0.876294
0.568430 0.877506
0.568430 0.877506
0.569843 0.878709
