[CONTOUR]
0.567075 0.165667
0.566687 0.167746
0.565522 0.167746
0.563191 0.168266
0.562803 0.168786
0.560084 0.169306
0.557366 0.169826
0.555424 0.169826
0.553482 0.170346
0.551152 0.170865
0.550763 0.171385
0.548433 0.171905
0.546879 0.171905
0.544938 0.172425
0.543384 0.172945
0.542996 0.173465
0.541442 0.173984
0.539889 0.174504
0.538724 0.174504
0.537558 0.175024
0.537170 0.175544
0.535616 0.176064
0.534063 0.176584
0.533286 0.176584
0.532121 0.177103
0.531733 0.177623
0.530568 0.178143
0.529014 0.178663
0.528237 0.178663
0.527460 0.179183
0.525907 0.179703
0.525519 0.180222
0.524353 0.180742
0.523577 0.180742
0.522412 0.181262
0.520858 0.181782
0.520470 0.182302
0.519305 0.182822
0.518139 0.182822
0.516974 0.183341
0.515809 0.183861
0.515421 0.184381
0.514256 0.184901
0.513090 0.185421
0.512314 0.185421
0.509595 0.185941
0.509595 0.188020
0.512314 0.187500
0.516197 0.186980
0.523577 0.186980
0.552317 0.186460
0.564357 0.185941
0.564745 0.185421
0.580669 0.184901
0.593873 0.184901
0.603583 0.184381
0.604360 0.184381
0.610185 0.184381
0.613292 0.184901
0.613681 0.185421
0.617565 0.185941
0.620283 0.186460
0.622225 0.186460
0.624944 0.186980
0.628051 0.187500
0.628439 0.188020
0.631935 0.188540
0.633877 0.188540
0.636595 0.189059
0.638926 0.189579
0.639314 0.190099
0.642421 0.190619
0.644751 0.191139
0.646305 0.191139
0.648635 0.191659
0.649023 0.192178
0.651354 0.192698
0.653684 0.193218
0.654849 0.193218
0.656791 0.193738
0.657179 0.194258
0.659121 0.194778
0.660675 0.195297
0.661840 0.195297
0.663782 0.195817
0.665724 0.196337
0.666112 0.196857
0.667277 0.197377
0.668054 0.197377
0.669608 0.197897
0.671161 0.198416
0.671549 0.198936
0.672715 0.199456
0.673880 0.199456
0.675045 0.199976
0.676210 0.200496
0.676598 0.201016
0.678152 0.201535
0.678929 0.202055
0.680094 0.202055
0.681259 0.202575
0.681647 0.203095
0.683201 0.203615
0.684366 0.204135
0.685531 0.204135
0.687085 0.204654
0.688250 0.205174
0.688638 0.205694
0.690192 0.206214
0.690968 0.206214
0.692910 0.206734
0.694076 0.207254
0.694464 0.207773
0.696017 0.208293
0.697571 0.208293
0.698736 0.208813
0.699124 0.210892
0.701843 0.210892
0.702232 0.208813
0.703008 0.208293
0.703785 0.208293
0.705339 0.206734
0.705727 0.206214
0.706504 0.204654
0.706892 0.203615
0.708057 0.203615
0.706892 0.202575
0.706115 0.201535
0.704562 0.198936
0.703008 0.197377
0.702620 0.197377
0.701843 0.196857
0.701066 0.196337
0.700290 0.195297
0.699124 0.194778
0.698736 0.194778
0.697959 0.194258
0.697183 0.193738
0.696794 0.193218
0.696017 0.192698
0.695241 0.192178
0.694852 0.192178
0.694076 0.191659
0.693687 0.191139
0.692910 0.190619
0.692134 0.190099
0.691357 0.190099
0.689803 0.189059
0.689415 0.188540
0.688638 0.188020
0.687473 0.187500
0.687085 0.187500
0.685920 0.186980
0.684754 0.186460
0.684366 0.185941
0.683589 0.185421
0.683201 0.185421
0.682036 0.184901
0.681259 0.184381
0.680871 0.183861
0.679705 0.183341
0.678929 0.182822
0.678152 0.182822
0.676987 0.182302
0.676598 0.181782
0.675433 0.181262
0.674657 0.180742
0.673880 0.180742
0.672715 0.180222
0.672326 0.179703
0.671161 0.179183
0.669996 0.178663
0.669219 0.178663
0.667666 0.178143
0.666501 0.177623
0.666112 0.177103
0.664947 0.176584
0.663782 0.176584
0.662228 0.176064
0.660675 0.175544
0.660286 0.175024
0.659121 0.174504
0.657568 0.174504
0.655238 0.173984
0.653684 0.173465
0.653296 0.172945
0.651742 0.172425
0.649800 0.171905
0.647470 0.171905
0.645528 0.171385
0.645140 0.170865
0.643198 0.170346
0.640867 0.169826
0.638149 0.169826
0.635819 0.169306
0.633488 0.168786
0.633100 0.168266
0.631158 0.167746
0.629993 0.167746
0.629604 0.165667
[SKELETON]
0.518665 0.185453
0.520493 0.184968
0.520493 0.184968
0.522324 0.184492
0.522324 0.184492
0.524157 0.184027
0.524157 0.184027
0.525992 0.183572
0.525992 0.183572
0.527830 0.183127
0.527830 0.183127
0.529670 0.182694
0.529670 0.182694
0.531512 0.182270
0.531512 0.182270
0.533356 0.181858
0.533356 0.181858
0.535202 0.181456
0.535202 0.181456
0.537050 0.181065
0.537050 0.181065
0.538899 0.180685
0.538899 0.180685
0.540751 0.180316
0.540751 0.180316
0.542603 0.179959
0.542603 0.179959
0.544458 0.179613
0.544458 0.179613
0.546314 0.179278
0.546314 0.179278
0.548171 0.178955
0.548171 0.178955
0.550030 0.178644
0.550030 0.178644
0.551889 0.178345
0.551889 0.178345
0.553750 0.178057
0.553750 0.178057
0.555612 0.177781
0.555612 0.177781
0.557475 0.177518
0.557475 0.177518
0.559339 0.177266
0.559339 0.177266
0.561203 0.177027
0.561203 0.177027
0.563069 0.176800
0.563069 0.176800
0.564935 0.176586
0.564935 0.176586
0.566801 0.176385
0.566801 0.176385
0.568668 0.176196
0.568668 0.176196
0.570535 0.176020
0.570535 0.176020
0.572403 0.175857
0.572403 0.175857
0.574271 0.175706
0.574271 0.175706
0.576139 0.175570
0.576139 0.175570
0.578007 0.175446
0.578007 0.175446
0.579875 0.175335
0.579875 0.175335
0.581743 0.175239
0.581743 0.175239
0.583611 0.175155
0.583611 0.175155
0.585478 0.175086
0.585478 0.175086
0.587346 0.175030
0.587346 0.175030
0.589212 0.174988
0.589212 0.174988
0.591079 0.174959
0.591079 0.174959
0.592944 0.174945
0.592944 0.174945
0.594809 0.174946
0.594809 0.174946
0.596673 0.174960
0.596673 0.174960
0.598537 0.174989
0.598537 0.174989
0.600399 0.175032
0.600399 0.175032
0.602261 0.175090
0.602261 0.175090
0.604121 0.175163
0.604121 0.175163
0.605981 0.175250
0.605981 0.175250
0.607839 0.175353
0.607839 0.175353
0.609695 0.175470
0.609695 0.175470
0.611551 0.175602
0.611551 0.175602
0.613404 0.175750
0.613404 0.175750
0.615257 0.175913
0.615257 0.175913
0.617107 0.176092
0.617107 0.176092
0.618956 0.176286
0.618956 0.176286
0.620803 0.176495
0.620803 0.176495
0.622648 0.176721
0.622648 0.176721
0.624492 0.176962
0.624492 0.176962
0.626333 0.177219
0.626333 0.177219
0.628172 0.177493
0.628172 0.177493
0.630009 0.177782
0.630009 0.177782
0.631843 0.178088
0.631843 0.178088
0.633675 0.178410
0.633675 0.178410
0.635505 0.178749
0.635505 0.178749
0.637332 0.179104
0.637332 0.179104
0.639156 0.179476
0.639156 0.179476
0.640978 0.179864
0.640978 0.179864
0.642797 0.180270
0.642797 0.180270
0.644613 0.180693
0.644613 0.180693
0.646426 0.181132
0.646426 0.181132
0.648236 0.181589
0.648236 0.181589
0.650043 0.182063
0.650043 0.182063
0.651847 0.182555
0.651847 0.182555
0.653647 0.183064
0.653647 0.183064
0.655445 0.183591
0.655445 0.183591
0.657238 0.184136
0.657238 0.184136
0.659028 0.184698
0.659028 0.184698
0.660815 0.185278
0.660815 0.185278
0.662598 0.185877
0.662598 0.185877
0.664377 0.186493
0.664377 0.186493
0.666152 0.187128
0.666152 0.187128
0.667923 0.187781
0.667923 0.187781
0.669691 0.188453
0.669691 0.188453
0.671454 0.189143
0.671454 0.189143
0.673213 0.189852
0.673213 0.189852
0.674968 0.190580
0.674968 0.190580
0.676718 0.191326
0.676718 0.191326
0.678464 0.192092
0.678464 0.192092
0.680205 0.192876
0.680205 0.192876
0.681942 0.193680
0.681942 0.193680
0.683675 0.194503
0.683675 0.194503
0.685402 0.195346
0.685402 0.195346
0.687125 0.196208
0.687125 0.196208
0.688842 0.197090
0.688842 0.197090
0.690555 0.197991
0.690555 0.197991
0.692263 0.198912
0.692263 0.198912
0.693965 0.199853
0.693965 0.199853
0.695663 0.200815
0.695663 0.200815
0.697354 0.201796
0.697354 0.201796
0.699041 0.202798
0.699041 0.202798
0.700722 0.203820
