[CONTOUR]
0.374729 0.223068
0.374349 0.223409
0.373589 0.223409
0.372069 0.224773
0.370930 0.224773
0.370550 0.225114
0.370170 0.225114
0.369410 0.225795
0.369030 0.225795
0.369030 0.226136
0.369790 0.226818
0.369790 0.227500
0.368651 0.228523
0.368651 0.229545
0.369030 0.229886
0.369030 0.232955
0.369410 0.233295
0.369410 0.233977
0.371690 0.236023
0.372069 0.236023
0.373209 0.237045
0.373589 0.237045
0.374729 0.238068
0.375109 0.238068
0.376248 0.239091
0.376628 0.239091
0.377388 0.239773
0.377768 0.239773
0.378527 0.240455
0.378907 0.240455
0.379667 0.241136
0.380047 0.241136
0.381187 0.242159
0.381567 0.242159
0.382326 0.242841
0.382706 0.242841
0.383466 0.243523
0.383846 0.243523
0.384606 0.244205
0.384986 0.244205
0.385745 0.244886
0.386125 0.244886
0.387265 0.245909
0.387645 0.245909
0.388404 0.246591
0.388784 0.246591
0.390684 0.248295
0.391064 0.248295
0.392203 0.249318
0.392583 0.249318
0.394483 0.251023
0.394863 0.251023
0.396002 0.252045
0.396382 0.252045
0.397522 0.253068
0.397902 0.253068
0.399041 0.254091
0.399421 0.254091
0.400181 0.254773
0.400561 0.254773
0.401321 0.255455
0.401700 0.255455
0.402460 0.256136
0.402840 0.256136
0.403600 0.256818
0.403980 0.256818
0.404360 0.257159
0.404740 0.257159
0.405119 0.257500
0.405499 0.257500
0.405879 0.257841
0.406259 0.257841
0.406639 0.258182
0.407019 0.258182
0.407779 0.258864
0.408538 0.258864
0.408918 0.259205
0.409678 0.259205
0.410058 0.259545
0.412717 0.259545
0.413097 0.259205
0.414237 0.259205
0.414616 0.258864
0.414996 0.258864
0.415376 0.258523
0.415756 0.258523
0.417276 0.257159
0.416896 0.256818
0.416896 0.256136
0.413857 0.253409
0.413477 0.253409
0.412337 0.252386
0.411957 0.252386
0.410058 0.250682
0.409678 0.250682
0.407019 0.248295
0.406639 0.248295
0.401321 0.243523
0.401321 0.243182
0.395242 0.237727
0.395242 0.237386
0.394863 0.237045
0.394483 0.237045
0.389924 0.232955
0.389544 0.232955
0.386885 0.230568
0.386505 0.230568
0.383846 0.228182
0.383466 0.228182
0.381187 0.226136
0.380807 0.226136
0.379667 0.225114
0.379287 0.225114
0.378148 0.224091
0.377768 0.224091
0.377388 0.223750
0.377008 0.223750
0.376628 0.223409
0.376248 0.223409
0.375868 0.223068
[CONTOUR]
0.369410 0.223068
0.369410 0.223409
0.370930 0.223409
0.370550 0.223409
0.370170 0.223068
[CONTOUR]
0.241009 0.153864
0.241389 0.155227
0.243669 0.156932
0.244428 0.157273
0.245188 0.157273
0.245948 0.157614
0.247467 0.157955
0.248607 0.158295
0.249747 0.158636
0.250507 0.158977
0.251266 0.159318
0.252026 0.159659
0.252406 0.160000
0.253166 0.160341
0.253925 0.160682
0.254685 0.161023
0.255445 0.161364
0.256205 0.161705
0.257344 0.162386
0.258104 0.162727
0.258484 0.162727
0.259244 0.163068
0.260004 0.163409
0.261143 0.164091
0.261903 0.164432
0.262663 0.164773
0.263423 0.165114
0.264182 0.165795
0.265322 0.166136
0.266462 0.166818
0.267221 0.167159
0.267981 0.167500
0.268741 0.167841
0.269501 0.168182
0.270260 0.168523
0.270640 0.168523
0.271400 0.168864
0.272160 0.169205
0.272920 0.169545
0.273679 0.169886
0.274439 0.170227
0.275199 0.170568
0.275959 0.170909
0.276339 0.171250
0.277098 0.171591
0.277858 0.171932
0.278618 0.172273
0.279378 0.172614
0.280137 0.172955
0.280897 0.173295
0.281277 0.173295
0.282797 0.173977
0.283556 0.174318
0.284696 0.175000
0.285456 0.175341
0.286216 0.175682
0.286975 0.176023
0.288495 0.176705
0.288875 0.177045
0.290014 0.177727
0.290774 0.178068
0.291534 0.178409
0.292674 0.179091
0.293433 0.179432
0.294573 0.180114
0.295713 0.180795
0.296093 0.180795
0.296852 0.181136
0.298372 0.182159
0.299132 0.182500
0.299891 0.182841
0.301031 0.183523
0.302171 0.184205
0.302931 0.184886
0.304070 0.185568
0.305210 0.186250
0.306729 0.187273
0.307869 0.187955
0.309389 0.188977
0.311288 0.190341
0.312428 0.191023
0.312808 0.191023
0.314707 0.192386
0.316986 0.194091
0.320405 0.196818
0.323444 0.199205
0.326483 0.201591
0.329902 0.204318
0.337500 0.210795
0.340159 0.213182
0.342438 0.214886
0.345857 0.217614
0.352695 0.223409
0.354595 0.224773
0.356114 0.225795
0.357254 0.226477
0.358014 0.226477
0.360293 0.226818
0.361433 0.226477
0.362192 0.226136
0.362572 0.225455
0.362952 0.224773
0.364092 0.224091
0.365611 0.223068
0.365991 0.222727
0.366371 0.222045
0.366751 0.221364
0.367131 0.218977
0.366751 0.217955
0.366371 0.217273
0.365991 0.216591
0.364852 0.215568
0.361433 0.212841
0.356494 0.208750
0.352315 0.205341
0.350036 0.203636
0.347757 0.201932
0.345098 0.199886
0.343198 0.198523
0.342818 0.198523
0.340919 0.197159
0.338640 0.195455
0.335980 0.193409
0.333701 0.191705
0.331422 0.190000
0.329143 0.188295
0.327243 0.186932
0.326103 0.185909
0.324584 0.184886
0.323064 0.183864
0.321165 0.182500
0.320025 0.181818
0.318886 0.181136
0.317366 0.180114
0.316986 0.180114
0.316226 0.179773
0.314707 0.178750
0.313567 0.178068
0.312428 0.177386
0.311288 0.176705
0.310148 0.176023
0.309389 0.175682
0.308629 0.175000
0.307869 0.174659
0.307109 0.174318
0.305970 0.173636
0.305210 0.173295
0.304450 0.172955
0.303310 0.172273
0.302551 0.171932
0.302171 0.171932
0.301411 0.171591
0.300651 0.171250
0.299512 0.170568
0.298372 0.170227
0.297612 0.169886
0.296473 0.169205
0.296093 0.168864
0.294953 0.168523
0.294193 0.168182
0.293433 0.167841
0.292674 0.167500
0.291534 0.167159
0.290394 0.166818
0.289635 0.166477
0.289255 0.166477
0.288115 0.166136
0.286975 0.165795
0.286216 0.165455
0.285076 0.165114
0.283936 0.164773
0.282797 0.164432
0.282037 0.164091
0.281657 0.163750
0.280897 0.163409
0.279378 0.163068
0.278238 0.162727
0.277098 0.162386
0.275959 0.162045
0.274819 0.161705
0.274059 0.161705
0.272920 0.161364
0.271780 0.161023
0.270260 0.160682
0.268741 0.160341
0.267601 0.160000
0.265702 0.159659
0.264182 0.159318
0.263802 0.158977
0.262283 0.158636
0.260763 0.158295
0.259244 0.157955
0.257724 0.157614
0.256205 0.157273
0.255065 0.156932
0.253546 0.156591
0.253166 0.156591
0.252406 0.156250
0.251646 0.155909
0.250507 0.153864
[SKELETON]
0.245335 0.156119
0.247055 0.156582
0.247055 0.156582
0.248771 0.157054
0.248771 0.157054
0.250483 0.157536
0.250483 0.157536
0.252190 0.158028
0.252190 0.158028
0.253893 0.158530
0.255592 0.159042
0.255592 0.159042
0.257286 0.159564
0.257286 0.159564
0.258976 0.160096
0.258976 0.160096
0.260662 0.160639
0.260662 0.160639
0.262343 0.161192
0.264019 0.161756
0.264019 0.161756
0.265690 0.162330
0.265690 0.162330
0.267357 0.162915
0.267357 0.162915
0.269019 0.163511
0.270676 0.164118
0.270676 0.164118
0.272329 0.164736
0.272329 0.164736
0.273976 0.165365
0.273976 0.165365
0.275618 0.166005
0.275618 0.166005
0.277256 0.166656
0.278888 0.167319
0.278888 0.167319
0.280515 0.167993
0.280515 0.167993
0.282137 0.168679
0.282137 0.168679
0.283754 0.169376
0.283754 0.169376
0.285365 0.170086
0.286971 0.170807
0.286971 0.170807
0.288571 0.171539
0.288571 0.171539
0.290166 0.172284
0.290166 0.172284
0.291756 0.173041
0.291756 0.173041
0.293340 0.173811
0.294918 0.174592
0.294918 0.174592
0.296491 0.175386
0.296491 0.175386
0.298058 0.176192
0.298058 0.176192
0.299619 0.177011
0.299619 0.177011
0.301175 0.177843
0.302724 0.178687
0.302724 0.178687
0.304268 0.179544
0.304268 0.179544
0.305805 0.180414
0.305805 0.180414
0.307337 0.181296
0.307337 0.181296
0.308863 0.182191
0.310383 0.183098
0.310383 0.183098
0.311898 0.184017
0.311898 0.184017
0.313407 0.184948
0.313407 0.184948
0.314910 0.185892
0.316408 0.186846
0.316408 0.186846
0.317900 0.187813
0.317900 0.187813
0.319386 0.188791
0.319386 0.188791
0.320867 0.189780
0.320867 0.189780
0.322343 0.190781
0.323813 0.191793
0.323813 0.191793
0.325278 0.192815
0.325278 0.192815
0.326737 0.193849
0.326737 0.193849
0.328191 0.194893
0.328191 0.194893
0.329640 0.195948
0.331084 0.197014
0.331084 0.197014
0.332522 0.198089
0.332522 0.198089
0.333955 0.199175
0.333955 0.199175
0.335384 0.200272
0.335384 0.200272
0.336807 0.201378
0.338225 0.202494
0.338225 0.202494
0.339638 0.203619
0.339638 0.203619
0.341046 0.204754
0.341046 0.204754
0.342450 0.205899
0.342450 0.205899
0.343848 0.207053
0.345242 0.208216
0.345242 0.208216
0.346630 0.209388
0.346630 0.209388
0.348014 0.210570
0.348014 0.210570
0.349394 0.211760
0.349394 0.211760
0.350768 0.212958
0.352138 0.214165
0.352138 0.214165
0.353504 0.215381
0.353504 0.215381
0.354865 0.216605
0.354865 0.216605
0.356221 0.217837
0.357573 0.219077
0.357573 0.219077
0.358920 0.220325
0.358920 0.220325
0.360212 0.221139
0.360212 0.221139
0.361504 0.221952
0.361504 0.221952
0.362796 0.222765
0.364088 0.223579
0.364088 0.223579
0.365380 0.224392
0.365380 0.224392
0.366672 0.225205
0.366672 0.225205
0.367964 0.226019
0.367964 0.226019
0.369256 0.226832
0.370548 0.227645
0.370548 0.227645
0.371840 0.228459
0.371840 0.228459
0.373132 0.229272
0.373132 0.229272
0.374424 0.230085
0.374424 0.230085
0.375716 0.230899
0.377292 0.231806
0.377292 0.231806
0.378848 0.232759
0.378848 0.232759
0.380385 0.233753
0.380385 0.233753
0.381905 0.234783
0.381905 0.234783
0.383410 0.235846
0.384902 0.236936
0.384902 0.236936
0.386383 0.238050
0.386383 0.238050
0.387855 0.239184
0.387855 0.239184
0.389320 0.240332
0.389320 0.240332
0.390781 0.241492
0.392238 0.242657
0.392238 0.242657
0.393695 0.243825
0.393695 0.243825
0.395152 0.244990
0.395152 0.244990
0.396613 0.246149
0.398078 0.247297
0.398078 0.247297
0.399551 0.248430
0.399551 0.248430
0.401032 0.249544
0.401032 0.249544
0.402525 0.250633
0.402525 0.250633
0.404030 0.251695
0.405551 0.252724
0.405551 0.252724
0.407088 0.253716
0.407088 0.253716
0.408645 0.254667
0.408645 0.254667
0.410222 0.255573
0.410222 0.255573
0.411822 0.256429
