[CONTOUR]
0.421514 0.365998
0.419769 0.368666
0.418772 0.369333
0.415284 0.373669
0.414536 0.374669
0.413539 0.375670
0.412792 0.376004
0.411297 0.377671
0.411048 0.379339
0.411546 0.381007
0.411795 0.382341
0.412293 0.383675
0.412543 0.384675
0.413041 0.385676
0.413290 0.386677
0.414038 0.388011
0.414536 0.389678
0.415284 0.391013
0.415533 0.392013
0.416530 0.393681
0.417526 0.395682
0.422510 0.402686
0.424005 0.404020
0.425750 0.406022
0.426747 0.406689
0.427743 0.407689
0.428491 0.408023
0.429488 0.409023
0.430484 0.409357
0.431481 0.410358
0.432478 0.410691
0.433226 0.411358
0.434472 0.411692
0.435468 0.412359
0.436216 0.412692
0.437462 0.413026
0.438459 0.413693
0.439705 0.414026
0.441200 0.414694
0.443193 0.415027
0.444439 0.415694
0.446433 0.416028
0.447679 0.416695
0.450171 0.417028
0.451915 0.417695
0.454407 0.418029
0.455902 0.418696
0.458643 0.419029
0.460138 0.419697
0.462132 0.420030
0.463378 0.420697
0.464624 0.421031
0.465621 0.421698
0.466617 0.422031
0.467614 0.422698
0.468611 0.423032
0.469358 0.423699
0.470355 0.424032
0.471103 0.424700
0.471850 0.425033
0.472598 0.425700
0.473595 0.426367
0.474342 0.427034
0.475090 0.427368
0.475837 0.428035
0.476834 0.428702
0.477831 0.429703
0.478828 0.430370
0.479824 0.431370
0.480572 0.431704
0.481818 0.433038
0.482815 0.433705
0.483812 0.434706
0.484808 0.435373
0.485805 0.436373
0.486802 0.437040
0.487799 0.438041
0.488546 0.438374
0.489792 0.439709
0.490540 0.440042
0.491287 0.440709
0.492035 0.441043
0.493032 0.442043
0.493779 0.442377
0.494527 0.443044
0.495524 0.443711
0.496271 0.444378
0.497019 0.444712
0.497766 0.445379
0.498514 0.445712
0.499261 0.446379
0.500009 0.446713
0.501006 0.447713
0.501753 0.448047
0.502750 0.449047
0.503498 0.449381
0.504744 0.450715
0.505491 0.451049
0.506737 0.452383
0.507983 0.453383
0.508731 0.454050
0.510226 0.455718
0.511223 0.456385
0.512718 0.458053
0.513715 0.458720
0.515210 0.460388
0.516206 0.461055
0.517452 0.462389
0.518449 0.463056
0.519944 0.464724
0.521190 0.465724
0.523433 0.468392
0.524928 0.469727
0.525925 0.470727
0.526673 0.471061
0.527918 0.471394
0.527669 0.469393
0.526922 0.468059
0.526423 0.466725
0.525676 0.465391
0.525427 0.464390
0.524928 0.463389
0.524430 0.462055
0.523682 0.460721
0.523433 0.459721
0.521938 0.457386
0.521439 0.456052
0.519446 0.453050
0.517951 0.450382
0.515459 0.446713
0.509229 0.438374
0.506488 0.435039
0.504744 0.433371
0.502750 0.431037
0.501753 0.430370
0.500009 0.428368
0.498763 0.427368
0.497019 0.425367
0.495773 0.424366
0.494278 0.422698
0.493032 0.421698
0.491038 0.419363
0.489792 0.418362
0.487799 0.416028
0.486303 0.414694
0.484310 0.412359
0.483064 0.411358
0.481569 0.409691
0.480821 0.409357
0.479575 0.408023
0.478828 0.407689
0.478080 0.407022
0.477333 0.406689
0.476336 0.405688
0.475588 0.405355
0.474591 0.404687
0.473844 0.404354
0.472847 0.403687
0.471850 0.403353
0.471103 0.402686
0.469857 0.402353
0.468860 0.401686
0.467365 0.401352
0.466119 0.400685
0.464624 0.400352
0.463378 0.399684
0.462132 0.399351
0.459889 0.399017
0.458145 0.398350
0.455404 0.398017
0.453659 0.397350
0.450669 0.397016
0.448925 0.396349
0.446184 0.396016
0.444938 0.395349
0.443442 0.395015
0.442196 0.394348
0.440452 0.394014
0.439455 0.393347
0.438209 0.393014
0.437213 0.392347
0.436216 0.392013
0.435468 0.391346
0.434721 0.391013
0.433475 0.390012
0.432727 0.389678
0.431481 0.388344
0.429986 0.387010
0.426497 0.382007
0.425750 0.380340
0.425251 0.379339
0.425002 0.378338
0.424504 0.377338
0.424255 0.375670
0.423756 0.374336
0.423507 0.372001
0.423009 0.370334
0.422760 0.368999
0.422012 0.367665
0.421763 0.366331
[CONTOUR]
0.390614 0.328642
0.390365 0.328975
0.389368 0.328975
0.389368 0.347653
0.389866 0.347653
0.390863 0.348987
0.391611 0.348987
0.391860 0.349321
0.392109 0.349321
0.392358 0.349654
0.392607 0.349654
0.392857 0.349988
0.393106 0.349988
0.393604 0.350655
0.393853 0.350655
0.394601 0.351656
0.394850 0.351656
0.395099 0.351989
0.395598 0.351989
0.396096 0.352656
0.396345 0.352656
0.397342 0.353990
0.397591 0.353990
0.398090 0.354657
0.398339 0.354657
0.398837 0.355325
0.399086 0.355325
0.399834 0.356325
0.400083 0.356325
0.400332 0.356659
0.400581 0.356659
0.400831 0.356992
0.401080 0.356992
0.401329 0.357326
0.403323 0.357326
0.403572 0.356992
0.403821 0.356992
0.404070 0.356659
0.404070 0.356325
0.404569 0.355658
0.404569 0.355325
0.404818 0.354991
0.405316 0.354991
0.405814 0.354324
0.405814 0.352656
0.405565 0.352323
0.405316 0.352656
0.404818 0.352656
0.404070 0.351656
0.404070 0.351322
0.403821 0.350989
0.403821 0.350655
0.403572 0.350655
0.403323 0.350322
0.402575 0.350322
0.401827 0.349321
0.400581 0.349321
0.400332 0.348987
0.400332 0.348654
0.399585 0.347653
0.398588 0.347653
0.398339 0.347320
0.398090 0.347320
0.397840 0.346986
0.397342 0.346986
0.397093 0.346653
0.396594 0.346653
0.396345 0.346319
0.396345 0.344985
0.395847 0.344318
0.394850 0.344318
0.394352 0.343651
0.394352 0.342984
0.394601 0.342650
0.394352 0.342317
0.394352 0.341983
0.394102 0.341650
0.394102 0.340649
0.394352 0.340316
0.394352 0.338981
0.394102 0.338648
0.394102 0.338314
0.394352 0.337981
0.394352 0.337647
0.394850 0.336980
0.396345 0.336980
0.396594 0.336647
0.397093 0.336647
0.397591 0.337314
0.397840 0.337314
0.397840 0.336980
0.397591 0.336980
0.397342 0.336647
0.397342 0.336313
0.397093 0.335980
0.397093 0.335646
0.396594 0.334979
0.396594 0.334645
0.396345 0.334312
0.396096 0.334312
0.395847 0.333978
0.395598 0.333978
0.394850 0.332978
0.394601 0.332978
0.393853 0.331977
0.393604 0.331977
0.393106 0.331310
0.392857 0.331310
0.392358 0.330643
0.392109 0.330643
[CONTOUR]
0.414785 0.303960
0.414785 0.305294
0.414536 0.305628
0.414536 0.305962
0.414287 0.306295
0.414287 0.306962
0.414038 0.307296
0.414038 0.307963
0.413789 0.308296
0.413789 0.309297
0.413539 0.309630
0.413539 0.310631
0.413290 0.310965
0.413290 0.312299
0.413041 0.312632
0.413041 0.321304
0.413290 0.321638
0.413290 0.327975
0.413539 0.328308
0.413539 0.329976
0.413290 0.330309
0.413290 0.333311
0.413539 0.333645
0.413539 0.339648
0.413290 0.339982
0.413290 0.341983
0.413041 0.342317
0.413041 0.342984
0.412792 0.343317
0.412792 0.344651
0.412543 0.344985
0.412543 0.347320
0.412792 0.347653
0.412792 0.347987
0.413041 0.348320
0.413041 0.348987
0.413290 0.349321
0.413290 0.349654
0.413539 0.349988
0.413539 0.350322
0.413789 0.350655
0.413789 0.350989
0.414038 0.351322
0.414038 0.351656
0.414287 0.351989
0.414287 0.352323
0.414536 0.352656
0.414536 0.352990
0.414785 0.353323
0.414785 0.353657
0.415782 0.354991
0.416031 0.354991
0.418523 0.358326
0.418523 0.358660
0.418772 0.358993
0.418772 0.359327
0.419022 0.359660
0.419022 0.359994
0.420018 0.361328
0.420018 0.361662
0.420268 0.361995
0.420268 0.362329
0.420766 0.362996
0.421264 0.362996
0.421514 0.363329
0.421514 0.362996
0.421763 0.362662
0.421763 0.360661
0.422012 0.360328
0.422012 0.356659
0.422261 0.356325
0.422261 0.335313
0.422012 0.334979
0.422012 0.330977
0.421763 0.330643
0.421763 0.327641
0.421514 0.327308
0.421514 0.324306
0.421264 0.323972
0.421264 0.320637
0.421015 0.320303
0.421015 0.318969
0.420766 0.318636
0.420766 0.317635
0.420517 0.317302
0.420517 0.315968
0.420268 0.315634
0.420268 0.313966
0.420018 0.313633
0.420018 0.312632
0.419769 0.312299
0.419769 0.311632
0.419520 0.311298
0.419520 0.309964
0.419271 0.309630
0.419271 0.308963
0.419022 0.308630
0.419022 0.308296
0.418772 0.307963
0.418772 0.307296
0.418523 0.306962
0.418523 0.306629
0.418274 0.306295
0.418274 0.305962
0.418025 0.305628
0.418025 0.305294
0.417776 0.304961
0.417776 0.303960
[SKELETON]
0.526368 0.470445
0.525611 0.468939
0.524837 0.467478
0.524837 0.467478
0.524049 0.466061
0.523246 0.464686
0.522429 0.463351
0.521599 0.462054
0.521599 0.462054
0.520756 0.460793
0.519901 0.459567
0.519035 0.458374
0.519035 0.458374
0.518157 0.457212
0.517269 0.456080
0.516371 0.454975
0.515464 0.453896
0.515464 0.453896
0.514549 0.452842
0.513625 0.451809
0.512694 0.450798
0.511756 0.449805
0.511756 0.449805
0.510812 0.448829
0.509861 0.447868
0.508906 0.446921
0.507946 0.445986
0.507946 0.445986
0.506983 0.445060
0.506015 0.444143
0.505046 0.443233
0.505046 0.443233
0.504073 0.442327
0.503100 0.441424
0.502125 0.440522
0.501149 0.439619
0.501149 0.439619
0.500174 0.438714
0.499200 0.437805
0.498227 0.436890
0.497255 0.435968
0.497255 0.435968
0.496285 0.435040
0.495316 0.434107
0.494348 0.433171
0.493380 0.432232
0.493380 0.432232
0.492412 0.431294
0.491444 0.430356
0.490475 0.429421
0.490475 0.429421
0.489504 0.428490
0.488532 0.427564
0.487558 0.426645
0.486582 0.425734
0.486582 0.425734
0.485603 0.424832
0.484621 0.423942
0.483635 0.423065
0.482646 0.422201
0.482646 0.422201
0.481652 0.421353
0.480653 0.420521
0.479650 0.419708
0.479650 0.419708
0.478641 0.418915
0.477626 0.418143
0.476605 0.417394
0.475578 0.416668
0.475578 0.416668
0.474543 0.415968
0.473502 0.415295
0.472452 0.414651
0.471394 0.414036
0.471394 0.414036
0.470328 0.413453
0.469253 0.412902
0.468169 0.412385
0.467076 0.411901
0.467076 0.411901
0.465975 0.411447
0.464866 0.411020
0.463749 0.410618
0.463749 0.410618
0.462626 0.410239
0.461497 0.409880
0.460362 0.409539
0.459222 0.409213
0.459222 0.409213
0.458077 0.408900
0.456928 0.408597
0.455776 0.408302
0.454621 0.408012
0.454621 0.408012
0.453463 0.407725
0.452304 0.407439
0.451143 0.407151
0.449981 0.406858
0.449981 0.406858
0.448819 0.406559
0.447658 0.406250
0.446497 0.405929
0.446497 0.405929
0.445338 0.405594
0.444180 0.405242
0.443025 0.404871
0.441873 0.404478
0.441873 0.404478
0.440725 0.404061
0.439581 0.403618
0.438442 0.403146
0.437310 0.402643
0.437310 0.402643
0.436188 0.402107
0.435078 0.401536
0.433981 0.400930
0.432901 0.400284
0.432901 0.400284
0.431840 0.399599
0.430798 0.398871
0.429780 0.398099
0.429780 0.398099
0.428786 0.397281
0.427820 0.396415
0.426882 0.395500
0.425976 0.394532
0.425976 0.394532
0.425104 0.393511
0.424269 0.392435
0.423476 0.391305
0.422732 0.390123
0.422732 0.390123
0.422043 0.388889
0.421414 0.387605
0.420851 0.386272
0.420360 0.384890
0.420360 0.384890
0.419947 0.383461
0.419618 0.381986
0.419379 0.380465
0.419379 0.380465
0.419235 0.378901
0.419192 0.377293
0.419257 0.375644
0.419435 0.373954
0.419435 0.373954
0.419512 0.372775
0.419588 0.371595
0.419665 0.370416
0.419742 0.369236
0.419742 0.369236
0.419819 0.368057
0.419896 0.366877
0.419973 0.365698
0.419973 0.365698
0.420049 0.364518
0.420126 0.363339
0.420203 0.362159
0.420280 0.360980
0.420280 0.360980
0.420357 0.359800
0.420434 0.358621
0.419960 0.357085
0.419542 0.355547
0.419542 0.355547
0.419175 0.354007
0.418857 0.352464
0.418584 0.350919
0.418352 0.349371
0.418352 0.349371
0.418158 0.347820
0.417998 0.346266
0.417869 0.344708
0.417869 0.344708
0.417767 0.343146
0.417689 0.341580
0.417631 0.340009
0.417589 0.338434
0.417589 0.338434
0.417561 0.336853
0.417543 0.335268
0.417531 0.333676
0.417521 0.332079
0.417521 0.332079
0.417511 0.330476
0.417496 0.328866
0.417473 0.327250
0.417439 0.325627
0.417439 0.325627
0.417390 0.323997
0.417322 0.322359
0.417233 0.320713
0.417233 0.320713
0.417118 0.319060
0.416974 0.317398
0.416798 0.315728
0.416585 0.314048
0.416585 0.314048
0.416334 0.312360
0.416039 0.310663
