[CONTOUR]
0.724697 0.345674
0.726244 0.353655
0.726630 0.355390
0.727404 0.357819
0.727790 0.361289
0.728564 0.363718
0.728950 0.366841
0.729724 0.370310
0.730497 0.372392
0.730884 0.375168
0.731657 0.376903
0.732044 0.379332
0.732817 0.381067
0.733204 0.383149
0.733977 0.384537
0.734364 0.386619
0.735137 0.387660
0.735524 0.389395
0.736297 0.390783
0.737070 0.392518
0.737457 0.394253
0.738230 0.395294
0.738617 0.396682
0.739390 0.398070
0.739777 0.399111
0.740550 0.400499
0.740937 0.401540
0.741710 0.402581
0.742097 0.403969
0.742870 0.405010
0.743257 0.406398
0.744030 0.407439
0.745190 0.409521
0.745577 0.410562
0.746350 0.411603
0.746737 0.412644
0.747510 0.413685
0.747897 0.414726
0.748670 0.415767
0.749444 0.417155
0.750217 0.418196
0.750604 0.419237
0.751764 0.420625
0.752150 0.421666
0.753310 0.423401
0.754084 0.424442
0.754857 0.425830
0.756017 0.427218
0.756790 0.428606
0.757950 0.429994
0.758724 0.431382
0.759884 0.432770
0.760657 0.434158
0.762204 0.435893
0.763364 0.437628
0.764910 0.439363
0.767230 0.442139
0.768390 0.443874
0.772257 0.447691
0.774190 0.450120
0.788111 0.462959
0.791204 0.466429
0.795844 0.470940
0.798164 0.473716
0.800871 0.476491
0.802031 0.478226
0.804351 0.480655
0.805124 0.482043
0.807057 0.484125
0.808217 0.485860
0.808991 0.487248
0.809764 0.488289
0.810151 0.489330
0.810924 0.490371
0.811311 0.491412
0.812084 0.492453
0.812471 0.493841
0.813244 0.495229
0.813631 0.496617
0.814404 0.498005
0.814791 0.499740
0.815564 0.501475
0.816337 0.502863
0.816724 0.504251
0.817497 0.505292
0.817884 0.506680
0.818657 0.507721
0.819044 0.508762
0.819817 0.510150
0.820204 0.511191
0.820977 0.512232
0.821364 0.513620
0.822137 0.514661
0.822524 0.515702
0.823297 0.517090
0.824457 0.518478
0.824844 0.519519
0.826391 0.521254
0.826777 0.522295
0.826777 0.511885
0.826004 0.510497
0.825617 0.506680
0.824844 0.504251
0.824457 0.500087
0.823684 0.496964
0.823297 0.492800
0.822524 0.490024
0.821751 0.488289
0.821364 0.486554
0.820591 0.485166
0.820204 0.483778
0.819431 0.482390
0.819044 0.481349
0.818271 0.479961
0.817884 0.478920
0.817111 0.477532
0.816724 0.476491
0.815951 0.475450
0.815564 0.474409
0.814404 0.472675
0.813631 0.471634
0.812857 0.470246
0.812084 0.469205
0.811311 0.467817
0.809764 0.466082
0.808991 0.464694
0.806671 0.462265
0.805124 0.460183
0.796617 0.452202
0.795457 0.451161
0.787724 0.443527
0.783084 0.438669
0.780377 0.435893
0.779217 0.434158
0.777670 0.432423
0.776510 0.430688
0.774577 0.428606
0.773417 0.426871
0.771484 0.424789
0.770324 0.423054
0.768777 0.421319
0.767617 0.419584
0.766070 0.417849
0.765297 0.416461
0.763750 0.414379
0.762590 0.412991
0.761817 0.411603
0.760657 0.410215
0.759884 0.408827
0.758724 0.407439
0.758337 0.406398
0.757177 0.405010
0.756790 0.403969
0.756017 0.402928
0.755630 0.401887
0.754857 0.400846
0.754084 0.399458
0.753697 0.398070
0.752537 0.396682
0.752150 0.395294
0.751377 0.394253
0.750990 0.393212
0.750217 0.391824
0.749444 0.390436
0.748670 0.389048
0.748284 0.388007
0.747510 0.386966
0.747124 0.385578
0.746350 0.383843
0.745577 0.382455
0.745190 0.381414
0.744417 0.380026
0.744030 0.378638
0.743257 0.377597
0.742870 0.376209
0.742097 0.375168
0.741710 0.373780
0.740937 0.372739
0.740550 0.371351
0.739777 0.370310
0.739390 0.368922
0.738617 0.367188
0.737844 0.366147
0.737457 0.364759
0.736684 0.363718
0.736297 0.362330
0.735524 0.361289
0.735137 0.360248
0.734364 0.359207
0.733977 0.358166
0.733204 0.357125
0.732817 0.356084
0.732044 0.355043
0.730884 0.353308
0.730497 0.352267
0.729724 0.351226
0.729337 0.350185
0.728177 0.348797
0.727404 0.347409
0.725857 0.345674
[SKELETON]
0.727416 0.349893
0.727944 0.351452
0.727944 0.351452
0.728474 0.353011
0.728474 0.353011
0.729007 0.354569
0.729007 0.354569
0.729541 0.356127
0.730078 0.357683
0.730078 0.357683
0.730618 0.359238
0.730618 0.359238
0.731162 0.360792
0.731709 0.362345
0.731709 0.362345
0.732260 0.363896
0.732260 0.363896
0.732816 0.365446
0.732816 0.365446
0.733376 0.366994
0.733941 0.368540
0.733941 0.368540
0.734512 0.370083
0.734512 0.370083
0.735088 0.371625
0.735670 0.373165
0.735670 0.373165
0.736259 0.374702
0.736259 0.374702
0.736854 0.376237
0.736854 0.376237
0.737456 0.377769
0.738066 0.379299
0.738066 0.379299
0.738683 0.380825
0.738683 0.380825
0.739308 0.382349
0.739942 0.383870
0.739942 0.383870
0.740584 0.385387
0.740584 0.385387
0.741235 0.386901
0.741235 0.386901
0.741895 0.388411
0.742565 0.389918
0.742565 0.389918
0.743245 0.391422
0.743245 0.391422
0.743936 0.392921
0.744637 0.394416
0.744637 0.394416
0.745349 0.395908
0.745349 0.395908
0.746072 0.397395
0.746072 0.397395
0.746807 0.398878
0.747554 0.400356
0.747554 0.400356
0.748313 0.401830
0.748313 0.401830
0.749085 0.403299
0.749870 0.404763
0.749870 0.404763
0.750668 0.406223
0.750668 0.406223
0.751480 0.407677
0.751480 0.407677
0.752306 0.409126
0.753146 0.410570
0.753146 0.410570
0.754000 0.412008
0.754000 0.412008
0.754870 0.413441
0.755755 0.414868
0.755755 0.414868
0.756656 0.416289
0.756656 0.416289
0.757572 0.417705
0.757572 0.417705
0.758505 0.419114
0.759454 0.420517
0.759454 0.420517
0.760421 0.421914
0.760421 0.421914
0.761404 0.423304
0.762406 0.424688
0.762406 0.424688
0.763425 0.426066
0.763425 0.426066
0.764462 0.427436
0.764462 0.427436
0.765519 0.428799
0.766594 0.430156
0.766594 0.430156
0.767688 0.431505
0.767688 0.431505
0.768802 0.432847
0.769936 0.434182
0.769936 0.434182
0.771089 0.435509
0.771089 0.435509
0.772261 0.436829
0.772261 0.436829
0.773449 0.438144
0.774653 0.439452
0.774653 0.439452
0.775870 0.440756
0.775870 0.440756
0.777100 0.442055
0.778339 0.443350
0.778339 0.443350
0.779588 0.444642
0.779588 0.444642
0.780845 0.445931
0.780845 0.445931
0.782107 0.447218
0.783374 0.448503
0.783374 0.448503
0.784644 0.449787
0.784644 0.449787
0.785916 0.451070
0.787187 0.452354
0.787187 0.452354
0.788456 0.453638
0.788456 0.453638
0.789723 0.454923
0.789723 0.454923
0.790985 0.456210
0.792241 0.457499
0.792241 0.457499
0.793488 0.458791
0.793488 0.458791
0.794727 0.460087
0.795955 0.461387
0.795955 0.461387
0.797171 0.462691
0.797171 0.462691
0.798373 0.464000
0.798373 0.464000
0.799559 0.465315
0.800729 0.466636
0.800729 0.466636
0.801880 0.467964
0.801880 0.467964
0.803012 0.469300
0.804122 0.470643
0.804122 0.470643
0.805209 0.471995
0.805209 0.471995
0.806271 0.473356
0.806271 0.473356
0.807308 0.474727
0.808317 0.476108
0.808317 0.476108
0.809297 0.477500
0.809297 0.477500
0.810249 0.478902
0.811173 0.480315
0.811173 0.480315
0.812067 0.481738
0.812067 0.481738
0.812933 0.483172
0.812933 0.483172
0.813770 0.484617
0.814578 0.486073
0.814578 0.486073
0.815357 0.487539
0.815357 0.487539
0.816107 0.489016
0.816828 0.490505
0.816828 0.490505
0.817520 0.492004
0.817520 0.492004
0.818182 0.493513
0.818182 0.493513
0.818815 0.495034
0.819418 0.496566
0.819418 0.496566
0.819992 0.498109
0.819992 0.498109
0.820536 0.499663
0.821050 0.501227
0.821050 0.501227
0.821535 0.502803
0.821535 0.502803
0.821990 0.504390
0.821990 0.504390
0.822415 0.505988
0.822810 0.507598
0.822810 0.507598
0.823175 0.509218
0.823175 0.509218
0.823509 0.510850
0.823814 0.512492
0.823814 0.512492
0.824088 0.514147
0.824088 0.514147
0.824331 0.515812
0.824331 0.515812
0.824545 0.517489
