[CONTOUR]
0.237362 0.740704
0.237776 0.742190
0.238603 0.742932
0.240672 0.744418
0.242741 0.745903
0.246466 0.748874
0.250604 0.752216
0.251845 0.754073
0.258880 0.760014
0.260949 0.761500
0.264259 0.764099
0.265501 0.764842
0.267156 0.765956
0.268811 0.766698
0.269639 0.767070
0.271294 0.768184
0.272121 0.768555
0.272949 0.768927
0.274190 0.769298
0.275018 0.769669
0.276259 0.770041
0.277501 0.770783
0.278742 0.771155
0.280398 0.771526
0.282053 0.771897
0.283294 0.772269
0.284949 0.773011
0.286605 0.773383
0.289087 0.773754
0.292812 0.774125
0.296950 0.774497
0.310605 0.774497
0.318054 0.774125
0.323847 0.773754
0.327985 0.773383
0.329226 0.773011
0.336261 0.772640
0.341226 0.773383
0.344537 0.773754
0.350330 0.774125
0.353227 0.774497
0.355710 0.774868
0.358192 0.775611
0.359434 0.775982
0.361089 0.776353
0.363986 0.776725
0.365641 0.777096
0.366882 0.777468
0.369365 0.778210
0.371020 0.778582
0.373089 0.778953
0.374331 0.779324
0.375986 0.779696
0.377227 0.780438
0.378469 0.780810
0.380124 0.781181
0.381779 0.781552
0.383021 0.781924
0.385090 0.782666
0.386331 0.783038
0.387572 0.783409
0.389641 0.783780
0.390469 0.784152
0.391297 0.784523
0.392952 0.785266
0.394193 0.785637
0.396262 0.786009
0.397504 0.786380
0.399159 0.786751
0.400400 0.787494
0.401642 0.787865
0.402883 0.788237
0.405366 0.788608
0.407021 0.788979
0.408676 0.789722
0.410745 0.790093
0.411987 0.790465
0.414883 0.790836
0.416952 0.791207
0.418608 0.791579
0.420677 0.792321
0.422746 0.792693
0.424815 0.793064
0.429780 0.793435
0.441367 0.793807
0.441367 0.792693
0.440125 0.792321
0.439298 0.791950
0.437642 0.791207
0.436815 0.790836
0.435573 0.790465
0.434332 0.790093
0.433504 0.789722
0.432263 0.788979
0.431435 0.788608
0.430608 0.788237
0.429366 0.787865
0.428539 0.787494
0.427711 0.787123
0.426470 0.786380
0.425642 0.786009
0.423987 0.785637
0.423159 0.785266
0.421918 0.784523
0.420263 0.783780
0.419435 0.783409
0.418608 0.783038
0.416952 0.782666
0.416125 0.782295
0.414883 0.781552
0.413642 0.781181
0.412401 0.780810
0.411159 0.780438
0.409918 0.780067
0.409090 0.779696
0.407435 0.778953
0.406607 0.778582
0.404952 0.778210
0.404124 0.777839
0.403297 0.777468
0.401642 0.776725
0.400814 0.776353
0.399986 0.775982
0.398745 0.775611
0.397504 0.775239
0.396676 0.774868
0.395435 0.774125
0.394607 0.773754
0.392952 0.773383
0.392124 0.773011
0.391297 0.772640
0.389641 0.771897
0.388400 0.771526
0.387572 0.771155
0.385917 0.770783
0.385090 0.770412
0.383848 0.769669
0.382607 0.769298
0.381779 0.768927
0.380538 0.768555
0.379296 0.768184
0.378055 0.767813
0.376813 0.767070
0.375986 0.766698
0.373917 0.766327
0.372675 0.765956
0.371848 0.765584
0.370193 0.764842
0.368537 0.764470
0.366882 0.764099
0.364813 0.763728
0.362744 0.763356
0.360261 0.763356
0.358606 0.764099
0.358192 0.764842
0.358606 0.766327
0.357779 0.766698
0.356951 0.767070
0.356537 0.764842
0.356123 0.764099
0.353641 0.762242
0.352399 0.761500
0.351158 0.761128
0.344537 0.760757
0.339157 0.760386
0.331295 0.760014
0.319295 0.760757
0.309364 0.761128
0.299432 0.760757
0.287846 0.760386
0.284949 0.760014
0.282053 0.759272
0.279570 0.758900
0.277501 0.758529
0.275018 0.758157
0.273777 0.757786
0.272535 0.757415
0.270880 0.756672
0.270052 0.756301
0.268811 0.755929
0.267983 0.755558
0.267156 0.755187
0.265087 0.753701
0.263432 0.752587
0.262190 0.751845
0.260535 0.751102
0.259294 0.750359
0.255983 0.747760
0.254742 0.747017
0.253500 0.746274
0.251018 0.744789
0.250190 0.744418
0.249362 0.744046
0.248121 0.743304
0.246880 0.742932
0.243983 0.742561
0.243155 0.742190
0.242328 0.741818
0.241086 0.741075
0.239845 0.740704
[SKELETON]
0.241533 0.741832
0.242868 0.743002
0.242868 0.743002
0.244238 0.744172
0.244238 0.744172
0.245642 0.745338
0.245642 0.745338
0.247078 0.746498
0.247078 0.746498
0.248545 0.747651
0.248545 0.747651
0.250043 0.748794
0.250043 0.748794
0.251568 0.749924
0.253121 0.751040
0.253121 0.751040
0.254700 0.752140
0.254700 0.752140
0.256303 0.753221
0.256303 0.753221
0.257930 0.754281
0.257930 0.754281
0.259578 0.755318
0.259578 0.755318
0.261247 0.756329
0.261247 0.756329
0.262935 0.757313
0.264641 0.758268
0.264641 0.758268
0.266364 0.759191
0.266364 0.759191
0.268102 0.760079
0.268102 0.760079
0.269854 0.760932
0.269854 0.760932
0.271618 0.761746
0.271618 0.761746
0.273394 0.762519
0.273394 0.762519
0.275180 0.763250
0.276974 0.763936
0.276974 0.763936
0.278776 0.764574
0.278776 0.764574
0.280584 0.765164
0.280584 0.765164
0.282396 0.765701
0.282396 0.765701
0.284212 0.766186
0.284212 0.766186
0.286030 0.766614
0.286030 0.766614
0.287848 0.766984
0.287848 0.766984
0.289666 0.767294
0.291483 0.767543
0.291483 0.767543
0.293300 0.767736
0.293300 0.767736
0.295118 0.767876
0.295118 0.767876
0.296940 0.767968
0.296940 0.767968
0.298766 0.768018
0.298766 0.768018
0.300599 0.768030
0.300599 0.768030
0.302440 0.768009
0.304290 0.767959
0.304290 0.767959
0.306152 0.767885
0.306152 0.767885
0.308026 0.767792
0.308026 0.767792
0.309915 0.767685
0.309915 0.767685
0.311820 0.767568
0.311820 0.767568
0.313743 0.767447
0.313743 0.767447
0.315685 0.767325
0.317644 0.767206
0.317644 0.767206
0.319618 0.767092
0.319618 0.767092
0.321605 0.766987
0.321605 0.766987
0.323602 0.766893
0.323602 0.766893
0.325606 0.766812
0.325606 0.766812
0.327616 0.766748
0.327616 0.766748
0.329628 0.766703
0.331641 0.766680
0.331641 0.766680
0.333652 0.766681
0.333652 0.766681
0.335658 0.766709
0.335658 0.766709
0.337656 0.766768
0.337656 0.766768
0.339646 0.766858
0.339646 0.766858
0.341625 0.766982
0.341625 0.766982
0.343593 0.767137
0.345552 0.767323
0.345552 0.767323
0.347502 0.767540
0.347502 0.767540
0.349442 0.767785
0.349442 0.767785
0.351373 0.768057
0.351373 0.768057
0.353296 0.768356
0.353296 0.768356
0.355210 0.768681
0.355210 0.768681
0.357117 0.769031
0.359015 0.769404
0.359015 0.769404
0.360907 0.769799
0.360907 0.769799
0.362791 0.770216
0.362791 0.770216
0.364668 0.770653
0.364668 0.770653
0.366539 0.771109
0.366539 0.771109
0.368404 0.771583
0.368404 0.771583
0.370263 0.772075
0.372116 0.772582
0.372116 0.772582
0.373964 0.773105
0.373964 0.773105
0.375807 0.773641
0.375807 0.773641
0.377646 0.774191
0.377646 0.774191
0.379480 0.774752
0.379480 0.774752
0.381310 0.775324
0.381310 0.775324
0.383136 0.775906
0.384959 0.776496
0.384959 0.776496
0.386778 0.777094
0.386778 0.777094
0.388595 0.777699
0.388595 0.777699
0.390410 0.778309
0.390410 0.778309
0.392222 0.778924
0.392222 0.778924
0.394032 0.779541
0.394032 0.779541
0.395840 0.780162
0.395840 0.780162
0.397647 0.780783
0.399454 0.781405
0.399454 0.781405
0.401259 0.782026
0.401259 0.782026
0.403064 0.782644
0.403064 0.782644
0.404869 0.783260
0.404869 0.783260
0.406674 0.783872
0.406674 0.783872
0.408480 0.784479
0.408480 0.784479
0.410286 0.785080
0.412093 0.785673
0.412093 0.785673
0.413902 0.786258
0.413902 0.786258
0.415713 0.786834
0.415713 0.786834
0.417526 0.787400
0.417526 0.787400
0.419341 0.787954
0.419341 0.787954
0.421158 0.788495
0.421158 0.788495
0.422979 0.789023
0.424802 0.789537
0.424802 0.789537
0.426630 0.790034
0.426630 0.790034
0.428461 0.790515
0.428461 0.790515
0.430296 0.790979
0.430296 0.790979
0.432136 0.791423
0.432136 0.791423
0.433980 0.791847
0.433980 0.791847
0.435829 0.792251
