[CONTOUR]
0.332697 -0.000061
0.327964 0.004556
0.327141 0.005664
0.326113 0.006956
0.325289 0.007879
0.324878 0.008618
0.324466 0.009357
0.324055 0.010095
0.323643 0.010834
0.323026 0.011757
0.322614 0.012496
0.322409 0.013050
0.321997 0.013789
0.321380 0.014897
0.320968 0.015450
0.320557 0.016189
0.320351 0.016743
0.319939 0.017666
0.319528 0.018220
0.319116 0.019144
0.318705 0.019882
0.318499 0.020621
0.318087 0.021544
0.317676 0.022098
0.317264 0.023022
0.317059 0.023760
0.316647 0.024499
0.316236 0.025422
0.315824 0.026161
0.315412 0.027084
0.315207 0.027823
0.314795 0.028746
0.314384 0.029485
0.313972 0.030593
0.313561 0.031700
0.313355 0.032439
0.312943 0.033547
0.312532 0.034286
0.312120 0.035578
0.311709 0.036686
0.311503 0.037610
0.311091 0.038902
0.310680 0.039825
0.310268 0.041118
0.310062 0.042226
0.309651 0.043334
0.309239 0.044627
0.308828 0.045181
0.308416 0.046289
0.308210 0.047212
0.307799 0.048504
0.307387 0.049243
0.306976 0.050351
0.306564 0.051459
0.306359 0.052198
0.305947 0.053306
0.305535 0.054044
0.305124 0.054968
0.304712 0.056075
0.304507 0.056999
0.304095 0.058107
0.303684 0.058845
0.303272 0.059953
0.303066 0.060692
0.302655 0.061800
0.302243 0.062723
0.301832 0.063462
0.301420 0.064385
0.301214 0.065308
0.300803 0.066416
0.300391 0.067155
0.299980 0.068263
0.299568 0.069556
0.299362 0.070479
0.298951 0.071402
0.298539 0.072141
0.298128 0.073249
0.297922 0.074172
0.297510 0.075280
0.297099 0.076203
0.296687 0.076942
0.296276 0.078050
0.296070 0.078973
0.295658 0.079897
0.295247 0.081004
0.294835 0.081743
0.294424 0.082666
0.293601 0.083036
0.295041 0.093561
0.295864 0.092638
0.296482 0.091715
0.296893 0.090976
0.297099 0.090237
0.297510 0.089314
0.297922 0.088575
0.298333 0.087652
0.298539 0.086914
0.298951 0.085990
0.299568 0.084882
0.300185 0.084144
0.300803 0.083220
0.301009 0.082666
0.301626 0.081743
0.302243 0.080820
0.303066 0.079897
0.303684 0.078973
0.304095 0.078235
0.304712 0.077311
0.305535 0.076388
0.306153 0.075465
0.306564 0.074726
0.306976 0.073987
0.307387 0.073249
0.307799 0.072695
0.308210 0.071956
0.308416 0.071402
0.308828 0.070664
0.309239 0.069925
0.309651 0.069371
0.310062 0.068632
0.310268 0.068078
0.310680 0.067340
0.311091 0.066601
0.311503 0.066047
0.311914 0.065124
0.312120 0.064570
0.312532 0.063831
0.312943 0.063277
0.313355 0.062354
0.313766 0.061431
0.313972 0.060877
0.314384 0.059953
0.314795 0.059399
0.315207 0.058661
0.315412 0.058107
0.315824 0.057368
0.316236 0.056445
0.316647 0.055891
0.317059 0.055152
0.317264 0.054414
0.317676 0.053675
0.318087 0.053121
0.318499 0.052382
0.318911 0.051459
0.319116 0.050905
0.319528 0.049982
0.319939 0.049428
0.320351 0.048689
0.320762 0.047950
0.320968 0.047397
0.321380 0.046473
0.321791 0.045919
0.322203 0.044996
0.322409 0.044442
0.322820 0.043519
0.323232 0.042595
0.323643 0.042041
0.324055 0.041118
0.324261 0.040379
0.324672 0.039456
0.325084 0.038902
0.325495 0.038164
0.325907 0.037240
0.326113 0.036686
0.326524 0.035763
0.326936 0.035209
0.327347 0.034286
0.327759 0.033547
0.327964 0.032808
0.328376 0.031885
0.328788 0.031331
0.329199 0.030408
0.329405 0.029669
0.329816 0.028746
0.330228 0.027823
0.330639 0.027084
0.331051 0.026345
0.331257 0.025607
0.331668 0.024683
0.332080 0.024129
0.332491 0.023206
0.332903 0.022468
0.333109 0.021729
0.333520 0.020990
0.333932 0.020436
0.334343 0.019698
0.334549 0.019144
0.334961 0.018405
0.335372 0.017666
0.335990 0.016928
0.336607 0.016004
0.336813 0.015450
0.337430 0.014527
0.338047 0.013604
0.339076 0.012496
0.340722 0.010649
0.341751 0.009357
0.346278 0.005294
0.351011 0.001232
0.352657 -0.000061
[SKELETON]
0.349693 0.001663
0.348586 0.001745
0.348586 0.001745
0.347510 0.001868
0.347510 0.001868
0.346465 0.002029
0.345449 0.002228
0.345449 0.002228
0.344463 0.002464
0.343506 0.002735
0.343506 0.002735
0.342578 0.003041
0.342578 0.003041
0.341678 0.003380
0.340806 0.003752
0.340806 0.003752
0.339962 0.004155
0.339146 0.004588
0.339146 0.004588
0.338356 0.005050
0.338356 0.005050
0.337593 0.005540
0.336855 0.006057
0.336855 0.006057
0.336144 0.006599
0.335458 0.007167
0.335458 0.007167
0.334796 0.007758
0.334796 0.007758
0.334159 0.008371
0.333544 0.009005
0.333544 0.009005
0.332950 0.009659
0.332376 0.010331
0.332376 0.010331
0.331822 0.011019
0.331822 0.011019
0.331286 0.011723
0.330767 0.012441
0.330767 0.012441
0.330264 0.013172
0.329776 0.013914
0.329776 0.013914
0.329302 0.014667
0.329302 0.014667
0.328840 0.015428
0.328389 0.016196
0.328389 0.016196
0.327949 0.016970
0.327519 0.017749
0.327519 0.017749
0.327096 0.018530
0.327096 0.018530
0.326681 0.019314
0.326272 0.020100
0.326272 0.020100
0.325870 0.020887
0.325473 0.021675
0.325473 0.021675
0.325083 0.022464
0.325083 0.022464
0.324698 0.023255
0.324319 0.024047
0.324319 0.024047
0.323944 0.024840
0.323574 0.025634
0.323574 0.025634
0.323209 0.026430
0.323209 0.026430
0.322848 0.027226
0.322492 0.028023
0.322492 0.028023
0.322139 0.028821
0.322139 0.028821
0.321789 0.029619
0.321443 0.030419
0.321443 0.030419
0.321100 0.031219
0.320759 0.032020
0.320759 0.032020
0.320421 0.032821
0.320421 0.032821
0.320085 0.033623
0.319751 0.034425
0.319751 0.034425
0.319419 0.035227
0.319088 0.036030
0.319088 0.036030
0.318759 0.036833
0.318759 0.036833
0.318430 0.037637
0.318102 0.038440
0.318102 0.038440
0.317775 0.039244
0.317447 0.040048
0.317447 0.040048
0.317120 0.040851
0.317120 0.040851
0.316792 0.041655
0.316464 0.042458
0.316464 0.042458
0.316134 0.043261
0.315804 0.044064
0.315804 0.044064
0.315472 0.044867
0.315472 0.044867
0.315140 0.045669
0.314806 0.046471
0.314806 0.046471
0.314470 0.047273
0.314134 0.048074
0.314134 0.048074
0.313795 0.048875
0.313795 0.048875
0.313456 0.049676
0.313114 0.050476
0.313114 0.050476
0.312771 0.051275
0.312427 0.052074
0.312427 0.052074
0.312081 0.052872
0.312081 0.052872
0.311732 0.053670
0.311382 0.054467
0.311382 0.054467
0.311031 0.055264
0.310677 0.056060
0.310677 0.056060
0.310321 0.056855
0.310321 0.056855
0.309963 0.057649
0.309603 0.058443
0.309603 0.058443
0.309241 0.059236
0.309241 0.059236
0.308876 0.060028
0.308509 0.060819
0.308509 0.060819
0.308140 0.061609
0.307768 0.062399
0.307768 0.062399
0.307394 0.063187
0.307394 0.063187
0.307018 0.063975
0.306638 0.064762
0.306638 0.064762
0.306256 0.065547
0.305872 0.066332
0.305872 0.066332
0.305484 0.067115
0.305484 0.067115
0.305094 0.067898
0.304701 0.068679
0.304701 0.068679
0.304306 0.069460
0.303910 0.070239
0.303910 0.070239
0.303513 0.071019
0.303513 0.071019
0.303115 0.071798
0.302717 0.072578
0.302717 0.072578
0.302320 0.073357
0.301924 0.074137
0.301924 0.074137
0.301529 0.074918
0.301529 0.074918
0.301137 0.075699
0.300747 0.076481
0.300747 0.076481
0.300361 0.077265
0.299978 0.078050
0.299978 0.078050
0.299600 0.078836
0.299600 0.078836
0.299227 0.079624
0.298859 0.080415
0.298859 0.080415
0.298497 0.081207
0.298141 0.082002
0.298141 0.082002
0.297792 0.082799
0.297792 0.082799
0.297451 0.083600
0.297118 0.084403
0.297118 0.084403
0.296793 0.085209
0.296477 0.086019
0.296477 0.086019
0.296171 0.086832
0.296171 0.086832
0.295875 0.087650
0.295590 0.088471
0.295590 0.088471
0.295316 0.089296
0.295054 0.090126
0.295054 0.090126
0.294804 0.090960
0.294804 0.090960
0.294567 0.091800
