[CONTOUR]
0.701449 0.578297
[CONTOUR]
0.694184 0.576435
0.693838 0.576745
0.693146 0.576745
0.686227 0.582955
0.685881 0.582955
0.685881 0.583265
0.682767 0.586059
0.682767 0.586370
0.678962 0.589785
0.678962 0.590095
0.678270 0.590716
0.677924 0.590716
0.677578 0.591027
0.677578 0.591648
0.677232 0.591958
0.675502 0.591958
0.675502 0.592579
0.676540 0.592579
0.677232 0.591958
0.677924 0.591958
0.678270 0.591648
0.678616 0.591648
0.678962 0.591337
0.679654 0.591337
0.680346 0.590716
0.680691 0.590716
0.681383 0.590095
0.681729 0.590095
0.682421 0.589474
0.682767 0.589474
0.683459 0.588853
0.683805 0.588853
0.684497 0.588233
0.684843 0.588233
0.685535 0.587612
0.685881 0.587612
0.686573 0.586991
0.686919 0.586991
0.687611 0.586370
0.687957 0.586370
0.688649 0.585749
0.688995 0.585749
0.689341 0.585438
0.689687 0.585438
0.690379 0.584817
0.690724 0.584817
0.691416 0.584196
0.691762 0.584196
0.692108 0.583886
0.692454 0.583886
0.693146 0.583265
0.693492 0.583265
0.694184 0.582644
0.694530 0.582644
0.696260 0.581092
0.696606 0.581092
0.698336 0.579539
0.698336 0.578608
0.696952 0.577366
0.696952 0.577056
0.696606 0.577056
0.696260 0.576745
0.695914 0.576745
0.695568 0.576435
[CONTOUR]
0.764069 0.499127
0.763377 0.499748
0.762339 0.500369
0.759572 0.500369
0.759226 0.500059
0.758188 0.500059
0.757496 0.500369
0.756804 0.500990
0.756804 0.501301
0.755766 0.502232
0.755420 0.502853
0.755420 0.503164
0.755074 0.503474
0.754728 0.504405
0.754728 0.505958
0.754382 0.506268
0.754382 0.507510
0.754036 0.508442
0.753690 0.508752
0.753690 0.509373
0.753344 0.510304
0.752998 0.510615
0.752998 0.511236
0.752652 0.511546
0.752306 0.512478
0.752306 0.513099
0.751960 0.513409
0.751960 0.514030
0.751615 0.515272
0.751269 0.515582
0.751269 0.516514
0.750923 0.517135
0.750577 0.517445
0.750577 0.517756
0.750231 0.518066
0.749885 0.518998
0.749885 0.519308
0.749539 0.519619
0.749193 0.520550
0.749193 0.520860
0.748847 0.521171
0.748847 0.521481
0.748501 0.522413
0.748155 0.522723
0.748155 0.523034
0.747463 0.523655
0.747117 0.524586
0.747117 0.524897
0.746771 0.525207
0.746425 0.525828
0.746425 0.526138
0.746079 0.526449
0.746079 0.526759
0.745733 0.527380
0.745387 0.527691
0.745387 0.528001
0.745041 0.528312
0.744695 0.528933
0.744695 0.529243
0.744349 0.529554
0.743657 0.530485
0.743657 0.530795
0.742965 0.531416
0.742965 0.531727
0.741236 0.533590
0.729819 0.543835
0.729473 0.543835
0.724975 0.547561
0.713558 0.557806
0.713212 0.557806
0.704563 0.565568
0.702833 0.567431
0.702833 0.567741
0.702141 0.568362
0.702141 0.568673
0.701795 0.569294
0.701449 0.569604
0.701449 0.570536
0.701103 0.572088
0.701449 0.572399
0.701449 0.572709
0.701103 0.573019
0.701449 0.573951
0.701449 0.575503
0.701795 0.575814
0.701795 0.577366
0.703525 0.577056
0.704217 0.577056
0.704563 0.576745
0.705255 0.576435
0.705601 0.576435
0.705947 0.576124
0.706293 0.576124
0.707331 0.575503
0.708023 0.574882
0.708369 0.574882
0.709407 0.574261
0.711136 0.572709
0.711482 0.572709
0.712520 0.571778
0.713904 0.570846
0.714250 0.570846
0.714942 0.570225
0.715288 0.570225
0.716326 0.569604
0.717018 0.568983
0.717364 0.568983
0.718402 0.568362
0.719440 0.567431
0.719786 0.567431
0.720478 0.566810
0.721861 0.565879
0.722207 0.565879
0.723591 0.564637
0.725667 0.563084
0.726013 0.563084
0.727397 0.561843
0.727743 0.561843
0.729127 0.560911
0.730511 0.559669
0.730857 0.559669
0.732586 0.558117
0.735354 0.555944
0.735700 0.555944
0.737776 0.554081
0.740198 0.552218
0.740544 0.552218
0.741927 0.550976
0.742273 0.550976
0.745387 0.548492
0.751269 0.543214
0.751269 0.542904
0.752998 0.541351
0.754036 0.540110
0.754036 0.539799
0.755074 0.538868
0.755766 0.537936
0.755766 0.537626
0.756804 0.536694
0.756804 0.536384
0.757150 0.535763
0.757842 0.535142
0.757842 0.534832
0.758188 0.534211
0.758880 0.533590
0.758880 0.533279
0.759226 0.532969
0.759572 0.532348
0.759572 0.532037
0.759918 0.531727
0.759918 0.531416
0.760264 0.530795
0.760610 0.530485
0.760610 0.530175
0.760956 0.529554
0.761302 0.529243
0.761302 0.528933
0.761648 0.528622
0.761993 0.528001
0.761993 0.527691
0.762339 0.527380
0.762339 0.526759
0.762685 0.526138
0.763031 0.525828
0.763031 0.525517
0.763377 0.524897
0.763723 0.524586
0.763723 0.523965
0.764069 0.523655
0.764415 0.522723
0.764415 0.522413
0.764761 0.522102
0.765107 0.521171
0.765107 0.520239
0.765453 0.519929
0.765453 0.519308
0.765799 0.518377
0.766145 0.518066
0.766145 0.517445
0.766491 0.517135
0.766837 0.515893
0.766837 0.515272
0.767183 0.514961
0.767529 0.514030
0.767529 0.513099
0.767875 0.512788
0.767875 0.511857
0.768221 0.510925
0.768567 0.510615
0.768567 0.509994
0.768913 0.508442
0.769259 0.508131
0.769259 0.506889
0.769605 0.506579
0.769951 0.505026
0.769951 0.501922
0.769605 0.501611
0.769605 0.501301
0.767529 0.499748
0.766837 0.499127
[CONTOUR]
0.774794 0.427098
0.774794 0.427409
0.773756 0.428340
0.773756 0.428651
0.773410 0.428961
0.773410 0.429892
0.773064 0.430203
0.773064 0.430824
0.772718 0.431134
0.772718 0.431755
0.772372 0.432066
0.772372 0.432376
0.772027 0.432687
0.772027 0.433308
0.771681 0.433618
0.771681 0.434239
0.771335 0.434550
0.771335 0.434860
0.770989 0.435170
0.770989 0.435791
0.770643 0.436102
0.770643 0.436412
0.770297 0.436723
0.770297 0.437033
0.769951 0.437344
0.769951 0.437965
0.769605 0.438275
0.769605 0.438586
0.769259 0.438896
0.769259 0.439517
0.768913 0.439828
0.768913 0.440448
0.768567 0.440759
0.768567 0.441380
0.768221 0.441690
0.768221 0.442622
0.767875 0.442932
0.767875 0.443553
0.767529 0.443864
0.767529 0.444485
0.767183 0.444795
0.767183 0.445726
0.766837 0.446037
0.766837 0.446968
0.766491 0.447279
0.766491 0.448210
0.766145 0.448521
0.766145 0.449452
0.765799 0.449763
0.765799 0.451004
0.765453 0.451315
0.765453 0.452557
0.765107 0.452867
0.765107 0.453799
0.764761 0.454109
0.764761 0.455041
0.764415 0.455351
0.764415 0.456282
0.764069 0.456593
0.764069 0.458145
0.763723 0.458456
0.763723 0.459698
0.763377 0.460008
0.763377 0.461250
0.763031 0.461560
0.763031 0.463734
0.762685 0.464044
0.762685 0.466528
0.762339 0.466838
0.762339 0.469012
0.761993 0.469322
0.761993 0.471806
0.761648 0.472116
0.761648 0.474600
0.761302 0.474911
0.761302 0.477705
0.760956 0.478015
0.760956 0.479878
0.760610 0.480189
0.760610 0.481741
0.760264 0.482052
0.760264 0.483293
0.759918 0.483604
0.759918 0.487019
0.760610 0.487640
0.760610 0.487950
0.760956 0.487950
0.761302 0.488261
0.763031 0.488261
0.763377 0.488571
0.765107 0.488571
0.765453 0.488882
0.765799 0.488882
0.766837 0.489813
0.767183 0.489813
0.767529 0.490124
0.768221 0.490124
0.768913 0.490745
0.770297 0.490745
0.771335 0.489813
0.771335 0.489192
0.771681 0.488882
0.771681 0.487640
0.772027 0.487330
0.772027 0.484225
0.772372 0.483914
0.772372 0.481120
0.772718 0.480810
0.772718 0.478015
0.773064 0.477705
0.773064 0.473358
0.773410 0.473048
0.773410 0.467770
0.773756 0.467459
0.773756 0.461250
0.774102 0.460940
0.774102 0.457214
0.774448 0.456903
0.774448 0.452557
0.774794 0.452246
0.774794 0.446037
0.775140 0.445726
0.775140 0.432066
0.775486 0.431755
0.775486 0.428030
0.775140 0.427719
0.775140 0.427098
[SKELETON]
0.774189 0.431178
0.773830 0.432638
0.773830 0.432638
0.773481 0.434107
0.773144 0.435582
0.773144 0.435582
0.772816 0.437065
0.772816 0.437065
0.772498 0.438554
0.772191 0.440048
0.772191 0.440048
0.771892 0.441547
0.771603 0.443051
0.771603 0.443051
0.771323 0.444559
0.771323 0.444559
0.771052 0.446071
0.770790 0.447585
0.770790 0.447585
0.770535 0.449102
0.770289 0.450621
0.770289 0.450621
0.770050 0.452141
0.769819 0.453662
0.769819 0.453662
0.769595 0.455183
0.769595 0.455183
0.769378 0.456704
0.769168 0.458224
0.769168 0.458224
0.768965 0.459743
0.768767 0.461260
0.768767 0.461260
0.768576 0.462774
0.768391 0.464286
0.768391 0.464286
0.768211 0.465794
0.768211 0.465794
0.768036 0.467298
0.767866 0.468797
0.767866 0.468797
0.767701 0.470292
0.767541 0.471781
0.767541 0.471781
0.767385 0.473263
0.767385 0.473263
0.767233 0.474739
0.767084 0.476208
0.767084 0.476208
0.766939 0.477669
0.766798 0.479122
0.766798 0.479122
0.766659 0.480566
0.766523 0.482000
0.766523 0.482000
0.766390 0.483425
0.766390 0.483425
0.765994 0.485173
0.765598 0.486922
0.765598 0.486922
0.765203 0.488671
0.764807 0.490419
0.764807 0.490419
0.764411 0.492168
0.764015 0.493917
0.764015 0.493917
0.763619 0.495665
0.763619 0.495665
0.763224 0.497414
0.762828 0.499163
0.762828 0.499163
0.762432 0.500911
0.762036 0.502660
0.762036 0.502660
0.761640 0.504409
0.761640 0.504409
0.761245 0.506157
0.761112 0.507715
0.761112 0.507715
0.760925 0.509249
0.760685 0.510760
0.760685 0.510760
0.760394 0.512250
0.760052 0.513717
0.760052 0.513717
0.759661 0.515164
0.759661 0.515164
0.759222 0.516589
0.758737 0.517995
0.758737 0.517995
0.758206 0.519381
0.757632 0.520747
0.757632 0.520747
0.757015 0.522095
0.756356 0.523424
0.756356 0.523424
0.755658 0.524736
0.755658 0.524736
0.754920 0.526030
0.754145 0.527307
0.754145 0.527307
0.753334 0.528568
0.752487 0.529814
0.752487 0.529814
0.751607 0.531044
0.751607 0.531044
0.750694 0.532259
0.749750 0.533459
0.749750 0.533459
0.748776 0.534646
0.747774 0.535820
0.747774 0.535820
0.746744 0.536980
0.745688 0.538128
0.745688 0.538128
0.744607 0.539264
0.744607 0.539264
0.743502 0.540389
0.742376 0.541502
0.742376 0.541502
0.741228 0.542606
0.740060 0.543699
0.740060 0.543699
0.738874 0.544783
0.737671 0.545857
0.737671 0.545857
0.736452 0.546923
0.736452 0.546923
0.735218 0.547982
0.733971 0.549032
0.733971 0.549032
0.732712 0.550076
0.731442 0.551112
0.731442 0.551112
0.730162 0.552143
0.730162 0.552143
0.728874 0.553169
0.727579 0.554189
0.727579 0.554189
0.726279 0.555204
0.724974 0.556215
0.724974 0.556215
0.723665 0.557223
0.722355 0.558228
0.722355 0.558228
0.721044 0.559229
0.721044 0.559229
0.719734 0.560229
0.718426 0.561227
0.718426 0.561227
0.717121 0.562224
0.715821 0.563220
0.715821 0.563220
0.714526 0.564216
0.713238 0.565212
0.713238 0.565212
0.711959 0.566208
0.711959 0.566208
0.710689 0.567206
0.709430 0.568206
0.709430 0.568206
0.708183 0.569208
0.706950 0.570213
0.706950 0.570213
0.705731 0.571220
0.705731 0.571220
0.704528 0.572232
0.703761 0.572773
0.703761 0.572773
0.702993 0.573315
0.702226 0.573856
0.702226 0.573856
0.701458 0.574398
0.700691 0.574939
0.700691 0.574939
0.699923 0.575481
0.699923 0.575481
0.699155 0.576022
0.698388 0.576564
0.698388 0.576564
0.697620 0.577106
0.696853 0.577647
0.696853 0.577647
0.696085 0.578189
0.695317 0.578730
0.695317 0.578730
0.694550 0.579272
0.694550 0.579272
0.693110 0.580291
0.691672 0.581317
0.691672 0.581317
0.690238 0.582349
0.688806 0.583386
0.688806 0.583386
0.687376 0.584428
0.687376 0.584428
0.685948 0.585475
0.684522 0.586525
0.684522 0.586525
0.683098 0.587578
