[CONTOUR]
0.516091 0.306778
0.513622 0.308044
0.510800 0.310260
0.496337 0.322606
0.493868 0.325455
0.486460 0.332102
0.483991 0.334002
0.482227 0.334951
0.480110 0.336218
0.479052 0.336534
0.477641 0.337167
0.476583 0.337800
0.475172 0.338433
0.473761 0.339067
0.472703 0.339383
0.470939 0.340016
0.469881 0.340649
0.468117 0.341282
0.466706 0.341599
0.465295 0.342232
0.463531 0.342865
0.462120 0.343498
0.460356 0.344131
0.458593 0.344448
0.456476 0.345081
0.454360 0.345714
0.452949 0.346347
0.450479 0.346981
0.448716 0.347297
0.446246 0.347930
0.444483 0.348563
0.442013 0.349196
0.439897 0.349830
0.437780 0.350146
0.435664 0.350779
0.434253 0.351412
0.432136 0.352045
0.430020 0.352679
0.428256 0.352995
0.426492 0.353628
0.425081 0.354261
0.422965 0.354894
0.421554 0.355211
0.419437 0.355844
0.417674 0.356477
0.416615 0.357110
0.414852 0.357744
0.413793 0.358060
0.412030 0.358693
0.410619 0.359326
0.409208 0.359959
0.407797 0.360593
0.406386 0.360909
0.404622 0.361542
0.403564 0.362175
0.402153 0.362808
0.400389 0.363442
0.399331 0.363758
0.397920 0.364391
0.396861 0.365024
0.395450 0.365657
0.393687 0.366607
0.392628 0.366924
0.391217 0.367557
0.389806 0.368506
0.388043 0.369456
0.386632 0.370089
0.384868 0.371039
0.382751 0.372305
0.381340 0.373255
0.379224 0.374521
0.377813 0.375154
0.375696 0.376420
0.373227 0.378003
0.371463 0.379269
0.369347 0.380536
0.367583 0.381485
0.365114 0.383068
0.362997 0.384651
0.360881 0.385917
0.358764 0.387183
0.357001 0.388133
0.353826 0.390349
0.350651 0.392881
0.345007 0.397313
0.338305 0.403328
0.337952 0.404278
0.341127 0.404594
0.342891 0.403644
0.344302 0.403011
0.345360 0.402695
0.347476 0.401745
0.348887 0.401112
0.349946 0.400479
0.352062 0.399529
0.353120 0.399213
0.354531 0.398580
0.355942 0.397946
0.357353 0.396997
0.358764 0.396364
0.359823 0.396047
0.361586 0.395097
0.362997 0.394148
0.364408 0.393515
0.365819 0.392881
0.367230 0.392565
0.368641 0.391932
0.369700 0.391299
0.371463 0.390349
0.373933 0.389083
0.374991 0.388766
0.376755 0.387817
0.378166 0.386867
0.379929 0.385917
0.380988 0.385601
0.383104 0.384334
0.384515 0.383701
0.385926 0.382752
0.387690 0.381802
0.388748 0.381485
0.390159 0.380852
0.391570 0.380219
0.392981 0.379269
0.394392 0.378636
0.395450 0.378320
0.396861 0.377687
0.398272 0.376737
0.400036 0.376104
0.401447 0.375471
0.402505 0.375154
0.403916 0.374521
0.405327 0.373888
0.406738 0.373255
0.408502 0.372622
0.409913 0.372305
0.411324 0.371672
0.412735 0.371039
0.414499 0.370406
0.415910 0.370089
0.417674 0.369456
0.419790 0.368823
0.421201 0.368190
0.422965 0.367557
0.424729 0.367240
0.426845 0.366607
0.428962 0.365974
0.430373 0.365341
0.432842 0.364708
0.434958 0.364391
0.437780 0.363758
0.439191 0.363125
0.441308 0.362492
0.443424 0.361859
0.445188 0.361542
0.447657 0.360909
0.449068 0.360276
0.451185 0.359643
0.453654 0.359010
0.455771 0.358693
0.457534 0.358060
0.458945 0.357427
0.461062 0.356794
0.462473 0.356477
0.464237 0.355844
0.466000 0.355211
0.467411 0.354578
0.468822 0.353945
0.470233 0.353628
0.471644 0.352995
0.473055 0.352362
0.474114 0.351729
0.475525 0.351096
0.476583 0.350779
0.478347 0.349830
0.479758 0.348880
0.481874 0.347614
0.483991 0.346347
0.485754 0.345398
0.491751 0.340649
0.495631 0.336534
0.498453 0.333369
0.499864 0.331469
0.500923 0.330203
0.501628 0.328937
0.501981 0.327987
0.503039 0.326404
0.504097 0.325138
0.504803 0.323872
0.506214 0.321972
0.506919 0.320706
0.507978 0.319123
0.508683 0.318174
0.509389 0.316907
0.510094 0.315325
0.510447 0.314375
0.511858 0.312476
0.513269 0.310893
0.515033 0.308677
0.515385 0.307411
0.517502 0.306778
[SKELETON]
0.509860 0.310549
0.509088 0.312093
0.509088 0.312093
0.508284 0.313606
0.508284 0.313606
0.507451 0.315088
0.506587 0.316538
0.506587 0.316538
0.505695 0.317958
0.505695 0.317958
0.504774 0.319348
0.503826 0.320707
0.503826 0.320707
0.502850 0.322036
0.501848 0.323335
0.501848 0.323335
0.500819 0.324605
0.500819 0.324605
0.499765 0.325846
0.498686 0.327058
0.498686 0.327058
0.497582 0.328241
0.497582 0.328241
0.496455 0.329395
0.495304 0.330522
0.495304 0.330522
0.494131 0.331620
0.494131 0.331620
0.492936 0.332690
0.491719 0.333733
0.491719 0.333733
0.490482 0.334749
0.490482 0.334749
0.489224 0.335738
0.487946 0.336700
0.487946 0.336700
0.486650 0.337635
0.486650 0.337635
0.485334 0.338544
0.484001 0.339428
0.484001 0.339428
0.482650 0.340285
0.481282 0.341117
0.481282 0.341117
0.479899 0.341924
0.479899 0.341924
0.478499 0.342705
0.477085 0.343462
0.477085 0.343462
0.475655 0.344194
0.475655 0.344194
0.474212 0.344903
0.472756 0.345587
0.472756 0.345587
0.471287 0.346247
0.471287 0.346247
0.469806 0.346884
0.468313 0.347500
0.468313 0.347500
0.466809 0.348096
0.466809 0.348096
0.465295 0.348672
0.463772 0.349230
0.463772 0.349230
0.462239 0.349771
0.460699 0.350297
0.460699 0.350297
0.459150 0.350808
0.459150 0.350808
0.457595 0.351307
0.456034 0.351793
0.456034 0.351793
0.454466 0.352268
0.454466 0.352268
0.452894 0.352734
0.451317 0.353192
0.451317 0.353192
0.449736 0.353642
0.449736 0.353642
0.448152 0.354087
0.446566 0.354527
0.446566 0.354527
0.444978 0.354963
0.444978 0.354963
0.443389 0.355397
0.441799 0.355830
0.441799 0.355830
0.440209 0.356263
0.438620 0.356697
0.438620 0.356697
0.437032 0.357134
0.437032 0.357134
0.435446 0.357575
0.433863 0.358021
0.433863 0.358021
0.432283 0.358473
0.432283 0.358473
0.430707 0.358932
0.429136 0.359400
0.429136 0.359400
0.427570 0.359877
0.427570 0.359877
0.426009 0.360365
0.424454 0.360863
0.424454 0.360863
0.422903 0.361370
0.422903 0.361370
0.421358 0.361888
0.419819 0.362415
0.419819 0.362415
0.418284 0.362952
0.418284 0.362952
0.416754 0.363499
0.415229 0.364055
0.415229 0.364055
0.413708 0.364621
0.412193 0.365195
0.412193 0.365195
0.410682 0.365779
0.410682 0.365779
0.409176 0.366372
0.407674 0.366973
0.407674 0.366973
0.406176 0.367584
0.406176 0.367584
0.404683 0.368203
0.403194 0.368831
0.403194 0.368831
0.401710 0.369467
0.401710 0.369467
0.400229 0.370111
0.398752 0.370764
0.398752 0.370764
0.397280 0.371425
0.397280 0.371425
0.395811 0.372094
0.394346 0.372771
0.394346 0.372771
0.392884 0.373456
0.391426 0.374149
0.391426 0.374149
0.389972 0.374849
0.389972 0.374849
0.388522 0.375557
0.387074 0.376272
0.387074 0.376272
0.385630 0.376994
0.385630 0.376994
0.384189 0.377724
0.382752 0.378460
0.382752 0.378460
0.381317 0.379204
0.381317 0.379204
0.379886 0.379955
0.378457 0.380712
0.378457 0.380712
0.377031 0.381476
0.377031 0.381476
0.375608 0.382246
0.374188 0.383023
0.374188 0.383023
0.372770 0.383807
0.371355 0.384596
0.371355 0.384596
0.369942 0.385392
0.369942 0.385392
0.368532 0.386193
0.367124 0.387001
0.367124 0.387001
0.365718 0.387814
0.365718 0.387814
0.364314 0.388634
0.362912 0.389458
0.362912 0.389458
0.361513 0.390288
0.361513 0.390288
0.360115 0.391124
0.358719 0.391965
0.358719 0.391965
0.357325 0.392811
0.357325 0.392811
0.355932 0.393662
0.354542 0.394518
0.354542 0.394518
0.353152 0.395379
0.353152 0.395379
0.351764 0.396244
0.350378 0.397114
0.350378 0.397114
0.348992 0.397989
0.347608 0.398868
0.347608 0.398868
0.346226 0.399752
0.346226 0.399752
0.344844 0.400639
0.343463 0.401531
0.343463 0.401531
0.342083 0.402427
0.342083 0.402427
0.340704 0.403327
