[CONTOUR]
0.031042 0.475893
0.030852 0.476575
0.030472 0.476575
0.029522 0.476745
0.029332 0.476916
0.028573 0.477086
0.027623 0.477256
0.026673 0.477256
0.025724 0.477427
0.025534 0.477597
0.024584 0.477768
0.023444 0.477938
0.022685 0.477938
0.021925 0.478109
0.020975 0.478279
0.020785 0.478450
0.020025 0.478620
0.019455 0.478620
0.018506 0.478791
0.017556 0.478961
0.017366 0.479131
0.016606 0.479302
0.015847 0.479302
0.015087 0.479472
0.014517 0.479643
0.014327 0.479813
0.013567 0.479984
0.012997 0.479984
0.012238 0.480154
0.011478 0.480325
0.011288 0.480495
0.010718 0.480666
0.010148 0.480666
0.009579 0.480836
0.009009 0.481006
0.008819 0.481177
0.008249 0.481347
0.007869 0.481347
0.007299 0.481518
0.006729 0.481688
0.006539 0.481859
0.005970 0.482029
0.005400 0.482200
0.005210 0.482200
0.004830 0.482370
0.004640 0.482541
0.004260 0.482711
0.003880 0.482881
0.003690 0.482881
0.002931 0.483393
0.002361 0.483904
0.000841 0.485097
0.000271 0.485438
-0.000488 0.485438
0.001031 0.493109
0.001221 0.493279
0.002171 0.493620
0.005590 0.494131
0.005590 0.493620
0.005970 0.493450
0.006160 0.493279
0.006729 0.493109
0.007489 0.492938
0.007869 0.492938
0.008629 0.492768
0.009199 0.492597
0.009389 0.492427
0.009958 0.492256
0.010338 0.492256
0.010908 0.492086
0.011478 0.491916
0.011668 0.491745
0.012428 0.491575
0.012808 0.491575
0.013567 0.491404
0.014137 0.491234
0.014327 0.491063
0.014897 0.490893
0.015277 0.490893
0.016037 0.490722
0.016606 0.490552
0.016796 0.490381
0.017366 0.490211
0.017936 0.490211
0.018506 0.490041
0.019266 0.489870
0.019455 0.489700
0.020025 0.489529
0.020595 0.489359
0.021165 0.489359
0.021735 0.489188
0.021925 0.489018
0.022685 0.488847
0.023254 0.488677
0.024014 0.488677
0.024584 0.488506
0.024774 0.488336
0.025534 0.488166
0.026293 0.487995
0.027053 0.487995
0.028003 0.487825
0.028193 0.487654
0.028953 0.487484
0.029902 0.487313
0.030662 0.487313
0.031612 0.487143
0.031802 0.486972
0.032751 0.486802
0.033701 0.486631
0.034841 0.486631
0.036170 0.486461
0.036360 0.486291
0.037880 0.486120
0.039399 0.485950
0.040729 0.485950
0.042438 0.485779
0.044718 0.485609
0.044908 0.485438
0.049086 0.485268
0.053265 0.485268
0.059913 0.485097
0.071310 0.484927
0.071500 0.485097
0.077958 0.485268
0.084226 0.485268
0.086885 0.485438
0.089164 0.485609
0.089354 0.485779
0.091254 0.485950
0.092583 0.485950
0.094103 0.486120
0.095622 0.486291
0.095812 0.486461
0.096572 0.486291
0.096762 0.486291
0.096952 0.485950
0.095812 0.485097
0.095622 0.485097
0.095242 0.484927
0.094483 0.484586
0.094293 0.484416
0.093913 0.484245
0.093723 0.484245
0.093343 0.484075
0.092963 0.483904
0.092773 0.483734
0.092203 0.483563
0.092013 0.483563
0.091634 0.483393
0.091254 0.483222
0.091064 0.483052
0.090684 0.482881
0.090304 0.482881
0.089924 0.482711
0.089544 0.482541
0.089354 0.482370
0.088974 0.482200
0.088594 0.482200
0.088215 0.482029
0.087645 0.481859
0.087455 0.481688
0.087075 0.481518
0.086505 0.481347
0.086125 0.481347
0.085745 0.481177
0.085555 0.481006
0.084986 0.480836
0.084416 0.480666
0.084036 0.480666
0.083656 0.480495
0.083466 0.480325
0.082896 0.480154
0.082326 0.479984
0.081757 0.479984
0.081187 0.479813
0.080997 0.479643
0.080427 0.479472
0.079857 0.479302
0.079287 0.479302
0.078527 0.479131
0.078338 0.478961
0.077578 0.478791
0.076818 0.478620
0.076058 0.478620
0.075298 0.478450
0.075109 0.478279
0.074349 0.478109
0.073399 0.477938
0.072639 0.477938
0.071880 0.477768
0.070930 0.477597
0.070740 0.477427
0.069980 0.477256
0.069220 0.477256
0.068651 0.477086
0.068081 0.476916
0.067891 0.476745
0.067131 0.476575
0.066941 0.476575
0.066751 0.475893
[SKELETON]
0.094177 0.485271
0.093276 0.485053
0.093276 0.485053
0.092377 0.484840
0.092377 0.484840
0.091479 0.484633
0.091479 0.484633
0.090581 0.484430
0.090581 0.484430
0.089685 0.484233
0.089685 0.484233
0.088790 0.484041
0.087895 0.483854
0.087895 0.483854
0.087001 0.483672
0.087001 0.483672
0.086108 0.483495
0.086108 0.483495
0.085216 0.483323
0.085216 0.483323
0.084324 0.483156
0.084324 0.483156
0.083433 0.482994
0.083433 0.482994
0.082543 0.482837
0.081653 0.482686
0.081653 0.482686
0.080764 0.482539
0.080764 0.482539
0.079875 0.482397
0.079875 0.482397
0.078987 0.482260
0.078987 0.482260
0.078099 0.482128
0.078099 0.482128
0.077212 0.482001
0.076325 0.481879
0.076325 0.481879
0.075438 0.481762
0.075438 0.481762
0.074551 0.481650
0.074551 0.481650
0.073665 0.481542
0.073665 0.481542
0.072779 0.481440
0.072779 0.481440
0.071893 0.481342
0.071007 0.481250
0.071007 0.481250
0.070122 0.481162
0.070122 0.481162
0.069236 0.481079
0.069236 0.481079
0.068350 0.481000
0.068350 0.481000
0.067465 0.480927
0.067465 0.480927
0.066579 0.480858
0.066579 0.480858
0.065693 0.480794
0.064807 0.480735
0.064807 0.480735
0.063920 0.480681
0.063920 0.480681
0.063034 0.480631
0.063034 0.480631
0.062147 0.480587
0.062147 0.480587
0.061260 0.480546
0.061260 0.480546
0.060373 0.480511
0.059485 0.480480
0.059485 0.480480
0.058597 0.480454
0.058597 0.480454
0.057708 0.480433
0.057708 0.480433
0.056819 0.480416
0.056819 0.480416
0.055929 0.480404
0.055929 0.480404
0.055038 0.480396
0.054147 0.480393
0.054147 0.480393
0.053256 0.480395
0.053256 0.480395
0.052363 0.480401
0.052363 0.480401
0.051470 0.480412
0.051470 0.480412
0.050576 0.480428
0.050576 0.480428
0.049682 0.480448
0.049682 0.480448
0.048786 0.480472
0.047890 0.480501
0.047890 0.480501
0.046992 0.480535
0.046992 0.480535
0.046094 0.480573
0.046094 0.480573
0.045194 0.480616
0.045194 0.480616
0.044294 0.480663
0.044294 0.480663
0.043393 0.480715
0.042491 0.480771
0.042491 0.480771
0.041589 0.480832
0.041589 0.480832
0.040687 0.480898
0.040687 0.480898
0.039784 0.480969
0.039784 0.480969
0.038881 0.481045
0.038881 0.481045
0.037978 0.481126
0.037978 0.481126
0.037075 0.481211
0.036172 0.481302
0.036172 0.481302
0.035270 0.481398
0.035270 0.481398
0.034368 0.481499
0.034368 0.481499
0.033467 0.481605
0.033467 0.481605
0.032566 0.481717
0.032566 0.481717
0.031667 0.481834
0.030768 0.481956
0.030768 0.481956
0.029871 0.482084
0.029871 0.482084
0.028974 0.482218
0.028974 0.482218
0.028080 0.482357
0.028080 0.482357
0.027186 0.482501
0.027186 0.482501
0.026294 0.482651
0.025404 0.482808
0.025404 0.482808
0.024516 0.482970
0.024516 0.482970
0.023630 0.483137
0.023630 0.483137
0.022746 0.483311
0.022746 0.483311
0.021864 0.483491
0.021864 0.483491
0.020985 0.483677
0.020985 0.483677
0.020108 0.483868
0.019233 0.484066
0.019233 0.484066
0.018360 0.484270
0.018360 0.484270
0.017491 0.484479
0.017491 0.484479
0.016623 0.484695
0.016623 0.484695
0.015758 0.484916
0.015758 0.484916
0.014896 0.485144
0.014036 0.485377
0.014036 0.485377
0.013179 0.485616
0.013179 0.485616
0.012325 0.485861
0.012325 0.485861
0.011473 0.486112
0.011473 0.486112
0.010624 0.486369
0.010624 0.486369
0.009779 0.486632
0.008945 0.486908
0.008945 0.486908
0.008134 0.487205
0.008134 0.487205
0.007356 0.487531
0.007356 0.487531
0.006622 0.487895
0.006622 0.487895
0.005944 0.488306
0.005944 0.488306
0.005332 0.488773
0.005332 0.488773
0.004799 0.489303
0.004354 0.489906
0.004354 0.489906
0.004009 0.490589
0.004009 0.490589
0.003775 0.491363
0.003775 0.491363
0.003663 0.492234
0.003663 0.492234
0.003684 0.493213
0.003684 0.493213
0.003849 0.494306
