[CONTOUR]
0.355257 0.090816
0.356013 0.092171
0.358278 0.093527
0.360544 0.095221
0.362055 0.095899
0.364320 0.097593
0.366586 0.098949
0.368474 0.099966
0.370740 0.101660
0.373006 0.103015
0.374516 0.103693
0.375649 0.104371
0.377537 0.105388
0.378670 0.105726
0.379803 0.106404
0.381313 0.106743
0.382824 0.107421
0.383957 0.108099
0.385467 0.108438
0.387355 0.109115
0.388488 0.109793
0.389999 0.110132
0.392264 0.110810
0.393397 0.111487
0.394530 0.111826
0.396041 0.112504
0.397551 0.113182
0.398684 0.113521
0.400194 0.114198
0.401705 0.114876
0.403215 0.115215
0.404348 0.115893
0.405859 0.116232
0.407369 0.116909
0.408502 0.117587
0.409635 0.117926
0.411901 0.118943
0.413411 0.119959
0.414544 0.120298
0.416055 0.120976
0.417565 0.121993
0.418698 0.122332
0.419831 0.123009
0.421719 0.124026
0.422852 0.124365
0.423985 0.125043
0.425495 0.125720
0.426628 0.126059
0.427761 0.126737
0.429271 0.127415
0.430782 0.128093
0.431915 0.128770
0.433048 0.129109
0.434558 0.129787
0.436069 0.130804
0.437202 0.131142
0.439090 0.132159
0.440600 0.133176
0.441733 0.133515
0.443243 0.134531
0.445132 0.135548
0.446264 0.135887
0.447775 0.136903
0.449285 0.137581
0.450418 0.137920
0.451929 0.138937
0.453439 0.139614
0.454572 0.139953
0.455705 0.140631
0.456838 0.140970
0.458348 0.141648
0.459859 0.142664
0.460992 0.143003
0.462880 0.143681
0.464768 0.144698
0.465901 0.145037
0.467411 0.145714
0.468922 0.146392
0.470055 0.146731
0.471188 0.147409
0.473076 0.148086
0.474586 0.148425
0.476097 0.149103
0.477985 0.149781
0.479873 0.150120
0.481383 0.150797
0.483649 0.151136
0.486293 0.151814
0.488181 0.152492
0.492334 0.152831
0.496866 0.153509
0.500642 0.154186
0.502908 0.155542
0.523300 0.153847
0.524810 0.153170
0.527076 0.152831
0.530474 0.153170
0.531985 0.153847
0.533873 0.154186
0.535761 0.155542
0.539537 0.153847
0.542936 0.153509
0.544446 0.152831
0.546335 0.150459
0.544446 0.149103
0.542936 0.148764
0.541425 0.148086
0.537649 0.147409
0.531607 0.147070
0.528964 0.146392
0.524055 0.145714
0.513859 0.145375
0.510083 0.144698
0.505174 0.144020
0.500642 0.143681
0.498376 0.143003
0.494978 0.142664
0.491579 0.141987
0.489691 0.141309
0.487803 0.140970
0.485537 0.140292
0.484404 0.139614
0.482894 0.139276
0.481761 0.138598
0.479873 0.137920
0.478740 0.137581
0.477607 0.136903
0.475719 0.136226
0.474586 0.135887
0.473453 0.135209
0.471565 0.134192
0.469677 0.133515
0.468544 0.132837
0.467411 0.132498
0.465523 0.131481
0.464390 0.130804
0.462880 0.130126
0.461369 0.129448
0.460237 0.128770
0.459104 0.128431
0.457216 0.127415
0.456083 0.126737
0.454950 0.126398
0.453817 0.125720
0.451929 0.124704
0.450796 0.124365
0.449663 0.123687
0.448153 0.123009
0.447020 0.122670
0.445887 0.121993
0.444754 0.121654
0.443243 0.120976
0.442111 0.120298
0.440978 0.119959
0.439090 0.119282
0.437957 0.118604
0.436824 0.118265
0.435313 0.117587
0.434181 0.116909
0.433048 0.116571
0.431915 0.115893
0.430404 0.115215
0.428139 0.114537
0.426628 0.113860
0.423985 0.112843
0.422474 0.112504
0.421341 0.111826
0.419831 0.111149
0.418698 0.110810
0.417565 0.110132
0.416055 0.109454
0.414167 0.108438
0.412278 0.107082
0.410768 0.106743
0.408880 0.106065
0.407369 0.105388
0.405481 0.105049
0.403971 0.104371
0.401327 0.103693
0.399062 0.103354
0.397173 0.102677
0.394530 0.101999
0.392264 0.101660
0.390376 0.100982
0.388111 0.100304
0.385467 0.099966
0.383579 0.099288
0.380558 0.098949
0.377537 0.098271
0.376027 0.097593
0.373761 0.097254
0.371495 0.096577
0.369985 0.095899
0.368474 0.095560
0.366586 0.094882
0.365453 0.094205
0.363943 0.093866
0.362810 0.093188
0.361299 0.092510
0.360166 0.090816
[SKELETON]
0.359191 0.093324
0.360741 0.094103
0.360741 0.094103
0.362302 0.094859
0.362302 0.094859
0.363873 0.095593
0.363873 0.095593
0.365455 0.096307
0.367046 0.097000
0.367046 0.097000
0.368645 0.097676
0.368645 0.097676
0.370252 0.098335
0.370252 0.098335
0.371867 0.098979
0.371867 0.098979
0.373489 0.099608
0.375117 0.100224
0.375117 0.100224
0.376750 0.100829
0.376750 0.100829
0.378389 0.101423
0.378389 0.101423
0.380031 0.102008
0.381678 0.102586
0.381678 0.102586
0.383327 0.103156
0.383327 0.103156
0.384979 0.103722
0.384979 0.103722
0.386633 0.104283
0.386633 0.104283
0.388288 0.104842
0.389943 0.105399
0.389943 0.105399
0.391598 0.105956
0.391598 0.105956
0.393253 0.106515
0.393253 0.106515
0.394906 0.107076
0.396558 0.107640
0.396558 0.107640
0.398207 0.108210
0.398207 0.108210
0.399853 0.108785
0.399853 0.108785
0.401495 0.109369
0.401495 0.109369
0.403132 0.109961
0.404765 0.110563
0.404765 0.110563
0.406392 0.111177
0.406392 0.111177
0.408013 0.111802
0.408013 0.111802
0.409628 0.112439
0.411238 0.113087
0.411238 0.113087
0.412843 0.113745
0.412843 0.113745
0.414444 0.114413
0.414444 0.114413
0.416039 0.115091
0.416039 0.115091
0.417631 0.115777
0.419219 0.116472
0.419219 0.116472
0.420802 0.117174
0.420802 0.117174
0.422383 0.117884
0.422383 0.117884
0.423960 0.118601
0.425535 0.119324
0.425535 0.119324
0.427107 0.120052
0.427107 0.120052
0.428677 0.120786
0.428677 0.120786
0.430244 0.121525
0.430244 0.121525
0.431810 0.122268
0.433375 0.123015
0.433375 0.123015
0.434938 0.123765
0.434938 0.123765
0.436501 0.124518
0.436501 0.124518
0.438063 0.125274
0.439624 0.126030
0.439624 0.126030
0.441186 0.126789
0.441186 0.126789
0.442747 0.127548
0.442747 0.127548
0.444309 0.128307
0.444309 0.128307
0.445872 0.129065
0.447436 0.129823
0.447436 0.129823
0.449002 0.130580
0.449002 0.130580
0.450568 0.131335
0.450568 0.131335
0.452137 0.132088
0.453708 0.132837
0.453708 0.132837
0.455281 0.133583
0.455281 0.133583
0.456858 0.134324
0.456858 0.134324
0.458437 0.135059
0.458437 0.135059
0.460019 0.135788
0.461605 0.136509
0.461605 0.136509
0.463196 0.137221
0.463196 0.137221
0.464790 0.137924
0.464790 0.137924
0.466389 0.138617
0.467993 0.139297
0.467993 0.139297
0.469602 0.139966
0.469602 0.139966
0.471216 0.140621
0.471216 0.140621
0.472837 0.141262
0.472837 0.141262
0.474463 0.141888
0.476096 0.142498
0.476096 0.142498
0.477735 0.143091
0.477735 0.143091
0.479381 0.143665
0.479381 0.143665
0.481035 0.144221
0.482696 0.144757
0.482696 0.144757
0.484365 0.145271
0.484365 0.145271
0.486043 0.145765
0.486043 0.145765
0.487728 0.146235
0.487728 0.146235
0.489423 0.146681
0.491127 0.147103
0.491127 0.147103
0.492840 0.147500
0.492840 0.147500
0.494562 0.147870
0.494562 0.147870
0.496295 0.148212
0.498038 0.148526
0.498038 0.148526
0.499792 0.148811
0.499792 0.148811
0.501555 0.149068
0.501555 0.149068
0.503327 0.149299
0.503327 0.149299
0.505107 0.149505
0.506895 0.149688
0.506895 0.149688
0.508689 0.149848
0.508689 0.149848
0.510489 0.149988
0.510489 0.149988
0.512295 0.150108
0.514104 0.150211
0.514104 0.150211
0.515917 0.150298
0.515917 0.150298
0.517733 0.150369
0.517733 0.150369
0.519550 0.150427
0.519550 0.150427
0.521369 0.150473
0.523189 0.150509
0.523189 0.150509
0.525007 0.150535
0.525007 0.150535
0.526825 0.150554
0.526825 0.150554
0.528641 0.150566
0.530454 0.150573
0.530454 0.150573
0.532263 0.150577
0.532263 0.150577
0.534068 0.150578
0.534068 0.150578
0.535868 0.150579
0.535868 0.150579
0.537662 0.150581
0.539450 0.150586
0.539450 0.150586
0.541230 0.150593
0.541230 0.150593
0.543002 0.150606
0.543002 0.150606
0.544765 0.150626
