[CONTOUR]
0.506395 0.751425
0.507268 0.753774
0.510322 0.756907
0.512505 0.758474
0.514250 0.759649
0.515559 0.760432
0.516869 0.761216
0.518178 0.761999
0.519487 0.762782
0.521233 0.763957
0.522978 0.765132
0.524724 0.766307
0.526033 0.767090
0.527779 0.768265
0.529525 0.769440
0.530398 0.769832
0.532143 0.771006
0.533016 0.771398
0.534762 0.772573
0.535634 0.772965
0.537380 0.773748
0.538689 0.774531
0.539999 0.775315
0.541308 0.776098
0.542181 0.776489
0.543490 0.777273
0.544363 0.777664
0.545236 0.778056
0.546108 0.778448
0.547854 0.779231
0.548727 0.779623
0.549600 0.780014
0.550473 0.780406
0.551782 0.780797
0.552655 0.781189
0.554400 0.781972
0.555710 0.782364
0.556582 0.782756
0.557455 0.783147
0.558764 0.783539
0.560074 0.783931
0.560947 0.784322
0.561819 0.784714
0.563129 0.785106
0.564438 0.785497
0.565747 0.785889
0.566620 0.786280
0.567929 0.786672
0.569675 0.787064
0.570984 0.787455
0.571857 0.787847
0.573603 0.788239
0.575785 0.788630
0.577967 0.789022
0.579712 0.789414
0.581894 0.789805
0.584513 0.790197
0.587131 0.790588
0.589750 0.790980
0.593241 0.791372
0.598915 0.792155
0.603715 0.792547
0.608516 0.792938
0.625972 0.793330
0.648666 0.793722
0.658267 0.794113
0.663504 0.794505
0.667432 0.794897
0.670923 0.795288
0.673978 0.795680
0.676596 0.796071
0.678778 0.796463
0.681833 0.796855
0.684015 0.797246
0.686198 0.797638
0.688816 0.798030
0.691435 0.798421
0.693617 0.798813
0.696235 0.799205
0.699290 0.799596
0.704091 0.799988
0.711073 0.800379
0.718929 0.799988
0.725475 0.799596
0.724602 0.799205
0.723729 0.798813
0.722856 0.798421
0.721547 0.798030
0.719365 0.797638
0.717619 0.797246
0.716310 0.796855
0.714564 0.796463
0.712819 0.796071
0.711510 0.795680
0.710200 0.795288
0.708891 0.794897
0.708018 0.794505
0.706709 0.794113
0.705400 0.793722
0.704091 0.793330
0.702345 0.792938
0.701036 0.792547
0.699726 0.792155
0.698417 0.791763
0.697544 0.791372
0.696235 0.790980
0.694926 0.790588
0.693617 0.790197
0.692307 0.789805
0.690998 0.789414
0.689252 0.789022
0.688380 0.788630
0.687070 0.788239
0.685761 0.787847
0.684452 0.787455
0.682706 0.787064
0.681397 0.786672
0.680088 0.786280
0.677906 0.785889
0.676160 0.785497
0.674414 0.785106
0.672669 0.784714
0.670050 0.784322
0.667868 0.783931
0.665686 0.783539
0.663068 0.783147
0.658267 0.782756
0.653466 0.782364
0.645611 0.781972
0.616371 0.781581
0.611134 0.781189
0.608079 0.780797
0.605024 0.780406
0.602406 0.780014
0.598915 0.779623
0.596296 0.779231
0.594550 0.778839
0.591932 0.778448
0.588441 0.778056
0.585822 0.777664
0.582331 0.776881
0.580149 0.776489
0.577094 0.776098
0.574475 0.775706
0.572293 0.775315
0.570548 0.774923
0.568366 0.774531
0.567056 0.774140
0.565747 0.773748
0.564438 0.773356
0.562692 0.772965
0.561383 0.772573
0.560510 0.772181
0.559201 0.771790
0.557892 0.771398
0.557019 0.771006
0.555710 0.770615
0.554837 0.770223
0.553527 0.769832
0.552655 0.769440
0.551782 0.769048
0.550473 0.768657
0.549600 0.768265
0.548727 0.767873
0.547854 0.767482
0.546981 0.767090
0.545672 0.766698
0.544363 0.765915
0.543490 0.765524
0.542617 0.765132
0.541744 0.764740
0.540871 0.764349
0.539999 0.763957
0.539126 0.763565
0.538253 0.763174
0.537380 0.762782
0.536507 0.762390
0.535198 0.761999
0.534325 0.761607
0.533452 0.761216
0.531707 0.760824
0.530834 0.760432
0.529088 0.759649
0.528215 0.759257
0.526906 0.758866
0.526033 0.758474
0.525161 0.758082
0.524288 0.757691
0.523415 0.757299
0.522542 0.756907
0.521669 0.756516
0.520360 0.756124
0.519487 0.755733
0.518178 0.755341
0.516869 0.754949
0.515996 0.754558
0.515123 0.754166
0.514250 0.753774
0.512941 0.753383
0.512068 0.751425
[SKELETON]
0.509398 0.751892
0.510985 0.753107
0.510985 0.753107
0.512589 0.754298
0.512589 0.754298
0.514208 0.755465
0.514208 0.755465
0.515843 0.756610
0.515843 0.756610
0.517494 0.757731
0.517494 0.757731
0.519160 0.758829
0.519160 0.758829
0.520840 0.759904
0.520840 0.759904
0.522535 0.760956
0.524245 0.761986
0.524245 0.761986
0.525968 0.762993
0.525968 0.762993
0.527706 0.763977
0.527706 0.763977
0.529456 0.764939
0.529456 0.764939
0.531220 0.765880
0.531220 0.765880
0.532997 0.766798
0.532997 0.766798
0.534787 0.767694
0.534787 0.767694
0.536589 0.768568
0.538403 0.769421
0.538403 0.769421
0.540229 0.770252
0.540229 0.770252
0.542066 0.771061
0.542066 0.771061
0.543914 0.771850
0.543914 0.771850
0.545774 0.772617
0.545774 0.772617
0.547644 0.773363
0.547644 0.773363
0.549525 0.774088
0.549525 0.774088
0.551416 0.774793
0.553316 0.775477
0.553316 0.775477
0.555227 0.776140
0.555227 0.776140
0.557146 0.776783
0.557146 0.776783
0.559075 0.777405
0.559075 0.777405
0.561012 0.778008
0.561012 0.778008
0.562958 0.778590
0.562958 0.778590
0.564912 0.779153
0.564912 0.779153
0.566874 0.779695
0.566874 0.779695
0.568844 0.780218
0.570821 0.780722
0.570821 0.780722
0.572805 0.781206
0.572805 0.781206
0.574795 0.781671
0.574795 0.781671
0.576793 0.782116
0.576793 0.782116
0.578796 0.782543
0.578796 0.782543
0.580806 0.782951
0.580806 0.782951
0.582821 0.783339
0.582821 0.783339
0.584842 0.783710
0.586868 0.784062
0.586868 0.784062
0.588898 0.784395
0.588898 0.784395
0.590934 0.784710
0.590934 0.784710
0.592973 0.785007
0.592973 0.785007
0.595017 0.785286
0.595017 0.785286
0.597064 0.785547
0.597064 0.785547
0.599115 0.785790
0.599115 0.785790
0.601169 0.786016
0.603226 0.786224
0.603226 0.786224
0.605285 0.786415
0.605285 0.786415
0.607347 0.786588
0.607347 0.786588
0.609411 0.786744
0.609411 0.786744
0.611477 0.786884
0.611477 0.786884
0.613544 0.787006
0.613544 0.787006
0.615613 0.787113
0.615613 0.787113
0.617682 0.787204
0.619753 0.787283
0.619753 0.787283
0.621824 0.787350
0.621824 0.787350
0.623896 0.787408
0.623896 0.787408
0.625968 0.787458
0.625968 0.787458
0.628040 0.787501
0.628040 0.787501
0.630112 0.787539
0.630112 0.787539
0.632184 0.787575
0.632184 0.787575
0.634255 0.787608
0.636326 0.787642
0.636326 0.787642
0.638396 0.787678
0.638396 0.787678
0.640464 0.787717
0.640464 0.787717
0.642532 0.787761
0.642532 0.787761
0.644598 0.787812
0.644598 0.787812
0.646663 0.787871
0.646663 0.787871
0.648725 0.787940
0.648725 0.787940
0.650786 0.788021
0.652845 0.788114
0.652845 0.788114
0.654901 0.788223
0.654901 0.788223
0.656954 0.788348
0.656954 0.788348
0.659005 0.788491
0.659005 0.788491
0.661053 0.788655
0.661053 0.788655
0.663098 0.788839
0.663098 0.788839
0.665139 0.789047
0.665139 0.789047
0.667177 0.789279
0.667177 0.789279
0.669211 0.789535
0.671242 0.789814
0.671242 0.789814
0.673270 0.790115
0.673270 0.790115
0.675295 0.790437
0.675295 0.790437
0.677318 0.790777
0.677318 0.790777
0.679338 0.791136
0.679338 0.791136
0.681357 0.791511
0.681357 0.791511
0.683373 0.791902
0.683373 0.791902
0.685387 0.792306
0.687400 0.792724
0.687400 0.792724
0.689412 0.793153
0.689412 0.793153
0.691423 0.793592
0.691423 0.793592
0.693433 0.794040
0.693433 0.794040
0.695442 0.794496
0.695442 0.794496
0.697451 0.794959
0.697451 0.794959
0.699459 0.795426
0.699459 0.795426
0.701468 0.795898
0.703477 0.796372
0.703477 0.796372
0.705486 0.796847
0.705486 0.796847
0.707497 0.797322
0.707497 0.797322
0.709507 0.797797
0.709507 0.797797
0.711520 0.798268
0.711520 0.798268
0.713533 0.798736
0.713533 0.798736
0.715548 0.799199
0.715548 0.799199
0.717565 0.799656
