[CONTOUR]
0.108755 0.697370
0.108448 0.697646
0.106910 0.697646
0.106910 0.699302
0.108140 0.699302
0.108448 0.699578
0.108755 0.699578
0.109063 0.699854
0.109370 0.699854
0.109678 0.700130
0.109986 0.700130
0.110293 0.700406
0.110601 0.700406
0.110908 0.700682
0.111216 0.700682
0.111523 0.700958
0.111831 0.700958
0.112138 0.701234
0.112446 0.701234
0.112753 0.701510
0.113368 0.701510
0.113676 0.701786
0.113983 0.701786
0.114291 0.702062
0.114598 0.702062
0.114906 0.702338
0.115521 0.702338
0.115829 0.702614
0.116136 0.702614
0.116444 0.702890
0.116751 0.702890
0.117059 0.703166
0.117366 0.703166
0.117674 0.703442
0.117981 0.703442
0.118289 0.703718
0.118904 0.703718
0.119211 0.703994
0.119519 0.703994
0.119826 0.704269
0.120134 0.704269
0.120441 0.704545
0.121056 0.704545
0.121364 0.704821
0.121671 0.704821
0.121979 0.705097
0.122594 0.705097
0.122902 0.705373
0.123209 0.705373
0.123517 0.705649
0.124132 0.705649
0.124439 0.705925
0.124747 0.705925
0.125054 0.706201
0.125669 0.706201
0.125977 0.706477
0.126284 0.706477
0.126592 0.706753
0.127207 0.706753
0.127514 0.707029
0.128130 0.707029
0.128437 0.707305
0.129052 0.707305
0.129360 0.707581
0.129667 0.707581
0.129975 0.707857
0.130590 0.707857
0.130897 0.708133
0.131512 0.708133
0.131820 0.708409
0.132742 0.708409
0.133050 0.708685
0.133665 0.708685
0.133973 0.708961
0.134895 0.708961
0.135203 0.709237
0.136125 0.709237
0.136433 0.709513
0.137355 0.709513
0.137663 0.709789
0.138278 0.709789
0.138585 0.710065
0.139815 0.710065
0.140123 0.710341
0.141046 0.710341
0.141353 0.710617
0.142583 0.710617
0.142891 0.710893
0.143813 0.710893
0.144121 0.711169
0.145658 0.711169
0.145966 0.711445
0.147811 0.711445
0.148119 0.711721
0.149656 0.711721
0.149964 0.711997
0.151809 0.711997
0.152116 0.712273
0.154577 0.712273
0.154884 0.712549
0.157037 0.712549
0.157344 0.712825
0.159497 0.712825
0.159805 0.713101
0.164725 0.713101
0.165033 0.712825
0.165955 0.712825
0.166263 0.712549
0.166878 0.712549
0.167185 0.712273
0.167800 0.712273
0.168723 0.711445
0.168723 0.708133
0.168415 0.707857
0.168415 0.707305
0.168108 0.707029
0.168108 0.706477
0.167800 0.706201
0.167800 0.705097
0.167493 0.704821
0.167493 0.704269
0.166263 0.703166
0.165955 0.703166
0.165648 0.702890
0.165033 0.702890
0.164725 0.702614
0.159497 0.702614
0.159190 0.702338
0.156114 0.702338
0.155807 0.702062
0.153347 0.702062
0.153039 0.701786
0.149656 0.701786
0.149349 0.701510
0.146889 0.701510
0.146581 0.701234
0.145043 0.701234
0.144736 0.700958
0.143198 0.700958
0.142891 0.700682
0.140738 0.700682
0.140431 0.700406
0.138585 0.700406
0.138278 0.700130
0.136740 0.700130
0.136433 0.699854
0.134588 0.699854
0.134280 0.699578
0.132435 0.699578
0.132127 0.699302
0.130590 0.699302
0.130282 0.699026
0.128437 0.699026
0.128130 0.698750
0.125669 0.698750
0.125362 0.698474
0.122902 0.698474
0.122594 0.698198
0.120441 0.698198
0.120134 0.697922
0.116751 0.697922
0.116444 0.697646
0.113061 0.697646
0.112753 0.697370
[CONTOUR]
0.262211 0.625617
0.261903 0.626721
0.261596 0.627273
0.261288 0.628101
0.260365 0.629205
0.260058 0.629756
0.259750 0.630308
0.259135 0.631136
0.258828 0.631688
0.258520 0.632240
0.258213 0.632792
0.257905 0.633344
0.257598 0.634172
0.257290 0.635000
0.256983 0.635552
0.256675 0.636104
0.256368 0.636656
0.255753 0.637484
0.255445 0.638312
0.255137 0.638864
0.254830 0.639416
0.254522 0.640244
0.254215 0.640795
0.253600 0.641623
0.253292 0.642175
0.252985 0.642727
0.252370 0.643555
0.252062 0.644383
0.251755 0.644935
0.251447 0.645763
0.251140 0.646591
0.250832 0.647971
0.250525 0.648523
0.250217 0.649351
0.249910 0.650179
0.249295 0.651282
0.248987 0.652110
0.248679 0.653490
0.248372 0.654870
0.248064 0.656250
0.247757 0.657906
0.247449 0.658734
0.247142 0.659562
0.246834 0.660390
0.246219 0.661494
0.245912 0.662321
0.245604 0.663149
0.245297 0.663977
0.244989 0.664805
0.244682 0.665909
0.244374 0.667013
0.244067 0.667565
0.243759 0.668393
0.243452 0.669497
0.242836 0.670601
0.242529 0.671429
0.242221 0.672256
0.241914 0.673084
0.241606 0.674740
0.241299 0.675568
0.240991 0.676396
0.240684 0.677224
0.240376 0.677776
0.239761 0.678880
0.239454 0.679708
0.239146 0.680260
0.238839 0.680812
0.238531 0.681364
0.238224 0.682192
0.237916 0.682744
0.237609 0.683295
0.237301 0.683847
0.236686 0.684675
0.236071 0.685503
0.235763 0.686055
0.235148 0.686883
0.234533 0.687711
0.230228 0.691575
0.229305 0.692679
0.228998 0.693231
0.228383 0.694058
0.227460 0.695438
0.226538 0.695990
0.225923 0.696266
0.224692 0.696818
0.223155 0.697094
0.221310 0.697646
0.217004 0.697922
0.215774 0.698198
0.214852 0.698474
0.214237 0.698750
0.213007 0.699026
0.212391 0.699302
0.211469 0.699578
0.210854 0.699854
0.209931 0.700406
0.209009 0.700682
0.208086 0.700958
0.207471 0.701234
0.206856 0.701510
0.205011 0.701786
0.203781 0.702062
0.202243 0.702338
0.200398 0.702614
0.197015 0.702890
0.182869 0.703442
0.181331 0.703718
0.180716 0.703994
0.180409 0.704545
0.180101 0.705649
0.179794 0.707305
0.179486 0.708409
0.179179 0.708961
0.178871 0.709789
0.178256 0.711445
0.178564 0.711997
0.179794 0.713653
0.180409 0.713929
0.181639 0.714205
0.192402 0.714481
0.198245 0.714756
0.203781 0.714481
0.205933 0.714205
0.208086 0.713653
0.209624 0.713377
0.211161 0.713101
0.212391 0.712825
0.213622 0.712549
0.215774 0.712273
0.216697 0.711997
0.217619 0.711721
0.218849 0.711445
0.220387 0.710893
0.221310 0.710617
0.222232 0.710341
0.223155 0.710065
0.224077 0.709513
0.224692 0.708961
0.225308 0.708685
0.227460 0.708133
0.228075 0.707857
0.228998 0.707581
0.230228 0.707029
0.230843 0.706753
0.231458 0.706477
0.232381 0.706201
0.233611 0.705925
0.234533 0.705649
0.235456 0.705097
0.236071 0.704821
0.236993 0.704269
0.238839 0.702890
0.239761 0.702338
0.240991 0.701510
0.242529 0.700406
0.244067 0.699302
0.246834 0.696818
0.248372 0.695162
0.248987 0.694334
0.249602 0.693506
0.250525 0.692403
0.250832 0.691851
0.251140 0.691299
0.251447 0.690747
0.251755 0.690195
0.252062 0.689091
0.252370 0.688539
0.252677 0.687711
0.252985 0.686883
0.253600 0.685779
0.253907 0.685227
0.254215 0.684399
0.254522 0.683571
0.254830 0.682744
0.255137 0.681088
0.255445 0.679708
0.255753 0.678604
0.256060 0.677500
0.256368 0.676396
0.256983 0.675016
0.257290 0.673636
0.257598 0.672256
0.257905 0.670877
0.258213 0.667013
0.258520 0.665081
0.258828 0.662873
0.259135 0.659562
0.259443 0.655974
0.260058 0.650455
0.260365 0.648523
0.260673 0.643003
0.260980 0.640795
0.260673 0.637208
0.260980 0.633068
0.261288 0.631688
0.261596 0.630860
0.261903 0.629756
0.262518 0.628377
0.263133 0.627549
0.264056 0.625617
[SKELETON]
0.260896 0.631290
0.260343 0.632458
0.260343 0.632458
0.259820 0.633639
0.259327 0.634832
0.259327 0.634832
0.258861 0.636037
0.258420 0.637252
0.258005 0.638478
0.258005 0.638478
0.257611 0.639713
0.257239 0.640958
0.257239 0.640958
0.256887 0.642210
0.256552 0.643470
0.256552 0.643470
0.256233 0.644738
0.255930 0.646012
0.255639 0.647291
0.255639 0.647291
0.255360 0.648576
0.255091 0.649865
0.255091 0.649865
0.254830 0.651158
0.254576 0.652454
0.254576 0.652454
0.254327 0.653753
0.254081 0.655054
0.253838 0.656356
0.253838 0.656356
0.253595 0.657659
0.253351 0.658961
0.253351 0.658961
0.253104 0.660263
0.252852 0.661564
0.252852 0.661564
0.252595 0.662863
0.252330 0.664160
0.252055 0.665453
0.252055 0.665453
0.251770 0.666742
0.251473 0.668027
0.251473 0.668027
0.251162 0.669307
0.250835 0.670581
0.250835 0.670581
0.250491 0.671849
0.250128 0.673110
0.249745 0.674363
0.249745 0.674363
0.249340 0.675608
0.248912 0.676844
0.248912 0.676844
0.248458 0.678070
0.247978 0.679286
0.247978 0.679286
0.247469 0.680491
0.246931 0.681685
0.246361 0.682867
0.246361 0.682867
0.245758 0.684036
0.245121 0.685191
0.245121 0.685191
0.244447 0.686333
0.243735 0.687459
0.243735 0.687459
0.242986 0.688569
0.242199 0.689661
0.242199 0.689661
0.241374 0.690731
0.240512 0.691778
0.239613 0.692800
0.239613 0.692800
0.238678 0.693794
0.237706 0.694758
0.237706 0.694758
0.236698 0.695690
0.235654 0.696587
0.235654 0.696587
0.234574 0.697448
0.233459 0.698270
0.232308 0.699052
0.232308 0.699052
0.231123 0.699790
0.229904 0.700485
0.229904 0.700485
0.228654 0.701140
0.227377 0.701755
0.227377 0.701755
0.226073 0.702335
0.224745 0.702879
0.223397 0.703391
0.223397 0.703391
0.222030 0.703874
0.220648 0.704327
0.220648 0.704327
0.219252 0.704755
0.217845 0.705159
0.217845 0.705159
0.216430 0.705541
0.215008 0.705903
0.213581 0.706245
0.213581 0.706245
0.212151 0.706567
0.210717 0.706869
0.210717 0.706869
0.209281 0.707150
0.207844 0.707411
0.207844 0.707411
0.206407 0.707652
0.204971 0.707873
0.203537 0.708073
0.203537 0.708073
0.202106 0.708252
0.200678 0.708410
0.200678 0.708410
0.199256 0.708548
0.197839 0.708665
0.197839 0.708665
0.196429 0.708762
0.195027 0.708837
0.193634 0.708891
0.193634 0.708891
0.192251 0.708924
0.190879 0.708936
0.190879 0.708936
0.189518 0.708926
0.188170 0.708896
0.188170 0.708896
0.186837 0.708843
0.185518 0.708770
0.183754 0.708697
0.183754 0.708697
0.181990 0.708625
0.180225 0.708553
0.180225 0.708553
0.178461 0.708481
0.176697 0.708408
0.176697 0.708408
0.174933 0.708336
0.173169 0.708264
0.173169 0.708264
0.171405 0.708192
0.169641 0.708119
0.167877 0.708047
0.167877 0.708047
0.166113 0.707975
0.164349 0.707903
0.164349 0.707903
0.162585 0.707830
0.161017 0.707757
0.161017 0.707757
0.159457 0.707667
0.157905 0.707561
0.156359 0.707440
0.156359 0.707440
0.154821 0.707304
0.153289 0.707153
0.153289 0.707153
0.151764 0.706988
0.150245 0.706810
0.150245 0.706810
0.148731 0.706619
0.147224 0.706416
0.145722 0.706201
0.145722 0.706201
0.144225 0.705974
0.142733 0.705737
0.142733 0.705737
0.141246 0.705489
0.139763 0.705232
0.139763 0.705232
0.138285 0.704965
0.136811 0.704690
0.135340 0.704407
0.135340 0.704407
0.133873 0.704115
0.132410 0.703817
0.132410 0.703817
0.130949 0.703512
0.129491 0.703201
0.129491 0.703201
0.128036 0.702884
0.126583 0.702562
0.125133 0.702236
0.125133 0.702236
0.123684 0.701905
0.122237 0.701571
0.122237 0.701571
0.120791 0.701234
0.119346 0.700894
0.119346 0.700894
0.117903 0.700553
0.116460 0.700210
0.115017 0.699866
0.115017 0.699866
0.113575 0.699521
0.112132 0.699177
0.112132 0.699177
0.110690 0.698833
