[CONTOUR]
0.365756 0.277719
0.365756 0.281380
0.367240 0.281380
0.368723 0.280049
0.368723 0.279716
0.368352 0.279383
0.368352 0.279050
0.367240 0.278052
0.367240 0.277719
[CONTOUR]
0.565268 0.228133
0.564897 0.229797
0.563784 0.230463
0.562672 0.231128
0.561930 0.231461
0.560818 0.232127
0.559334 0.233125
0.557851 0.234123
0.556368 0.234789
0.547097 0.243442
0.544501 0.246104
0.542647 0.248101
0.540792 0.250097
0.539680 0.251429
0.538196 0.253093
0.537084 0.254424
0.535230 0.256420
0.534117 0.257752
0.532634 0.259416
0.530780 0.261412
0.528925 0.263409
0.526330 0.266071
0.522621 0.269732
0.522250 0.270065
0.514834 0.276388
0.511496 0.279050
0.508900 0.281047
0.506675 0.282711
0.504450 0.284375
0.502967 0.285373
0.501113 0.286705
0.499629 0.287703
0.498146 0.288701
0.497033 0.289367
0.495550 0.290365
0.494437 0.291031
0.492583 0.292362
0.491100 0.293360
0.490358 0.293693
0.488875 0.294692
0.487762 0.295357
0.486650 0.296023
0.485537 0.296688
0.484425 0.297354
0.483312 0.298019
0.481829 0.299018
0.481087 0.299351
0.479975 0.300016
0.478862 0.300682
0.478120 0.301015
0.476637 0.301680
0.475895 0.302013
0.475154 0.302346
0.474041 0.302679
0.473300 0.303011
0.472187 0.303344
0.470704 0.303677
0.468479 0.304010
0.449566 0.304343
0.439182 0.304010
0.435845 0.303677
0.422865 0.304010
0.421382 0.304343
0.419528 0.304675
0.417674 0.305341
0.416190 0.305674
0.415449 0.306006
0.414707 0.306339
0.413594 0.306672
0.412482 0.307005
0.411369 0.307338
0.410257 0.307670
0.407661 0.308003
0.405436 0.308336
0.403582 0.308669
0.402469 0.309002
0.401357 0.309334
0.399873 0.309667
0.398761 0.310000
0.397277 0.310333
0.396165 0.310666
0.395052 0.310998
0.393940 0.311331
0.393198 0.311664
0.392086 0.311997
0.390973 0.312330
0.389490 0.312662
0.388377 0.312995
0.386523 0.313328
0.385040 0.313661
0.382444 0.313994
0.379848 0.314326
0.378365 0.314659
0.376881 0.315325
0.375027 0.315657
0.373173 0.315990
0.381331 0.316323
0.395794 0.315990
0.399873 0.315657
0.403211 0.315325
0.405436 0.314992
0.408403 0.314659
0.411369 0.314326
0.416932 0.313994
0.424720 0.314326
0.430282 0.314659
0.434361 0.314992
0.440295 0.315325
0.443262 0.315657
0.448453 0.315990
0.453274 0.316323
0.456983 0.316656
0.459579 0.316989
0.459949 0.318320
0.465141 0.317321
0.466995 0.316989
0.469591 0.316656
0.471816 0.316323
0.473670 0.315990
0.475525 0.315657
0.477008 0.315325
0.478491 0.314659
0.479604 0.314326
0.480716 0.313994
0.481829 0.313661
0.482571 0.313328
0.483312 0.312995
0.484054 0.312662
0.485166 0.312330
0.485908 0.311997
0.486650 0.311664
0.487762 0.310998
0.488504 0.310666
0.489246 0.310333
0.490358 0.309667
0.491471 0.309002
0.492954 0.308336
0.494067 0.307670
0.495179 0.307005
0.496292 0.306339
0.498146 0.305008
0.499258 0.304343
0.501113 0.303011
0.502596 0.302013
0.504450 0.300682
0.505933 0.299683
0.508900 0.297354
0.512609 0.294359
0.517800 0.290032
0.518171 0.289367
0.523734 0.284708
0.528925 0.279716
0.531521 0.277054
0.534117 0.274391
0.535601 0.272727
0.537084 0.271063
0.538196 0.269732
0.539680 0.268068
0.540792 0.266737
0.541534 0.265739
0.542647 0.264407
0.543388 0.263409
0.544501 0.262078
0.545242 0.261080
0.545984 0.259748
0.546726 0.258750
0.547467 0.257752
0.547838 0.257086
0.548580 0.256088
0.549322 0.255089
0.549692 0.254424
0.550434 0.253425
0.550805 0.252760
0.551547 0.251761
0.552288 0.250763
0.552659 0.250097
0.553030 0.249432
0.553772 0.248433
0.554513 0.247435
0.555255 0.246437
0.555626 0.245771
0.555997 0.245106
0.556738 0.244107
0.557109 0.243442
0.557851 0.242443
0.558222 0.241778
0.558593 0.241112
0.559334 0.240114
0.559705 0.239448
0.560076 0.238782
0.560818 0.237784
0.561188 0.237119
0.561559 0.236120
0.562672 0.234789
0.563043 0.234123
0.564155 0.232792
0.564897 0.231794
0.566009 0.230463
0.566380 0.229797
0.567122 0.228133
[SKELETON]
0.562364 0.231664
0.561288 0.233006
0.561288 0.233006
0.560214 0.234342
0.560214 0.234342
0.559144 0.235673
0.558077 0.236998
0.558077 0.236998
0.557011 0.238319
0.557011 0.238319
0.555947 0.239634
0.554885 0.240944
0.554885 0.240944
0.553823 0.242249
0.552761 0.243550
0.552761 0.243550
0.551699 0.244846
0.551699 0.244846
0.550636 0.246137
0.549572 0.247425
0.549572 0.247425
0.548507 0.248707
0.548507 0.248707
0.547439 0.249986
0.546369 0.251260
0.546369 0.251260
0.545296 0.252531
0.545296 0.252531
0.544219 0.253798
0.543139 0.255061
0.543139 0.255061
0.542054 0.256320
0.542054 0.256320
0.540964 0.257576
0.539869 0.258828
0.539869 0.258828
0.538768 0.260077
0.538768 0.260077
0.537661 0.261323
0.536547 0.262566
0.536547 0.262566
0.535426 0.263807
0.534297 0.265044
0.534297 0.265044
0.533160 0.266278
0.533160 0.266278
0.532014 0.267510
0.530860 0.268740
0.530860 0.268740
0.529696 0.269967
0.529696 0.269967
0.528522 0.271192
0.527338 0.272415
0.527338 0.272415
0.526142 0.273636
0.526142 0.273636
0.524936 0.274854
0.523717 0.276071
0.523717 0.276071
0.522487 0.277284
0.522487 0.277284
0.521246 0.278493
0.519992 0.279696
0.519992 0.279696
0.518727 0.280893
0.517450 0.282082
0.517450 0.282082
0.516161 0.283263
0.516161 0.283263
0.514861 0.284433
0.513548 0.285593
0.513548 0.285593
0.512223 0.286741
0.512223 0.286741
0.510887 0.287876
0.509538 0.288996
0.509538 0.288996
0.508177 0.290102
0.508177 0.290102
0.506804 0.291191
0.505419 0.292263
0.505419 0.292263
0.504022 0.293316
0.504022 0.293316
0.502613 0.294350
0.501191 0.295363
0.501191 0.295363
0.499758 0.296355
0.498311 0.297324
0.498311 0.297324
0.496853 0.298269
0.496853 0.298269
0.495382 0.299189
0.493899 0.300083
0.493899 0.300083
0.492403 0.300950
0.492403 0.300950
0.490895 0.301789
0.489375 0.302599
0.489375 0.302599
0.487841 0.303379
0.487841 0.303379
0.486296 0.304127
0.484737 0.304842
0.484737 0.304842
0.483166 0.305524
0.483166 0.305524
0.481583 0.306172
0.479986 0.306784
0.479986 0.306784
0.478377 0.307359
0.478377 0.307359
0.476755 0.307896
0.475120 0.308392
0.475120 0.308392
0.473470 0.308847
0.471806 0.309256
0.471806 0.309256
0.470127 0.309619
0.470127 0.309619
0.468432 0.309932
0.466720 0.310194
0.466720 0.310194
0.464992 0.310403
0.464992 0.310403
0.463249 0.310562
0.461492 0.310673
0.461492 0.310673
0.459722 0.310741
0.459722 0.310741
0.457942 0.310768
0.456152 0.310757
0.456152 0.310757
0.454355 0.310712
0.454355 0.310712
0.452551 0.310637
0.450742 0.310537
0.450742 0.310537
0.448928 0.310417
0.447113 0.310282
0.447113 0.310282
0.445295 0.310137
0.445295 0.310137
0.443477 0.309988
0.441660 0.309839
0.441660 0.309839
0.439844 0.309696
0.439844 0.309696
0.438032 0.309563
0.436225 0.309447
0.436225 0.309447
0.434422 0.309351
0.434422 0.309351
0.432627 0.309282
0.430839 0.309244
0.430839 0.309244
0.429060 0.309240
0.429060 0.309240
0.427288 0.309267
0.425524 0.309326
0.425524 0.309326
0.423767 0.309413
0.422016 0.309527
0.422016 0.309527
0.420271 0.309666
0.420271 0.309666
0.418531 0.309830
0.416796 0.310015
0.416796 0.310015
0.415065 0.310221
0.415065 0.310221
0.413337 0.310446
0.411613 0.310688
0.411613 0.310688
0.409890 0.310945
0.409890 0.310945
0.408170 0.311217
0.406451 0.311500
0.406451 0.311500
0.404734 0.311793
0.404734 0.311793
0.403016 0.312096
0.401298 0.312405
0.401298 0.312405
0.399579 0.312720
0.399579 0.312720
0.397860 0.313038
0.396138 0.313359
0.396138 0.313359
0.394414 0.313680
0.392686 0.314000
0.392686 0.314000
0.390956 0.314316
0.390956 0.314316
0.389221 0.314629
0.387482 0.314934
0.387482 0.314934
0.385738 0.315232
0.385738 0.315232
0.383988 0.315520
