[CONTOUR]
0.758226 0.629217
0.756503 0.630763
0.754493 0.631278
0.751908 0.631794
0.749898 0.632309
0.747888 0.632825
0.745878 0.633340
0.744442 0.633598
0.742719 0.634113
0.741283 0.634629
0.740134 0.635144
0.738698 0.635659
0.737550 0.636175
0.736114 0.636690
0.734965 0.637206
0.733816 0.637721
0.732381 0.638237
0.731232 0.638752
0.730083 0.639267
0.729222 0.639783
0.728073 0.640298
0.726924 0.640814
0.725776 0.641329
0.724627 0.641845
0.723191 0.642618
0.722042 0.643133
0.720606 0.643906
0.719171 0.644679
0.717448 0.645710
0.716012 0.646483
0.714289 0.647514
0.712566 0.648545
0.711704 0.648803
0.709981 0.649834
0.708545 0.650607
0.707109 0.651380
0.705673 0.652153
0.704238 0.652926
0.702802 0.653699
0.701653 0.654215
0.699930 0.654988
0.698494 0.655761
0.697345 0.656276
0.696197 0.656792
0.695335 0.657307
0.694186 0.657823
0.693038 0.658338
0.691889 0.658853
0.690453 0.659369
0.689304 0.659884
0.687869 0.660400
0.686720 0.660915
0.685284 0.661431
0.684135 0.661946
0.682699 0.662461
0.681264 0.662977
0.680402 0.663235
0.678966 0.663750
0.677817 0.664265
0.676382 0.664781
0.674946 0.665296
0.673510 0.665812
0.672074 0.666327
0.670638 0.666843
0.669202 0.667358
0.668054 0.667873
0.666905 0.668389
0.665469 0.668904
0.664320 0.669420
0.663459 0.669935
0.662023 0.670450
0.660874 0.670966
0.659438 0.671481
0.658290 0.671997
0.657141 0.672512
0.655705 0.673028
0.654269 0.673543
0.652833 0.674058
0.651685 0.674574
0.650249 0.675089
0.648813 0.675605
0.647951 0.675862
0.646515 0.676378
0.645080 0.676893
0.643644 0.677409
0.642495 0.677924
0.641059 0.678440
0.639623 0.678955
0.638475 0.679470
0.637326 0.679986
0.636177 0.680501
0.635028 0.681017
0.633880 0.681532
0.632731 0.682047
0.631582 0.682821
0.630147 0.683594
0.627849 0.685140
0.624403 0.687717
0.622106 0.690037
0.619808 0.692614
0.617511 0.695964
0.619234 0.695191
0.620957 0.694418
0.622106 0.693902
0.623829 0.692871
0.624977 0.692356
0.625839 0.692098
0.627275 0.691583
0.628423 0.691067
0.630147 0.690552
0.631870 0.690037
0.633593 0.689521
0.635603 0.689006
0.637613 0.688490
0.639623 0.687975
0.641634 0.687459
0.643644 0.686944
0.645367 0.686429
0.647377 0.685913
0.648813 0.685398
0.650536 0.684882
0.652259 0.684367
0.653982 0.683851
0.655705 0.683336
0.657141 0.682821
0.658864 0.682305
0.660300 0.681790
0.661736 0.681274
0.663459 0.680759
0.664895 0.680244
0.666043 0.679728
0.667192 0.679470
0.668628 0.678955
0.670064 0.678440
0.671212 0.677924
0.672648 0.677409
0.674084 0.676893
0.675520 0.676378
0.676669 0.675862
0.678105 0.675347
0.679541 0.674832
0.680689 0.674316
0.682125 0.673801
0.683274 0.673285
0.684422 0.672770
0.685571 0.672254
0.686720 0.671739
0.688156 0.671224
0.689304 0.670708
0.690740 0.670193
0.691889 0.669677
0.693038 0.669162
0.694474 0.668647
0.695622 0.668131
0.696771 0.667616
0.697920 0.667100
0.698781 0.666843
0.699930 0.666327
0.701079 0.665812
0.702227 0.665296
0.703376 0.664781
0.704525 0.664265
0.705673 0.663750
0.706822 0.663235
0.708258 0.662461
0.709407 0.661946
0.710843 0.661173
0.712278 0.660400
0.713427 0.659627
0.715150 0.658596
0.716586 0.657823
0.718309 0.656792
0.720032 0.655761
0.722042 0.654472
0.723765 0.653442
0.725776 0.652153
0.727499 0.651122
0.728935 0.650349
0.730945 0.649060
0.732668 0.648030
0.734391 0.646999
0.735540 0.646483
0.737263 0.645453
0.738986 0.644422
0.740709 0.643391
0.742145 0.642618
0.743868 0.641587
0.745591 0.640556
0.747314 0.639525
0.749324 0.638237
0.751047 0.637206
0.753057 0.635917
0.754493 0.635144
0.755642 0.634371
0.757078 0.633598
0.758226 0.633082
0.759375 0.632567
0.760811 0.631794
0.762534 0.630763
0.763683 0.629217
[SKELETON]
0.759858 0.630565
0.758631 0.631049
0.758631 0.631049
0.757409 0.631541
0.757409 0.631541
0.756190 0.632042
0.756190 0.632042
0.754975 0.632550
0.753763 0.633067
0.753763 0.633067
0.752556 0.633591
0.752556 0.633591
0.751351 0.634122
0.750150 0.634661
0.750150 0.634661
0.748951 0.635206
0.748951 0.635206
0.747756 0.635757
0.747756 0.635757
0.746563 0.636315
0.745374 0.636879
0.745374 0.636879
0.744187 0.637448
0.744187 0.637448
0.743002 0.638022
0.741819 0.638602
0.741819 0.638602
0.740639 0.639186
0.740639 0.639186
0.739461 0.639775
0.739461 0.639775
0.738285 0.640368
0.737111 0.640965
0.737111 0.640965
0.735938 0.641566
0.735938 0.641566
0.734768 0.642171
0.733598 0.642778
0.733598 0.642778
0.732430 0.643388
0.732430 0.643388
0.731263 0.644001
0.731263 0.644001
0.730097 0.644617
0.728932 0.645234
0.728932 0.645234
0.727768 0.645853
0.727768 0.645853
0.726605 0.646474
0.725442 0.647096
0.725442 0.647096
0.724280 0.647719
0.724280 0.647719
0.723118 0.648342
0.723118 0.648342
0.721956 0.648966
0.720794 0.649591
0.720794 0.649591
0.719632 0.650215
0.719632 0.650215
0.718470 0.650838
0.717308 0.651461
0.717308 0.651461
0.716145 0.652084
0.716145 0.652084
0.714982 0.652704
0.714982 0.652704
0.713818 0.653324
0.712653 0.653941
0.712653 0.653941
0.711487 0.654557
0.711487 0.654557
0.710321 0.655170
0.709153 0.655781
0.709153 0.655781
0.707983 0.656389
0.707983 0.656389
0.706813 0.656994
0.706813 0.656994
0.705640 0.657595
0.704466 0.658193
0.704466 0.658193
0.703291 0.658787
0.703291 0.658787
0.702113 0.659376
0.700933 0.659961
0.700933 0.659961
0.699751 0.660542
0.699751 0.660542
0.698567 0.661117
0.698567 0.661117
0.697380 0.661687
0.696190 0.662251
0.696190 0.662251
0.694998 0.662810
0.694998 0.662810
0.693804 0.663362
0.692606 0.663908
0.692606 0.663908
0.691405 0.664448
0.691405 0.664448
0.690201 0.664980
0.690201 0.664980
0.688993 0.665505
0.687783 0.666024
0.687783 0.666024
0.686569 0.666535
0.686569 0.666535
0.685352 0.667041
0.684133 0.667540
0.684133 0.667540
0.682911 0.668033
0.682911 0.668033
0.681686 0.668521
0.681686 0.668521
0.680459 0.669004
0.679230 0.669481
0.679230 0.669481
0.677998 0.669955
0.677998 0.669955
0.676765 0.670423
0.675529 0.670888
0.675529 0.670888
0.674292 0.671349
0.674292 0.671349
0.673053 0.671807
0.673053 0.671807
0.671813 0.672261
0.670572 0.672712
0.670572 0.672712
0.669329 0.673161
0.669329 0.673161
0.668085 0.673608
0.666840 0.674052
0.666840 0.674052
0.665595 0.674495
0.665595 0.674495
0.664349 0.674936
0.664349 0.674936
0.663102 0.675376
0.661855 0.675815
0.661855 0.675815
0.660607 0.676254
0.660607 0.676254
0.659360 0.676692
0.658112 0.677131
0.658112 0.677131
0.656865 0.677569
0.656865 0.677569
0.655618 0.678009
0.655618 0.678009
0.654371 0.678449
0.653125 0.678890
0.653125 0.678890
0.651879 0.679333
0.651879 0.679333
0.650635 0.679777
0.649391 0.680224
0.649391 0.680224
0.648148 0.680673
0.648148 0.680673
0.646907 0.681124
0.646907 0.681124
0.645667 0.681578
0.644428 0.682036
0.644428 0.682036
0.643191 0.682497
0.643191 0.682497
0.641956 0.682962
0.640722 0.683431
0.640722 0.683431
0.639491 0.683904
0.639491 0.683904
0.638261 0.684382
0.638261 0.684382
0.637034 0.684864
0.635810 0.685352
0.635810 0.685352
0.634588 0.685846
0.634588 0.685846
0.633368 0.686345
0.632151 0.686850
0.632151 0.686850
0.630938 0.687362
0.630938 0.687362
0.629727 0.687881
0.629727 0.687881
0.628520 0.688406
0.627316 0.688939
0.627316 0.688939
0.626115 0.689479
0.626115 0.689479
0.624918 0.690027
0.623725 0.690583
0.623725 0.690583
0.622536 0.691147
0.622536 0.691147
0.621351 0.691720
0.621351 0.691720
0.620169 0.692303
