[CONTOUR]
0.697196 0.684294
0.696785 0.689095
0.696373 0.691311
0.696373 0.693157
0.695961 0.694635
0.695550 0.696481
0.695138 0.698697
0.694727 0.700913
0.694315 0.701282
0.693904 0.703129
0.693492 0.705345
0.693081 0.707930
0.693081 0.710515
0.692669 0.712362
0.692258 0.714209
0.691846 0.715686
0.691435 0.717902
0.691023 0.718271
0.690611 0.719748
0.690200 0.721226
0.689788 0.723072
0.689377 0.725288
0.689377 0.726396
0.688965 0.727504
0.688554 0.728981
0.688142 0.730828
0.687731 0.732305
0.687319 0.732675
0.686908 0.733782
0.686496 0.735260
0.686084 0.737106
0.686084 0.738214
0.685673 0.739322
0.685261 0.740800
0.684850 0.741538
0.683204 0.741907
0.683204 0.782163
0.684850 0.782532
0.685261 0.783271
0.685673 0.784379
0.686084 0.785487
0.686084 0.786595
0.686496 0.788072
0.686908 0.789550
0.687319 0.791027
0.687731 0.792504
0.688142 0.792873
0.688554 0.795089
0.688965 0.796567
0.689377 0.798044
0.689377 0.799521
0.689788 0.800998
0.690200 0.802476
0.690611 0.803953
0.691023 0.805430
0.691435 0.805800
0.691846 0.807277
0.692258 0.808754
0.692669 0.809862
0.693081 0.810970
0.693081 0.812078
0.693492 0.813186
0.693904 0.814294
0.694315 0.815402
0.694727 0.815771
0.695138 0.816879
0.695550 0.817987
0.695961 0.819095
0.696373 0.820203
0.696373 0.820942
0.696785 0.821680
0.697196 0.822788
0.697608 0.823527
0.698019 0.824635
0.698431 0.825004
0.698842 0.826112
0.699254 0.826851
0.699665 0.827589
0.700077 0.828328
0.700077 0.828697
0.700488 0.829436
0.701312 0.830544
0.701723 0.831282
0.702546 0.832021
0.703369 0.833129
0.704192 0.834237
0.705015 0.835345
0.706250 0.836822
0.706250 0.837192
0.707896 0.839038
0.709542 0.840885
0.712012 0.843470
0.714892 0.846425
0.715304 0.846425
0.715715 0.847163
0.720242 0.850856
0.724769 0.854550
0.727239 0.856396
0.729296 0.858243
0.731766 0.860089
0.734235 0.861936
0.736293 0.863413
0.736704 0.863413
0.738350 0.864521
0.740408 0.865998
0.741643 0.866737
0.743289 0.867845
0.744523 0.868953
0.745346 0.869322
0.746170 0.868953
0.745346 0.867845
0.744523 0.866737
0.744523 0.866368
0.744112 0.865629
0.743700 0.864890
0.743289 0.864152
0.742877 0.863413
0.742054 0.862675
0.741643 0.861936
0.740819 0.860828
0.740408 0.860089
0.740408 0.859720
0.739585 0.858612
0.738762 0.857504
0.737527 0.856027
0.735881 0.854180
0.733823 0.852334
0.732177 0.850487
0.730531 0.848640
0.728473 0.846425
0.725592 0.843470
0.725592 0.843101
0.723946 0.841254
0.722300 0.839407
0.721065 0.837930
0.720242 0.836822
0.719008 0.835714
0.718185 0.834606
0.717362 0.833498
0.716950 0.832760
0.716950 0.832390
0.716127 0.831282
0.715304 0.830175
0.714892 0.829436
0.714481 0.828697
0.714069 0.828328
0.713658 0.827589
0.713246 0.826851
0.712423 0.825743
0.712012 0.824635
0.712012 0.824265
0.711600 0.823527
0.711188 0.822788
0.710777 0.822050
0.710365 0.821680
0.709954 0.820572
0.709542 0.819834
0.709131 0.819095
0.708719 0.817987
0.708719 0.817248
0.708308 0.816140
0.707896 0.815032
0.707485 0.813925
0.707073 0.812817
0.706662 0.812447
0.706250 0.811339
0.705838 0.810231
0.705427 0.808754
0.705015 0.807277
0.705015 0.806538
0.704604 0.805061
0.704192 0.803214
0.703781 0.801368
0.703369 0.800998
0.702958 0.799521
0.702546 0.797305
0.702135 0.795089
0.701723 0.793243
0.701723 0.791765
0.701312 0.789919
0.700900 0.787334
0.700488 0.784748
0.700077 0.782902
0.699665 0.782532
0.699254 0.780317
0.698842 0.777362
0.698431 0.774038
0.698019 0.769976
0.698019 0.743754
0.698431 0.739322
0.698842 0.734152
0.699254 0.729351
0.699665 0.728981
0.700077 0.725657
0.700488 0.721964
0.700077 0.696112
0.699665 0.691680
0.699665 0.689095
0.700077 0.688356
0.699665 0.684294
[SKELETON]
0.697841 0.691875
0.697920 0.693555
0.697920 0.693555
0.697958 0.695239
0.697958 0.695239
0.697955 0.696926
0.697955 0.696926
0.697914 0.698616
0.697914 0.698616
0.697839 0.700309
0.697839 0.700309
0.697730 0.702006
0.697730 0.702006
0.697592 0.703707
0.697592 0.703707
0.697425 0.705411
0.697233 0.707119
0.697233 0.707119
0.697018 0.708831
0.697018 0.708831
0.696782 0.710547
0.696782 0.710547
0.696528 0.712267
0.696528 0.712267
0.696258 0.713991
0.696258 0.713991
0.695975 0.715719
0.695975 0.715719
0.695681 0.717451
0.695681 0.717451
0.695378 0.719188
0.695069 0.720929
0.695069 0.720929
0.694757 0.722674
0.694757 0.722674
0.694443 0.724424
0.694443 0.724424
0.694130 0.726179
0.694130 0.726179
0.693821 0.727938
0.693821 0.727938
0.693518 0.729702
0.693518 0.729702
0.693224 0.731472
0.693224 0.731472
0.692940 0.733246
0.692670 0.735025
0.692670 0.735025
0.692415 0.736809
0.692415 0.736809
0.692176 0.738599
0.692176 0.738599
0.691954 0.740392
0.691954 0.740392
0.691749 0.742189
0.691749 0.742189
0.691561 0.743990
0.691561 0.743990
0.691390 0.745794
0.691390 0.745794
0.691238 0.747601
0.691238 0.747601
0.691103 0.749409
0.690987 0.751220
0.690987 0.751220
0.690890 0.753031
0.690890 0.753031
0.690812 0.754844
0.690812 0.754844
0.690754 0.756657
0.690754 0.756657
0.690715 0.758470
0.690715 0.758470
0.690697 0.760282
0.690697 0.760282
0.690699 0.762094
0.690699 0.762094
0.690722 0.763904
0.690766 0.765713
0.690766 0.765713
0.690832 0.767519
0.690832 0.767519
0.690920 0.769323
0.690920 0.769323
0.691029 0.771124
0.691029 0.771124
0.691162 0.772922
0.691162 0.772922
0.691317 0.774715
0.691317 0.774715
0.691495 0.776504
0.691495 0.776504
0.691697 0.778289
0.691923 0.780068
0.691923 0.780068
0.692172 0.781842
0.692172 0.781842
0.692445 0.783610
0.692445 0.783610
0.692739 0.785372
0.692739 0.785372
0.693055 0.787129
0.693055 0.787129
0.693393 0.788879
0.693393 0.788879
0.693751 0.790622
0.693751 0.790622
0.694129 0.792359
0.694526 0.794088
0.694526 0.794088
0.694943 0.795811
0.694943 0.795811
0.695378 0.797526
0.695378 0.797526
0.695830 0.799234
0.695830 0.799234
0.696300 0.800933
0.696300 0.800933
0.696787 0.802625
0.696787 0.802625
0.697292 0.804308
0.697292 0.804308
0.697816 0.805983
0.698361 0.807648
0.698361 0.807648
0.698926 0.809304
0.698926 0.809304
0.699515 0.810950
0.699515 0.810950
0.700127 0.812586
0.700127 0.812586
0.700764 0.814212
0.700764 0.814212
0.701427 0.815827
0.701427 0.815827
0.702118 0.817431
0.702118 0.817431
0.702837 0.819023
0.703586 0.820603
0.703586 0.820603
0.704365 0.822171
0.704365 0.822171
0.705176 0.823727
0.705176 0.823727
0.706019 0.825270
0.706019 0.825270
0.706894 0.826801
0.706894 0.826801
0.707800 0.828320
0.707800 0.828320
0.708737 0.829827
0.708737 0.829827
0.709705 0.831322
0.709705 0.831322
0.710705 0.832805
0.711734 0.834277
0.711734 0.834277
0.712794 0.835738
0.712794 0.835738
0.713885 0.837188
0.713885 0.837188
0.715005 0.838626
0.715005 0.838626
0.716155 0.840054
0.716155 0.840054
0.717335 0.841471
0.717335 0.841471
0.718543 0.842878
0.718543 0.842878
0.719781 0.844274
0.721048 0.845660
0.721048 0.845660
0.722344 0.847036
0.722344 0.847036
0.723668 0.848402
0.723668 0.848402
0.725020 0.849759
0.725020 0.849759
0.726400 0.851106
0.726400 0.851106
0.727808 0.852444
0.727808 0.852444
0.729244 0.853772
0.729244 0.853772
0.730707 0.855092
0.732197 0.856402
0.732197 0.856402
0.733714 0.857704
0.733714 0.857704
0.735258 0.858998
0.735258 0.858998
0.736828 0.860283
0.736828 0.860283
0.738425 0.861560
0.738425 0.861560
0.740048 0.862828
0.740048 0.862828
0.741696 0.864089
0.741696 0.864089
0.743371 0.865342
