[CONTOUR]
0.211153 0.641334
0.212482 0.654675
0.212814 0.657344
0.213479 0.659567
0.213811 0.663570
0.214476 0.665793
0.214808 0.668462
0.215472 0.671575
0.216137 0.673353
0.216469 0.675577
0.217134 0.676911
0.217466 0.678690
0.218130 0.680469
0.218463 0.681803
0.219127 0.683137
0.219459 0.684471
0.220124 0.685805
0.220788 0.687584
0.221785 0.689363
0.222450 0.691142
0.223779 0.693810
0.225108 0.696034
0.225772 0.697813
0.226769 0.699591
0.227101 0.700925
0.227766 0.702260
0.228098 0.703594
0.228763 0.704928
0.229095 0.706262
0.229759 0.707596
0.230092 0.709375
0.230756 0.710709
0.231088 0.712933
0.231753 0.714712
0.232417 0.717380
0.232750 0.720048
0.233414 0.721382
0.233746 0.724050
0.234411 0.725829
0.234743 0.727608
0.235408 0.729832
0.235740 0.732055
0.236404 0.733834
0.236737 0.736058
0.237401 0.737837
0.237733 0.740505
0.238398 0.742284
0.239062 0.744952
0.239395 0.747620
0.240059 0.748954
0.240392 0.751623
0.241056 0.752957
0.241388 0.755180
0.242053 0.756959
0.242385 0.758738
0.243050 0.760962
0.243382 0.763630
0.244046 0.765409
0.244379 0.768077
0.245043 0.769856
0.245708 0.772524
0.246040 0.775192
0.246704 0.777416
0.247037 0.781418
0.247701 0.784531
0.248033 0.796538
0.247369 0.800096
0.247037 0.805433
0.246372 0.807656
0.246040 0.811214
0.245375 0.813438
0.245043 0.815216
0.244379 0.816995
0.243714 0.819663
0.243382 0.821442
0.242717 0.823221
0.242053 0.825445
0.241388 0.826779
0.241056 0.828113
0.240392 0.829892
0.240059 0.831226
0.239062 0.833005
0.238730 0.834339
0.237733 0.836118
0.237401 0.837452
0.236404 0.839231
0.235408 0.841454
0.233746 0.844567
0.232417 0.846791
0.232085 0.848125
0.231088 0.849904
0.230424 0.851683
0.229095 0.853906
0.228430 0.855685
0.227434 0.857464
0.226437 0.859688
0.225440 0.861466
0.225108 0.865024
0.226105 0.866803
0.228430 0.867248
0.229759 0.866358
0.231421 0.864579
0.234411 0.861466
0.239727 0.854796
0.242385 0.852127
0.249030 0.842788
0.250027 0.840565
0.252020 0.837452
0.252353 0.836118
0.253682 0.833894
0.254014 0.832560
0.255011 0.830781
0.255343 0.829447
0.256008 0.827668
0.256672 0.825889
0.257004 0.824555
0.257669 0.823221
0.258001 0.821442
0.258666 0.819663
0.258998 0.817885
0.259662 0.816550
0.259995 0.814327
0.260659 0.812548
0.260991 0.810325
0.261656 0.808101
0.261988 0.805433
0.262653 0.804099
0.263982 0.780084
0.262653 0.779195
0.261988 0.777416
0.261656 0.775192
0.260991 0.772969
0.260659 0.769856
0.259995 0.768077
0.259662 0.765409
0.258998 0.763630
0.258666 0.761406
0.258001 0.759627
0.257669 0.757404
0.257004 0.755625
0.256340 0.752512
0.256008 0.750288
0.255343 0.748065
0.255011 0.745841
0.254346 0.744063
0.254014 0.741839
0.253349 0.740060
0.253017 0.737837
0.252353 0.736058
0.252020 0.733834
0.251356 0.732500
0.251024 0.730721
0.250359 0.728942
0.249695 0.726274
0.249362 0.724495
0.248698 0.722716
0.248366 0.720938
0.247701 0.719159
0.247369 0.717380
0.246704 0.716046
0.246372 0.713822
0.245708 0.712488
0.245375 0.710709
0.244711 0.709375
0.244379 0.708041
0.243714 0.706262
0.243050 0.704483
0.242717 0.703149
0.242053 0.701815
0.241388 0.700036
0.240724 0.698702
0.240059 0.696923
0.238730 0.694700
0.238066 0.692921
0.236072 0.689808
0.234411 0.686695
0.231088 0.682248
0.228098 0.677800
0.226437 0.674687
0.224111 0.671130
0.222782 0.668462
0.222450 0.667127
0.221453 0.665349
0.221121 0.664014
0.220456 0.662680
0.220124 0.661346
0.219459 0.660012
0.219127 0.658678
0.218463 0.657344
0.218130 0.656010
0.217466 0.654675
0.217134 0.653341
0.216469 0.652007
0.215805 0.650228
0.215472 0.648894
0.214808 0.647560
0.214476 0.646226
0.213479 0.644447
0.212814 0.642668
0.212150 0.641334
[SKELETON]
0.213068 0.647015
0.213373 0.649072
0.213373 0.649072
0.213730 0.651102
0.213730 0.651102
0.214137 0.653107
0.214137 0.653107
0.214591 0.655087
0.215090 0.657046
0.215090 0.657046
0.215631 0.658982
0.215631 0.658982
0.216211 0.660899
0.216211 0.660899
0.216828 0.662797
0.217479 0.664678
0.217479 0.664678
0.218162 0.666542
0.218162 0.666542
0.218873 0.668392
0.218873 0.668392
0.219611 0.670228
0.220372 0.672053
0.220372 0.672053
0.221153 0.673866
0.221153 0.673866
0.221953 0.675670
0.221953 0.675670
0.222769 0.677465
0.223597 0.679254
0.223597 0.679254
0.224436 0.681037
0.224436 0.681037
0.225282 0.682816
0.225282 0.682816
0.226133 0.684592
0.226987 0.686366
0.226987 0.686366
0.227840 0.688140
0.227840 0.688140
0.228690 0.689915
0.228690 0.689915
0.229534 0.691693
0.230371 0.693473
0.230371 0.693473
0.231196 0.695259
0.231196 0.695259
0.232008 0.697051
0.232008 0.697051
0.232803 0.698851
0.233580 0.700660
0.233580 0.700660
0.234335 0.702479
0.234335 0.702479
0.235068 0.704308
0.235779 0.706148
0.235779 0.706148
0.236469 0.707998
0.236469 0.707998
0.237140 0.709858
0.237140 0.709858
0.237792 0.711728
0.238426 0.713607
0.238426 0.713607
0.239044 0.715494
0.239044 0.715494
0.239646 0.717391
0.239646 0.717391
0.240233 0.719295
0.240806 0.721208
0.240806 0.721208
0.241366 0.723129
0.241366 0.723129
0.241914 0.725056
0.241914 0.725056
0.242451 0.726991
0.242978 0.728933
0.242978 0.728933
0.243495 0.730881
0.243495 0.730881
0.244005 0.732835
0.244005 0.732835
0.244507 0.734795
0.245003 0.736761
0.245003 0.736761
0.245494 0.738732
0.245494 0.738732
0.245981 0.740708
0.245981 0.740708
0.246464 0.742688
0.246944 0.744673
0.246944 0.744673
0.247424 0.746662
0.247424 0.746662
0.247902 0.748654
0.247902 0.748654
0.248381 0.750650
0.248862 0.752649
0.248862 0.752649
0.249345 0.754651
0.249345 0.754651
0.249830 0.756655
0.249830 0.756655
0.250317 0.758662
0.250802 0.760672
0.250802 0.760672
0.251280 0.762685
0.251280 0.762685
0.251749 0.764702
0.251749 0.764702
0.252205 0.766723
0.252645 0.768748
0.252645 0.768748
0.253066 0.770779
0.253066 0.770779
0.253463 0.772814
0.253463 0.772814
0.253834 0.774855
0.254175 0.776902
0.254175 0.776902
0.254482 0.778955
0.254482 0.778955
0.254753 0.781014
0.254753 0.781014
0.254983 0.783081
0.255171 0.785154
0.255171 0.785154
0.255315 0.787232
0.255315 0.787232
0.255415 0.789314
0.255415 0.789314
0.255470 0.791398
0.255481 0.793482
0.255481 0.793482
0.255446 0.795563
0.255446 0.795563
0.255366 0.797642
0.255366 0.797642
0.255239 0.799715
0.255066 0.801781
0.255066 0.801781
0.254846 0.803839
0.254846 0.803839
0.254578 0.805886
0.254578 0.805886
0.254263 0.807921
0.253900 0.809943
0.253900 0.809943
0.253488 0.811949
0.253488 0.811949
0.253030 0.813940
0.252528 0.815916
0.252528 0.815916
0.251983 0.817876
0.251983 0.817876
0.251396 0.819821
0.251396 0.819821
0.250770 0.821749
0.250106 0.823662
0.250106 0.823662
0.249405 0.825558
0.249405 0.825558
0.248670 0.827438
0.248670 0.827438
0.247902 0.829302
0.247103 0.831149
0.247103 0.831149
0.246274 0.832979
0.246274 0.832979
0.245418 0.834792
0.245418 0.834792
0.244535 0.836588
0.243627 0.838367
0.243627 0.838367
0.242697 0.840128
0.242697 0.840128
0.241745 0.841872
0.241745 0.841872
0.240774 0.843598
0.239786 0.845306
0.239786 0.845306
0.238780 0.846996
0.238780 0.846996
0.237761 0.848668
0.237761 0.848668
0.236729 0.850321
0.235685 0.851956
0.235685 0.851956
0.234632 0.853572
0.234632 0.853572
0.233571 0.855169
0.233571 0.855169
0.232504 0.856747
0.231433 0.858306
0.231433 0.858306
0.230359 0.859845
0.230359 0.859845
0.229283 0.861365
0.229283 0.861365
0.228209 0.862865
