[CONTOUR]
0.426327 0.172796
0.423845 0.173910
0.426741 0.177995
0.429638 0.180223
0.432948 0.182823
0.435017 0.183937
0.438328 0.186536
0.440397 0.187650
0.443707 0.190250
0.445362 0.190992
0.448259 0.193220
0.449500 0.193963
0.451569 0.195077
0.453638 0.196563
0.455294 0.197305
0.457363 0.198791
0.459018 0.199533
0.461087 0.201019
0.462742 0.202133
0.464811 0.203247
0.466052 0.203989
0.467294 0.204361
0.468949 0.205103
0.472259 0.204732
0.473087 0.203247
0.474328 0.203989
0.474328 0.205846
0.477225 0.208817
0.478466 0.209560
0.480122 0.210302
0.482191 0.212530
0.482604 0.213273
0.483432 0.214387
0.485501 0.215501
0.487156 0.216615
0.488812 0.217358
0.490467 0.218472
0.491708 0.218843
0.492950 0.219586
0.494191 0.220329
0.495846 0.221071
0.497501 0.222185
0.498743 0.222557
0.499984 0.223300
0.501226 0.223671
0.502053 0.224042
0.503295 0.224785
0.504536 0.225156
0.505777 0.225899
0.507846 0.226270
0.509088 0.227013
0.511571 0.227384
0.512398 0.227756
0.514053 0.228498
0.516950 0.228870
0.519019 0.229612
0.521916 0.229984
0.524812 0.230726
0.529364 0.231098
0.534330 0.231469
0.543433 0.231469
0.554192 0.231098
0.557503 0.230355
0.559572 0.229984
0.561227 0.229241
0.562882 0.228870
0.563710 0.228498
0.565365 0.227756
0.566606 0.227384
0.567848 0.226642
0.570331 0.226270
0.572400 0.225528
0.574055 0.225156
0.575296 0.224785
0.576538 0.224042
0.577779 0.223671
0.579020 0.222928
0.581089 0.221814
0.582745 0.220700
0.583572 0.220329
0.584814 0.219957
0.588124 0.217358
0.591848 0.214759
0.593504 0.212530
0.594331 0.211788
0.596400 0.211788
0.598055 0.212530
0.599297 0.212902
0.602193 0.215130
0.603849 0.215873
0.605090 0.216615
0.606331 0.216987
0.608814 0.217729
0.610469 0.218101
0.613780 0.216244
0.616676 0.213644
0.622056 0.214759
0.624125 0.214759
0.623297 0.214016
0.619987 0.211788
0.619573 0.211045
0.619159 0.209931
0.612538 0.204361
0.610883 0.203618
0.609228 0.202504
0.607987 0.202133
0.605504 0.200647
0.604262 0.200276
0.601780 0.202133
0.599297 0.203989
0.598883 0.205846
0.598055 0.206960
0.595986 0.209560
0.593504 0.210674
0.593090 0.211788
0.591848 0.212530
0.590607 0.212902
0.588952 0.213644
0.586055 0.214016
0.583572 0.212902
0.581917 0.211416
0.578607 0.211788
0.575710 0.212159
0.574055 0.212902
0.571572 0.213273
0.569917 0.214016
0.567434 0.214387
0.565779 0.214759
0.564124 0.215501
0.561227 0.215873
0.559158 0.216615
0.556261 0.216987
0.554192 0.217729
0.550054 0.218101
0.547158 0.218472
0.540951 0.219215
0.532675 0.218472
0.525226 0.218101
0.522330 0.217358
0.519019 0.216987
0.516950 0.216244
0.515295 0.215873
0.513226 0.215501
0.511571 0.214759
0.509502 0.214387
0.508260 0.213644
0.507019 0.213273
0.505364 0.212530
0.504536 0.212159
0.503295 0.211788
0.501639 0.210674
0.500398 0.210302
0.499157 0.209560
0.497915 0.209188
0.496674 0.208446
0.495432 0.207703
0.494191 0.207332
0.492536 0.206589
0.491294 0.206218
0.489639 0.205475
0.485915 0.205103
0.483018 0.202875
0.482604 0.202504
0.480949 0.201390
0.479708 0.201019
0.478466 0.200276
0.477225 0.199162
0.473501 0.195448
0.471018 0.193963
0.469777 0.193220
0.468121 0.192106
0.466466 0.191364
0.465225 0.190621
0.463570 0.189878
0.461914 0.188764
0.460673 0.188022
0.459432 0.187650
0.458190 0.186907
0.456949 0.186536
0.455707 0.185793
0.454466 0.185422
0.452811 0.184308
0.451569 0.183565
0.450328 0.183194
0.448673 0.182080
0.447431 0.181709
0.446190 0.180966
0.444948 0.180595
0.443707 0.179852
0.442052 0.179109
0.440397 0.178738
0.439155 0.177995
0.437914 0.177624
0.436259 0.176881
0.434603 0.176510
0.432948 0.175767
0.432121 0.175396
0.430052 0.174653
0.428396 0.173539
0.426741 0.173168
[SKELETON]
0.427131 0.176807
0.427131 0.176807
0.428911 0.177467
0.428911 0.177467
0.430677 0.178158
0.430677 0.178158
0.432430 0.178878
0.432430 0.178878
0.434170 0.179626
0.434170 0.179626
0.435899 0.180399
0.435899 0.180399
0.435899 0.180399
0.437616 0.181198
0.437616 0.181198
0.439322 0.182021
0.439322 0.182021
0.441019 0.182865
0.441019 0.182865
0.442706 0.183731
0.442706 0.183731
0.444384 0.184616
0.444384 0.184616
0.446053 0.185520
0.446053 0.185520
0.446053 0.185520
0.447715 0.186441
0.447715 0.186441
0.449371 0.187377
0.449371 0.187377
0.451020 0.188328
0.451020 0.188328
0.452663 0.189291
0.452663 0.189291
0.454301 0.190267
0.454301 0.190267
0.454301 0.190267
0.455934 0.191252
0.455934 0.191252
0.457564 0.192247
0.457564 0.192247
0.459190 0.193249
0.459190 0.193249
0.460814 0.194258
0.460814 0.194258
0.462436 0.195271
0.462436 0.195271
0.462436 0.195271
0.464056 0.196289
0.464056 0.196289
0.465676 0.197309
0.465676 0.197309
0.467296 0.198329
0.467296 0.198329
0.468916 0.199350
0.468916 0.199350
0.470537 0.200369
0.470537 0.200369
0.472160 0.201385
0.472160 0.201385
0.472160 0.201385
0.473785 0.202396
0.473785 0.202396
0.475414 0.203402
0.475414 0.203402
0.477046 0.204401
0.477046 0.204401
0.478682 0.205392
0.478682 0.205392
0.480323 0.206373
0.480323 0.206373
0.480323 0.206373
0.481969 0.207343
0.481969 0.207343
0.483622 0.208301
0.483622 0.208301
0.485281 0.209246
0.485281 0.209246
0.486948 0.210175
0.486948 0.210175
0.488623 0.211088
0.488623 0.211088
0.488623 0.211088
0.490306 0.211984
0.490306 0.211984
0.491998 0.212861
0.491998 0.212861
0.493701 0.213717
0.493701 0.213717
0.495414 0.214552
0.495414 0.214552
0.497137 0.215364
0.497137 0.215364
0.498873 0.216152
0.498873 0.216152
0.498873 0.216152
0.500621 0.216914
0.500621 0.216914
0.502382 0.217649
0.502382 0.217649
0.504156 0.218356
0.504156 0.218356
0.505945 0.219034
0.505945 0.219034
0.507748 0.219680
0.507748 0.219680
0.507748 0.219680
0.509567 0.220295
0.509567 0.220295
0.511402 0.220876
0.511402 0.220876
0.513251 0.221423
0.513251 0.221423
0.515113 0.221937
0.515113 0.221937
0.516989 0.222415
0.516989 0.222415
0.518876 0.222857
0.518876 0.222857
0.518876 0.222857
0.520775 0.223264
0.520775 0.223264
0.522684 0.223633
0.522684 0.223633
0.524601 0.223966
0.524601 0.223966
0.526528 0.224261
0.526528 0.224261
0.528461 0.224517
0.528461 0.224517
0.528461 0.224517
0.530401 0.224735
0.530401 0.224735
0.532347 0.224913
0.532347 0.224913
0.534298 0.225051
0.534298 0.225051
0.536252 0.225149
0.536252 0.225149
0.538209 0.225205
0.538209 0.225205
0.538209 0.225205
0.540169 0.225220
0.540169 0.225220
0.542129 0.225192
0.542129 0.225192
0.544090 0.225122
0.544090 0.225122
0.546050 0.225008
0.546050 0.225008
0.548009 0.224850
0.548009 0.224850
0.549965 0.224648
0.549965 0.224648
0.549965 0.224648
0.551918 0.224402
0.551918 0.224402
0.553866 0.224115
0.553866 0.224115
0.555811 0.223789
0.555811 0.223789
0.557749 0.223426
0.557749 0.223426
0.559681 0.223030
0.559681 0.223030
0.559681 0.223030
0.561607 0.222602
0.561607 0.222602
0.563524 0.222145
0.563524 0.222145
0.565433 0.221661
0.565433 0.221661
0.567333 0.221153
0.567333 0.221153
0.569222 0.220623
0.569222 0.220623
0.569222 0.220623
0.571101 0.220073
0.571101 0.220073
0.572968 0.219507
0.572968 0.219507
0.574823 0.218925
0.574823 0.218925
0.576665 0.218331
0.576665 0.218331
0.578494 0.217728
0.578494 0.217728
0.580307 0.217117
0.580307 0.217117
0.580307 0.217117
0.582105 0.216500
0.582105 0.216500
0.583888 0.215882
0.583888 0.215882
0.585653 0.215263
0.585653 0.215263
0.587401 0.214646
0.587401 0.214646
0.589131 0.214034
0.589131 0.214034
