[CONTOUR]
0.656166 0.819184
0.654692 0.821500
0.653218 0.822823
0.645846 0.830099
0.642898 0.833407
0.641792 0.835061
0.639949 0.837376
0.637737 0.840022
0.635895 0.842007
0.634420 0.843991
0.632577 0.846307
0.631472 0.847961
0.629997 0.849945
0.628892 0.851599
0.627417 0.853253
0.625943 0.855237
0.624837 0.856891
0.624100 0.858214
0.622257 0.860530
0.620414 0.862845
0.618203 0.865160
0.616360 0.867476
0.613411 0.870783
0.612306 0.872437
0.609357 0.875745
0.606408 0.879052
0.604197 0.881368
0.602354 0.883683
0.600880 0.885668
0.600511 0.886660
0.599037 0.888644
0.597931 0.890298
0.596825 0.891621
0.595720 0.893275
0.594614 0.894929
0.593877 0.896583
0.593139 0.897906
0.592034 0.899560
0.591297 0.900552
0.590559 0.901875
0.589822 0.903198
0.589454 0.904190
0.588717 0.905513
0.587979 0.906836
0.587242 0.907829
0.586505 0.909152
0.585768 0.910475
0.585399 0.911798
0.584662 0.913452
0.583925 0.915106
0.583188 0.916098
0.582451 0.917752
0.581714 0.919405
0.581345 0.921059
0.580608 0.922382
0.579871 0.924367
0.579134 0.925359
0.578396 0.927344
0.577659 0.928998
0.577291 0.930321
0.576553 0.932305
0.575816 0.933959
0.575079 0.935282
0.574342 0.936605
0.573605 0.938590
0.573236 0.939582
0.572499 0.941567
0.571762 0.942890
0.571025 0.944213
0.570288 0.945866
0.569550 0.947520
0.569182 0.949174
0.568445 0.950828
0.567708 0.952482
0.566970 0.953474
0.566233 0.955459
0.565496 0.957112
0.565128 0.958766
0.564390 0.960420
0.563653 0.962405
0.562916 0.963728
0.562179 0.965381
0.561442 0.967366
0.561073 0.968689
0.560336 0.970674
0.559599 0.972328
0.558862 0.973320
0.559230 0.982581
0.560336 0.980927
0.561073 0.979604
0.562547 0.977620
0.564022 0.975635
0.565496 0.973981
0.566970 0.971997
0.568076 0.970343
0.568813 0.969020
0.569919 0.967366
0.571025 0.965712
0.572131 0.964389
0.573236 0.962735
0.573973 0.961412
0.574711 0.960089
0.575079 0.959097
0.575816 0.957774
0.576553 0.956451
0.577291 0.955459
0.578028 0.954136
0.579134 0.952482
0.579502 0.951159
0.580239 0.949836
0.580976 0.948513
0.581714 0.947520
0.582451 0.946197
0.583188 0.944874
0.583556 0.943882
0.584294 0.942228
0.585031 0.940905
0.585768 0.939913
0.586505 0.938259
0.587242 0.936936
0.587611 0.935944
0.588348 0.934290
0.589454 0.932636
0.590191 0.931313
0.591297 0.929659
0.592402 0.927675
0.592771 0.926682
0.593508 0.925359
0.594245 0.924036
0.594982 0.923044
0.595720 0.921721
0.596825 0.920067
0.597194 0.919075
0.597931 0.917752
0.598668 0.916429
0.599774 0.915106
0.600511 0.913782
0.601248 0.912459
0.601617 0.911467
0.602723 0.909813
0.603460 0.908490
0.604197 0.907498
0.604934 0.906175
0.606040 0.904521
0.606408 0.903529
0.607145 0.902206
0.607883 0.900883
0.608620 0.899890
0.609357 0.898567
0.610094 0.897244
0.610463 0.896252
0.611200 0.894929
0.611937 0.893275
0.613043 0.891952
0.614148 0.889968
0.614886 0.888644
0.615623 0.887321
0.616728 0.885668
0.618203 0.883683
0.619309 0.882360
0.620783 0.880375
0.621889 0.878722
0.622626 0.877399
0.624100 0.875414
0.625574 0.873429
0.626680 0.872106
0.628154 0.870122
0.629629 0.868137
0.629997 0.867145
0.631472 0.865160
0.632577 0.863506
0.634052 0.861853
0.635157 0.860199
0.636632 0.858214
0.637000 0.857222
0.638106 0.855568
0.639212 0.853914
0.639949 0.852922
0.641055 0.851268
0.641792 0.849945
0.642529 0.848622
0.643266 0.847299
0.644003 0.845976
0.644740 0.844984
0.645846 0.843330
0.646952 0.841345
0.647320 0.840022
0.648426 0.838038
0.649163 0.836715
0.649901 0.835722
0.650638 0.834399
0.651375 0.833076
0.651743 0.831753
0.652481 0.830430
0.653218 0.828776
0.653955 0.827453
0.654692 0.826130
0.655429 0.823815
0.655798 0.822161
0.656535 0.819184
[SKELETON]
0.653020 0.825863
0.652095 0.827193
0.652095 0.827193
0.651166 0.828522
0.651166 0.828522
0.650232 0.829848
0.650232 0.829848
0.649295 0.831174
0.648354 0.832498
0.648354 0.832498
0.647410 0.833821
0.647410 0.833821
0.646462 0.835143
0.646462 0.835143
0.645512 0.836463
0.645512 0.836463
0.644558 0.837783
0.643602 0.839101
0.643602 0.839101
0.642644 0.840419
0.642644 0.840419
0.641683 0.841735
0.641683 0.841735
0.640720 0.843052
0.639756 0.844367
0.639756 0.844367
0.638790 0.845682
0.638790 0.845682
0.637822 0.846996
0.637822 0.846996
0.636854 0.848310
0.636854 0.848310
0.635884 0.849623
0.634914 0.850937
0.634914 0.850937
0.633944 0.852250
0.633944 0.852250
0.632973 0.853563
0.632973 0.853563
0.632002 0.854876
0.631031 0.856189
0.631031 0.856189
0.630061 0.857502
0.630061 0.857502
0.629091 0.858815
0.629091 0.858815
0.628122 0.860129
0.628122 0.860129
0.627154 0.861443
0.626187 0.862757
0.626187 0.862757
0.625221 0.864072
0.625221 0.864072
0.624258 0.865388
0.624258 0.865388
0.623296 0.866704
0.622336 0.868022
0.622336 0.868022
0.621378 0.869340
0.621378 0.869340
0.620423 0.870658
0.620423 0.870658
0.619471 0.871978
0.619471 0.871978
0.618522 0.873299
0.617575 0.874621
0.617575 0.874621
0.616632 0.875945
0.616632 0.875945
0.615693 0.877270
0.615693 0.877270
0.614758 0.878596
0.613826 0.879923
0.613826 0.879923
0.612899 0.881252
0.612899 0.881252
0.611976 0.882583
0.611976 0.882583
0.611058 0.883916
0.611058 0.883916
0.610144 0.885250
0.609236 0.886586
0.609236 0.886586
0.608333 0.887925
0.608333 0.887925
0.607435 0.889265
0.607435 0.889265
0.606543 0.890607
0.605657 0.891952
0.605657 0.891952
0.604778 0.893299
0.604778 0.893299
0.603904 0.894648
0.603904 0.894648
0.603037 0.896000
0.603037 0.896000
0.602177 0.897354
0.601324 0.898711
0.601324 0.898711
0.600478 0.900070
0.600478 0.900070
0.599640 0.901432
0.599640 0.901432
0.598809 0.902797
0.597986 0.904165
0.597986 0.904165
0.597170 0.905536
0.597170 0.905536
0.596362 0.906909
0.596362 0.906909
0.595560 0.908285
0.595560 0.908285
0.594766 0.909664
0.593978 0.911045
0.593978 0.911045
0.593197 0.912428
0.593197 0.912428
0.592422 0.913814
0.592422 0.913814
0.591653 0.915202
0.590890 0.916592
0.590890 0.916592
0.590132 0.917985
0.590132 0.917985
0.589380 0.919379
0.589380 0.919379
0.588633 0.920775
0.588633 0.920775
0.587891 0.922173
0.587154 0.923573
0.587154 0.923573
0.586421 0.924975
0.586421 0.924975
0.585693 0.926378
0.585693 0.926378
0.584969 0.927783
0.584249 0.929189
0.584249 0.929189
0.583533 0.930597
0.583533 0.930597
0.582820 0.932006
0.582820 0.932006
0.582111 0.933416
0.582111 0.933416
0.581405 0.934827
0.580701 0.936240
0.580701 0.936240
0.580001 0.937653
0.580001 0.937653
0.579303 0.939067
0.579303 0.939067
0.578607 0.940483
0.577913 0.941899
0.577913 0.941899
0.577222 0.943316
0.577222 0.943316
0.576531 0.944733
0.576531 0.944733
0.575843 0.946151
0.575843 0.946151
0.575155 0.947569
0.574469 0.948988
0.574469 0.948988
0.573784 0.950407
0.573784 0.950407
0.573099 0.951826
0.573099 0.951826
0.572414 0.953246
0.571730 0.954665
0.571730 0.954665
0.571046 0.956085
0.571046 0.956085
0.570361 0.957504
0.570361 0.957504
0.569677 0.958924
0.569677 0.958924
0.568991 0.960343
0.568305 0.961762
0.568305 0.961762
0.567618 0.963180
0.567618 0.963180
0.566929 0.964598
0.566929 0.964598
0.566239 0.966015
0.565548 0.967432
0.565548 0.967432
0.564854 0.968848
0.564854 0.968848
0.564159 0.970264
0.564159 0.970264
0.563461 0.971678
0.563461 0.971678
0.562761 0.973092
0.562058 0.974504
0.562058 0.974504
0.561352 0.975916
0.561352 0.975916
0.560643 0.977326
0.560643 0.977326
0.559931 0.978735
