[CONTOUR]
0.248765 0.394261
0.249158 0.395838
0.249551 0.396364
0.250730 0.396890
0.251122 0.396890
0.252301 0.397416
0.252694 0.397942
0.253480 0.398468
0.253873 0.398468
0.255051 0.398993
0.255837 0.399519
0.256230 0.400045
0.257016 0.400571
0.257801 0.400571
0.258587 0.401097
0.258980 0.401623
0.259766 0.402148
0.260158 0.402148
0.260944 0.402674
0.261730 0.403200
0.262123 0.403726
0.262909 0.404252
0.263301 0.404252
0.264087 0.404778
0.264480 0.405303
0.265266 0.405829
0.266052 0.406355
0.266837 0.406355
0.268016 0.407407
0.268409 0.407933
0.269195 0.408459
0.269587 0.408459
0.270766 0.408984
0.271159 0.409510
0.271945 0.410036
0.272730 0.410562
0.273516 0.410562
0.274302 0.411088
0.274695 0.411614
0.275480 0.412139
0.275873 0.412139
0.277052 0.412665
0.277445 0.413191
0.278623 0.413717
0.279409 0.414243
0.280195 0.414243
0.281373 0.414769
0.281766 0.415294
0.282552 0.415820
0.283338 0.415820
0.284124 0.416346
0.284516 0.416872
0.285695 0.417398
0.286874 0.417924
0.287659 0.417924
0.288445 0.418450
0.288838 0.418975
0.290409 0.419501
0.291195 0.419501
0.292374 0.420027
0.292767 0.420553
0.293945 0.421079
0.295124 0.421605
0.295910 0.421605
0.297088 0.422130
0.297481 0.422656
0.298660 0.423182
0.299838 0.423182
0.301410 0.423708
0.301803 0.424234
0.302981 0.424760
0.304160 0.425285
0.305731 0.425285
0.306910 0.425811
0.307303 0.426337
0.308874 0.426863
0.310053 0.426863
0.312017 0.427389
0.313589 0.427915
0.313982 0.428441
0.315553 0.428966
0.317125 0.428966
0.319875 0.429492
0.320268 0.430018
0.322232 0.430544
0.324196 0.430544
0.326554 0.431070
0.329304 0.431596
0.329696 0.432121
0.332447 0.432647
0.334804 0.432647
0.338340 0.433173
0.338732 0.433699
0.343054 0.434225
0.346197 0.434225
0.350126 0.434751
0.355233 0.435276
0.355626 0.435802
0.359162 0.436328
0.359162 0.437906
0.400806 0.436328
0.401199 0.435802
0.403163 0.435276
0.407092 0.435276
0.409842 0.434751
0.411806 0.434225
0.412199 0.433699
0.414949 0.433173
0.416521 0.433173
0.418485 0.432647
0.418878 0.432121
0.420449 0.431596
0.422021 0.431596
0.423592 0.431070
0.425164 0.430544
0.425557 0.430018
0.426735 0.429492
0.428700 0.429492
0.430271 0.428966
0.430664 0.428441
0.431843 0.427915
0.432628 0.427915
0.434593 0.427389
0.435771 0.426863
0.436164 0.426337
0.437343 0.425811
0.438129 0.425811
0.439307 0.425285
0.439700 0.424760
0.440486 0.424234
0.441272 0.423708
0.441664 0.423708
0.442450 0.423182
0.443629 0.421605
0.442843 0.418975
0.442450 0.418975
0.441272 0.418450
0.440879 0.417924
0.438914 0.417398
0.429093 0.417924
0.420449 0.417924
0.419271 0.417398
0.418878 0.417924
0.397270 0.418450
0.379591 0.418450
0.367019 0.417924
0.366626 0.417398
0.360340 0.416872
0.355626 0.416346
0.352483 0.416346
0.349340 0.415820
0.348947 0.415294
0.345018 0.414769
0.341875 0.414769
0.339518 0.414243
0.339125 0.413717
0.336375 0.413191
0.332839 0.412665
0.329696 0.412665
0.326554 0.412139
0.326161 0.411614
0.323411 0.411088
0.320268 0.411088
0.317518 0.410562
0.317125 0.410036
0.314767 0.409510
0.312410 0.408984
0.310446 0.408984
0.308089 0.408459
0.307696 0.407933
0.305731 0.407407
0.303767 0.407407
0.301410 0.406881
0.301017 0.406355
0.299053 0.405829
0.297481 0.405303
0.295910 0.405303
0.293945 0.404778
0.293552 0.404252
0.291981 0.403726
0.290409 0.403726
0.288838 0.403200
0.286481 0.402674
0.286088 0.402148
0.284124 0.401623
0.282945 0.401623
0.280981 0.401097
0.280588 0.400571
0.278231 0.400045
0.276266 0.400045
0.273909 0.399519
0.271159 0.398993
0.270766 0.398468
0.268016 0.397942
0.265659 0.397942
0.263301 0.397416
0.262909 0.396890
0.260944 0.396364
0.260158 0.396364
0.259766 0.394261
[SKELETON]
0.254553 0.395948
0.256229 0.396830
0.256229 0.396830
0.257912 0.397698
0.257912 0.397698
0.259602 0.398552
0.259602 0.398552
0.261298 0.399394
0.261298 0.399394
0.263002 0.400222
0.263002 0.400222
0.264712 0.401036
0.264712 0.401036
0.266428 0.401838
0.266428 0.401838
0.268151 0.402627
0.268151 0.402627
0.269880 0.403402
0.269880 0.403402
0.271615 0.404165
0.271615 0.404165
0.273356 0.404914
0.273356 0.404914
0.275103 0.405651
0.275103 0.405651
0.276856 0.406375
0.276856 0.406375
0.278614 0.407087
0.278614 0.407087
0.280378 0.407786
0.280378 0.407786
0.282147 0.408472
0.282147 0.408472
0.283922 0.409146
0.283922 0.409146
0.285702 0.409807
0.285702 0.409807
0.287487 0.410456
0.287487 0.410456
0.289276 0.411093
0.289276 0.411093
0.291071 0.411718
0.291071 0.411718
0.292871 0.412330
0.292871 0.412330
0.294675 0.412931
0.294675 0.412931
0.296483 0.413519
0.296483 0.413519
0.298296 0.414095
0.298296 0.414095
0.300113 0.414660
0.300113 0.414660
0.301935 0.415213
0.301935 0.415213
0.303760 0.415754
0.303760 0.415754
0.305589 0.416283
0.305589 0.416283
0.307422 0.416801
0.307422 0.416801
0.309259 0.417307
0.309259 0.417307
0.311099 0.417802
0.311099 0.417802
0.312943 0.418285
0.312943 0.418285
0.314790 0.418757
0.316641 0.419218
0.316641 0.419218
0.318494 0.419667
0.318494 0.419667
0.320351 0.420106
0.320351 0.420106
0.322210 0.420533
0.322210 0.420533
0.324072 0.420950
0.324072 0.420950
0.325937 0.421355
0.325937 0.421355
0.327804 0.421750
0.327804 0.421750
0.329674 0.422133
0.329674 0.422133
0.331546 0.422506
0.331546 0.422506
0.333420 0.422869
0.333420 0.422869
0.335297 0.423220
0.335297 0.423220
0.337175 0.423562
0.337175 0.423562
0.339055 0.423892
0.339055 0.423892
0.340937 0.424213
0.340937 0.424213
0.342820 0.424523
0.342820 0.424523
0.344705 0.424823
0.344705 0.424823
0.346591 0.425112
0.346591 0.425112
0.348479 0.425392
0.348479 0.425392
0.350367 0.425661
0.350367 0.425661
0.352256 0.425919
0.352256 0.425919
0.354144 0.426165
0.354144 0.426165
0.356031 0.426400
0.356031 0.426400
0.357917 0.426623
0.357917 0.426623
0.359801 0.426833
0.359801 0.426833
0.361682 0.427030
0.361682 0.427030
0.363560 0.427214
0.363560 0.427214
0.365435 0.427384
0.365435 0.427384
0.367306 0.427540
0.367306 0.427540
0.369172 0.427682
0.369172 0.427682
0.371033 0.427808
0.371033 0.427808
0.372889 0.427919
0.372889 0.427919
0.374738 0.428014
0.374738 0.428014
0.376580 0.428093
0.378415 0.428155
0.378415 0.428155
0.380242 0.428201
0.380242 0.428201
0.382061 0.428229
0.382061 0.428229
0.383871 0.428239
0.383871 0.428239
0.385672 0.428231
0.385672 0.428231
0.387462 0.428204
0.387462 0.428204
0.389243 0.428158
0.389243 0.428158
0.391012 0.428093
0.391012 0.428093
0.392769 0.428008
0.392769 0.428008
0.394515 0.427903
0.394515 0.427903
0.396250 0.427778
0.396250 0.427778
0.397978 0.427634
0.397978 0.427634
0.399702 0.427472
0.399702 0.427472
0.401425 0.427293
0.401425 0.427293
0.403149 0.427098
0.403149 0.427098
0.404878 0.426889
0.404878 0.426889
0.406616 0.426664
0.406616 0.426664
0.408363 0.426427
0.408363 0.426427
0.410125 0.426177
0.410125 0.426177
0.411904 0.425916
0.411904 0.425916
0.413702 0.425645
0.413702 0.425645
0.415524 0.425364
0.415524 0.425364
0.417370 0.425074
0.417370 0.425074
0.419241 0.424776
0.419241 0.424776
0.421135 0.424470
0.421135 0.424470
0.423050 0.424156
0.423050 0.424156
0.424985 0.423835
0.424985 0.423835
0.426939 0.423508
0.426939 0.423508
0.428911 0.423174
0.428911 0.423174
0.430898 0.422834
0.430898 0.422834
0.432901 0.422488
0.432901 0.422488
0.434916 0.422137
0.434916 0.422137
0.436944 0.421781
0.436944 0.421781
0.438983 0.421421
