[CONTOUR]
0.091335 0.187135
0.089209 0.188661
0.088359 0.189805
0.087509 0.191331
0.087084 0.192094
0.085809 0.193620
0.085384 0.194383
0.084958 0.195528
0.084533 0.196291
0.083683 0.197817
0.083258 0.198961
0.082833 0.199724
0.081983 0.200869
0.081558 0.201631
0.081132 0.203157
0.080707 0.203920
0.079857 0.205065
0.079432 0.205828
0.079007 0.207354
0.078157 0.208880
0.077732 0.209643
0.077306 0.211550
0.076881 0.212313
0.076031 0.213458
0.075606 0.214602
0.075181 0.216128
0.074756 0.216891
0.073906 0.218417
0.073480 0.219562
0.073055 0.221088
0.072205 0.222614
0.071780 0.223758
0.071355 0.225284
0.070930 0.226429
0.070080 0.227955
0.069654 0.229099
0.069229 0.231006
0.068804 0.232151
0.067954 0.233677
0.067529 0.235584
0.067104 0.236729
0.066254 0.238255
0.065829 0.239399
0.065403 0.241688
0.064978 0.242833
0.063703 0.245122
0.062428 0.293953
0.064128 0.294716
0.064978 0.296623
0.065403 0.298149
0.065829 0.300820
0.066254 0.301964
0.067104 0.303872
0.067529 0.305016
0.067954 0.306924
0.068379 0.308068
0.069229 0.309594
0.069654 0.311883
0.070080 0.312646
0.070930 0.314172
0.071355 0.315317
0.071780 0.316843
0.072205 0.317987
0.073055 0.319513
0.073480 0.320657
0.073906 0.322183
0.074331 0.323328
0.075181 0.324472
0.075606 0.325998
0.076031 0.326761
0.076881 0.328287
0.077306 0.329050
0.077732 0.330576
0.078157 0.331339
0.079007 0.332484
0.079432 0.333247
0.079857 0.334773
0.080707 0.335917
0.081132 0.336680
0.081558 0.337825
0.081983 0.338588
0.082833 0.339732
0.083258 0.340495
0.084108 0.342021
0.084533 0.342784
0.085809 0.344310
0.086234 0.345455
0.086659 0.346218
0.087934 0.347744
0.088359 0.348506
0.089209 0.350032
0.089635 0.350795
0.090910 0.352321
0.091335 0.353084
0.091760 0.354229
0.093035 0.355755
0.093886 0.356899
0.094736 0.358425
0.095586 0.359570
0.098137 0.362240
0.100687 0.364911
0.103663 0.368344
0.105789 0.370633
0.111740 0.376356
0.111315 0.373304
0.110890 0.372159
0.110040 0.370633
0.109615 0.369489
0.109190 0.367963
0.108764 0.367200
0.107914 0.366055
0.107489 0.364911
0.107064 0.363766
0.106639 0.363003
0.105789 0.361859
0.105364 0.360714
0.104938 0.359951
0.104088 0.358807
0.103663 0.358044
0.103238 0.356518
0.102813 0.355755
0.101963 0.354229
0.101538 0.353466
0.101113 0.351940
0.100262 0.350414
0.099837 0.349651
0.099412 0.348506
0.098987 0.347362
0.098137 0.346218
0.097712 0.345073
0.097287 0.343547
0.096861 0.342784
0.096011 0.341640
0.095586 0.339732
0.095161 0.338588
0.094311 0.337443
0.093886 0.335917
0.093461 0.334391
0.093035 0.333628
0.092185 0.332102
0.091760 0.330958
0.091335 0.329432
0.090910 0.328669
0.090060 0.327143
0.089635 0.325617
0.089209 0.324854
0.088359 0.323328
0.087934 0.322183
0.087509 0.319894
0.087084 0.318750
0.086234 0.317224
0.085809 0.315698
0.085384 0.313409
0.084533 0.311883
0.084108 0.310739
0.083683 0.308450
0.083258 0.307305
0.082408 0.305779
0.081983 0.304635
0.081558 0.302346
0.081132 0.301201
0.080282 0.299294
0.079857 0.297386
0.079432 0.295860
0.078582 0.293571
0.078157 0.292045
0.077732 0.288612
0.077306 0.285560
0.076456 0.282127
0.076031 0.277167
0.076456 0.256948
0.077306 0.252370
0.077732 0.248937
0.078157 0.245122
0.078582 0.243214
0.079432 0.240925
0.079857 0.239399
0.080282 0.236347
0.080707 0.234440
0.081558 0.232532
0.081983 0.231006
0.082408 0.228336
0.083258 0.226047
0.083683 0.224903
0.084108 0.221851
0.084533 0.219943
0.085384 0.218036
0.085809 0.216510
0.086234 0.213076
0.086659 0.211550
0.087509 0.209261
0.087934 0.205828
0.088359 0.204302
0.089209 0.202013
0.089635 0.200487
0.090060 0.197817
0.090485 0.196291
0.091335 0.194383
0.091760 0.193239
0.092185 0.187898
[SKELETON]
0.090342 0.190138
0.089716 0.191798
0.089716 0.191798
0.089082 0.193460
0.089082 0.193460
0.088440 0.195122
0.088440 0.195122
0.087791 0.196785
0.087791 0.196785
0.087137 0.198449
0.087137 0.198449
0.086478 0.200114
0.086478 0.200114
0.085816 0.201782
0.085816 0.201782
0.085152 0.203451
0.084487 0.205123
0.084487 0.205123
0.083823 0.206797
0.083823 0.206797
0.083159 0.208474
0.083159 0.208474
0.082499 0.210154
0.082499 0.210154
0.081843 0.211837
0.081843 0.211837
0.081191 0.213523
0.081191 0.213523
0.080546 0.215213
0.080546 0.215213
0.079908 0.216907
0.079278 0.218605
0.079278 0.218605
0.078658 0.220308
0.078658 0.220308
0.078049 0.222015
0.078049 0.222015
0.077453 0.223727
0.077453 0.223727
0.076869 0.225444
0.076869 0.225444
0.076300 0.227167
0.076300 0.227167
0.075746 0.228895
0.075746 0.228895
0.075209 0.230629
0.074690 0.232369
0.074690 0.232369
0.074190 0.234115
0.074190 0.234115
0.073710 0.235868
0.073710 0.235868
0.073252 0.237627
0.073252 0.237627
0.072815 0.239393
0.072815 0.239393
0.072400 0.241164
0.072400 0.241164
0.072007 0.242941
0.072007 0.242941
0.071637 0.244723
0.071637 0.244723
0.071291 0.246510
0.070967 0.248301
0.070967 0.248301
0.070668 0.250096
0.070668 0.250096
0.070393 0.251894
0.070393 0.251894
0.070142 0.253696
0.070142 0.253696
0.069916 0.255500
0.069916 0.255500
0.069716 0.257306
0.069716 0.257306
0.069541 0.259114
0.069541 0.259114
0.069392 0.260924
0.069270 0.262734
0.069270 0.262734
0.069174 0.264545
0.069174 0.264545
0.069106 0.266357
0.069106 0.266357
0.069065 0.268168
0.069065 0.268168
0.069052 0.269979
0.069052 0.269979
0.069067 0.271789
0.069067 0.271789
0.069111 0.273597
0.069111 0.273597
0.069184 0.275404
0.069286 0.277209
0.069286 0.277209
0.069418 0.279011
0.069418 0.279011
0.069580 0.280810
0.069580 0.280810
0.069772 0.282606
0.069772 0.282606
0.069993 0.284398
0.069993 0.284398
0.070244 0.286187
0.070244 0.286187
0.070523 0.287972
0.070523 0.287972
0.070830 0.289754
0.071164 0.291532
0.071164 0.291532
0.071525 0.293306
0.071525 0.293306
0.071912 0.295076
0.071912 0.295076
0.072325 0.296841
0.072325 0.296841
0.072762 0.298603
0.072762 0.298603
0.073224 0.300360
0.073224 0.300360
0.073709 0.302113
0.073709 0.302113
0.074217 0.303862
0.074748 0.305606
0.074748 0.305606
0.075301 0.307345
0.075301 0.307345
0.075875 0.309079
0.075875 0.309079
0.076470 0.310808
0.076470 0.310808
0.077085 0.312533
0.077085 0.312533
0.077719 0.314252
0.077719 0.314252
0.078373 0.315966
0.078373 0.315966
0.079044 0.317675
0.079734 0.319378
0.079734 0.319378
0.080440 0.321076
0.080440 0.321076
0.081164 0.322768
0.081164 0.322768
0.081903 0.324454
0.081903 0.324454
0.082657 0.326135
0.082657 0.326135
0.083427 0.327810
0.083427 0.327810
0.084210 0.329478
0.084210 0.329478
0.085007 0.331141
0.085007 0.331141
0.085818 0.332797
0.086640 0.334447
0.086640 0.334447
0.087475 0.336091
0.087475 0.336091
0.088320 0.337728
0.088320 0.337728
0.089176 0.339358
0.089176 0.339358
0.090043 0.340981
0.090043 0.340981
0.090919 0.342598
0.090919 0.342598
0.091803 0.344208
0.091803 0.344208
0.092696 0.345811
0.093596 0.347406
0.093596 0.347406
0.094504 0.348995
0.094504 0.348995
0.095418 0.350576
0.095418 0.350576
0.096338 0.352149
0.096338 0.352149
0.097263 0.353715
0.097263 0.353715
0.098193 0.355273
0.098193 0.355273
0.099127 0.356824
0.099127 0.356824
0.100065 0.358367
0.101005 0.359901
0.101005 0.359901
0.101948 0.361428
0.101948 0.361428
0.102893 0.362946
0.102893 0.362946
0.103838 0.364457
0.103838 0.364457
0.104785 0.365959
0.104785 0.365959
0.105731 0.367452
0.105731 0.367452
0.106676 0.368937
0.106676 0.368937
0.107621 0.370413
