[CONTOUR]
0.411668 0.293912
0.414056 0.299269
0.415548 0.300877
0.416742 0.302484
0.418533 0.304359
0.419130 0.305162
0.420025 0.306502
0.421816 0.308377
0.422413 0.309180
0.423010 0.310252
0.424503 0.311859
0.425099 0.312930
0.425995 0.314002
0.427487 0.315609
0.428383 0.316948
0.428980 0.317752
0.430472 0.319359
0.431069 0.320430
0.431666 0.321234
0.432860 0.322573
0.433457 0.323644
0.434054 0.324448
0.435248 0.325787
0.435845 0.326859
0.436442 0.327662
0.437934 0.329269
0.438531 0.330341
0.439128 0.331144
0.440919 0.333019
0.441516 0.334091
0.443008 0.335698
0.443904 0.336769
0.444501 0.337841
0.445993 0.339448
0.446889 0.340519
0.447486 0.341591
0.448679 0.342930
0.449276 0.343734
0.449873 0.344805
0.451067 0.346144
0.451963 0.347216
0.452858 0.348555
0.455246 0.350966
0.456738 0.352573
0.466290 0.361144
0.479721 0.373466
0.483005 0.376680
0.485393 0.379359
0.488079 0.382037
0.488974 0.383109
0.489571 0.384180
0.490765 0.385519
0.491362 0.386591
0.491661 0.387127
0.492556 0.388198
0.493153 0.389269
0.493452 0.389805
0.494347 0.390877
0.494645 0.391680
0.495242 0.392484
0.495839 0.393287
0.496138 0.394359
0.496436 0.394894
0.497033 0.395698
0.497332 0.396502
0.497630 0.397305
0.498227 0.398109
0.498526 0.398912
0.498824 0.399448
0.499421 0.400252
0.499720 0.401055
0.500317 0.402127
0.500615 0.402662
0.500914 0.403466
0.501510 0.404537
0.501809 0.405073
0.502107 0.406144
0.502704 0.406948
0.503003 0.407752
0.503301 0.408823
0.503898 0.409627
0.504197 0.410430
0.504495 0.411502
0.505092 0.412573
0.505391 0.413377
0.505689 0.414448
0.506286 0.415519
0.506585 0.416323
0.506883 0.417394
0.507480 0.418466
0.507779 0.419269
0.508077 0.419805
0.508674 0.420877
0.508973 0.421680
0.509271 0.422216
0.509868 0.423287
0.510166 0.424091
0.510465 0.424627
0.511062 0.425698
0.511360 0.426502
0.511659 0.427037
0.512256 0.427841
0.512554 0.428644
0.512853 0.429180
0.513450 0.429984
0.513748 0.430787
0.514047 0.431323
0.514644 0.432127
0.514942 0.432930
0.515241 0.433734
0.516733 0.435341
0.518822 0.435609
0.517628 0.432127
0.517330 0.431591
0.517031 0.429180
0.516435 0.427841
0.516136 0.426502
0.515838 0.424359
0.515241 0.423019
0.514942 0.421948
0.514644 0.419537
0.514047 0.418198
0.513748 0.417127
0.513450 0.414984
0.512853 0.413644
0.512554 0.412305
0.512256 0.410430
0.511659 0.409359
0.511360 0.408287
0.511062 0.406948
0.510465 0.405877
0.510166 0.404269
0.509868 0.403466
0.509271 0.402662
0.508973 0.401323
0.508674 0.400519
0.508077 0.399716
0.507779 0.398644
0.507480 0.397841
0.506883 0.396769
0.506585 0.395698
0.506286 0.394894
0.505689 0.394091
0.505391 0.392752
0.505092 0.392216
0.504495 0.391144
0.504197 0.389805
0.503898 0.389269
0.503301 0.388198
0.503003 0.387127
0.502406 0.386323
0.502107 0.385787
0.501809 0.384984
0.501212 0.384180
0.500914 0.383644
0.500615 0.382841
0.500018 0.382037
0.499720 0.381502
0.499421 0.380698
0.498824 0.379894
0.498227 0.379091
0.497929 0.378287
0.497033 0.377216
0.496735 0.376680
0.496138 0.375609
0.495242 0.374537
0.494645 0.373734
0.493750 0.372394
0.492556 0.371055
0.491661 0.369984
0.490765 0.368644
0.488676 0.366502
0.487183 0.364627
0.485393 0.362752
0.479124 0.356859
0.470767 0.349894
0.465096 0.344537
0.460022 0.339716
0.457932 0.337305
0.456738 0.335966
0.453754 0.333019
0.452560 0.331412
0.451067 0.329805
0.448381 0.327127
0.447187 0.325519
0.446292 0.324448
0.444501 0.322573
0.443605 0.321234
0.442411 0.319894
0.440024 0.317484
0.438531 0.315609
0.428383 0.306234
0.425995 0.304359
0.423906 0.303019
0.422115 0.301680
0.420921 0.300877
0.419428 0.300073
0.416742 0.297930
0.415250 0.296859
0.412563 0.293912
[SKELETON]
0.412607 0.296634
0.413789 0.297515
0.413789 0.297515
0.414946 0.298407
0.416080 0.299310
0.416080 0.299310
0.417193 0.300224
0.418284 0.301149
0.418284 0.301149
0.419355 0.302083
0.420407 0.303027
0.420407 0.303027
0.421440 0.303980
0.421440 0.303980
0.422456 0.304941
0.423455 0.305910
0.423455 0.305910
0.424438 0.306887
0.425406 0.307872
0.425406 0.307872
0.426361 0.308863
0.427302 0.309861
0.427302 0.309861
0.428231 0.310864
0.429149 0.311873
0.429149 0.311873
0.430056 0.312887
0.430954 0.313906
0.430954 0.313906
0.431843 0.314929
0.432725 0.315955
0.432725 0.315955
0.433600 0.316985
0.434468 0.318018
0.434468 0.318018
0.435332 0.319053
0.436192 0.320090
0.436192 0.320090
0.437048 0.321129
0.437048 0.321129
0.437902 0.322169
0.438755 0.323209
0.438755 0.323209
0.439607 0.324250
0.440460 0.325291
0.440460 0.325291
0.441313 0.326330
0.442169 0.327369
0.442169 0.327369
0.443028 0.328407
0.443891 0.329442
0.443891 0.329442
0.444758 0.330475
0.445632 0.331505
0.445632 0.331505
0.446511 0.332533
0.447396 0.333557
0.447396 0.333557
0.448288 0.334578
0.449187 0.335596
0.449187 0.335596
0.450092 0.336611
0.451004 0.337622
0.451004 0.337622
0.451923 0.338630
0.451923 0.338630
0.452849 0.339634
0.453783 0.340635
0.453783 0.340635
0.454724 0.341633
0.455673 0.342626
0.455673 0.342626
0.456630 0.343616
0.457595 0.344602
0.457595 0.344602
0.458568 0.345584
0.459549 0.346563
0.459549 0.346563
0.460539 0.347537
0.461538 0.348507
0.461538 0.348507
0.462545 0.349473
0.463558 0.350436
0.463558 0.350436
0.464577 0.351396
0.465601 0.352354
0.465601 0.352354
0.466628 0.353311
0.466628 0.353311
0.467658 0.354266
0.468689 0.355220
0.468689 0.355220
0.469720 0.356174
0.470751 0.357128
0.470751 0.357128
0.471779 0.358083
0.472804 0.359040
0.472804 0.359040
0.473825 0.359998
0.474841 0.360958
0.474841 0.360958
0.475850 0.361921
0.476852 0.362888
0.476852 0.362888
0.477845 0.363858
0.478828 0.364832
0.478828 0.364832
0.479801 0.365811
0.480763 0.366795
0.480763 0.366795
0.481714 0.367784
0.482654 0.368777
0.482654 0.368777
0.483582 0.369776
0.483582 0.369776
0.484498 0.370779
0.485403 0.371787
0.485403 0.371787
0.486296 0.372801
0.487176 0.373819
0.487176 0.373819
0.488045 0.374843
0.488900 0.375872
0.488900 0.375872
0.489743 0.376906
0.490573 0.377946
0.490573 0.377946
0.491390 0.378991
0.492194 0.380041
0.492194 0.380041
0.492984 0.381097
0.493761 0.382159
0.493761 0.382159
0.494523 0.383226
0.495272 0.384298
0.495272 0.384298
0.496007 0.385377
0.496007 0.385377
0.496727 0.386461
0.497432 0.387551
0.497432 0.387551
0.498123 0.388647
0.498799 0.389749
0.498799 0.389749
0.499459 0.390856
0.500104 0.391970
0.500104 0.391970
0.500734 0.393090
0.501348 0.394216
0.501348 0.394216
0.501946 0.395348
0.502529 0.396486
0.502529 0.396486
0.503094 0.397631
0.503644 0.398782
0.503644 0.398782
0.504177 0.399940
0.504694 0.401103
0.504694 0.401103
0.505197 0.402272
0.505686 0.403446
0.505686 0.403446
0.506163 0.404625
0.506163 0.404625
0.506628 0.405808
0.507082 0.406995
0.507082 0.406995
0.507527 0.408186
0.507963 0.409380
0.507963 0.409380
0.508392 0.410576
0.508814 0.411775
0.508814 0.411775
0.509231 0.412976
0.509643 0.414179
0.509643 0.414179
0.510051 0.415382
0.510457 0.416586
0.510457 0.416586
0.510862 0.417791
0.511266 0.418995
0.511266 0.418995
0.511670 0.420199
0.512076 0.421402
0.512076 0.421402
0.512484 0.422604
0.512896 0.423804
0.512896 0.423804
0.513312 0.425002
0.513312 0.425002
0.513734 0.426197
0.514162 0.427389
0.514162 0.427389
0.514598 0.428579
0.515043 0.429764
0.515043 0.429764
0.515496 0.430945
0.515961 0.432121
0.515961 0.432121
0.516437 0.433293
