[CONTOUR]
0.327777 0.772565
0.327777 0.773726
0.331657 0.776627
0.333274 0.777788
0.334891 0.778369
0.336184 0.778949
0.337801 0.779819
0.338771 0.780110
0.340388 0.780980
0.341681 0.781560
0.343298 0.782431
0.344591 0.783011
0.345885 0.783882
0.347825 0.785043
0.349441 0.785913
0.351705 0.787364
0.352998 0.787944
0.355262 0.789395
0.358172 0.791427
0.360759 0.793748
0.363669 0.796069
0.365933 0.798391
0.366903 0.799552
0.368843 0.801873
0.371106 0.804485
0.373370 0.806806
0.374986 0.808837
0.376603 0.810869
0.377897 0.812610
0.379190 0.814351
0.379837 0.815511
0.381130 0.817252
0.382100 0.818703
0.382747 0.819864
0.384364 0.821605
0.385334 0.822476
0.387274 0.823056
0.388891 0.823636
0.390831 0.825958
0.391154 0.827409
0.393094 0.827699
0.395681 0.827699
0.395034 0.830020
0.394064 0.830601
0.393094 0.832922
0.393741 0.834953
0.395358 0.836985
0.396974 0.839016
0.397945 0.840467
0.400531 0.843369
0.402472 0.845690
0.404412 0.848011
0.405705 0.849752
0.407322 0.851494
0.409262 0.853815
0.412495 0.857297
0.415082 0.860199
0.416376 0.861940
0.418639 0.864552
0.420579 0.866873
0.422196 0.868904
0.423813 0.870935
0.425106 0.872386
0.426400 0.874127
0.427046 0.875288
0.428016 0.876739
0.428340 0.877610
0.429310 0.879060
0.430280 0.880511
0.431250 0.881962
0.431897 0.883123
0.432867 0.884284
0.433513 0.885444
0.434484 0.886895
0.435130 0.888056
0.435454 0.888927
0.436424 0.890377
0.437070 0.891538
0.437717 0.892699
0.438687 0.894150
0.439657 0.895310
0.440627 0.896761
0.441274 0.897922
0.442244 0.899373
0.442567 0.900244
0.443537 0.901694
0.444508 0.903145
0.445478 0.904596
0.446448 0.906047
0.447418 0.907208
0.449034 0.909239
0.450975 0.911560
0.453561 0.914462
0.454855 0.916203
0.457765 0.920266
0.458412 0.917944
0.457765 0.916203
0.457118 0.915043
0.456472 0.914172
0.455825 0.913011
0.455178 0.911560
0.454531 0.910110
0.454208 0.908659
0.453561 0.906918
0.452915 0.904886
0.452268 0.903145
0.451621 0.901114
0.450975 0.899953
0.450328 0.898212
0.449681 0.896471
0.449034 0.894730
0.448711 0.893279
0.448064 0.891828
0.447418 0.890377
0.446771 0.888927
0.446124 0.887185
0.445478 0.886315
0.444831 0.884864
0.444184 0.883413
0.443537 0.882252
0.443214 0.881092
0.442567 0.879931
0.441921 0.878770
0.441274 0.877610
0.440627 0.876159
0.439981 0.875288
0.439334 0.874127
0.438687 0.872967
0.438040 0.871806
0.437717 0.870935
0.437070 0.869775
0.436100 0.868324
0.435454 0.867163
0.434484 0.865712
0.433513 0.864552
0.432543 0.863101
0.431573 0.861650
0.430280 0.859909
0.429310 0.858458
0.428016 0.856717
0.426723 0.854976
0.425430 0.853235
0.423813 0.851203
0.422196 0.849462
0.420579 0.847431
0.418639 0.845110
0.417346 0.843369
0.416376 0.841918
0.415082 0.840177
0.413789 0.838435
0.412819 0.836985
0.411202 0.834953
0.410232 0.833793
0.409585 0.832632
0.408615 0.831181
0.407322 0.829440
0.404412 0.826248
0.403442 0.825958
0.401501 0.824217
0.399885 0.822766
0.399238 0.820735
0.398591 0.819284
0.397945 0.817833
0.397298 0.816382
0.396651 0.814931
0.395358 0.813190
0.394711 0.812029
0.393418 0.810288
0.391801 0.808257
0.389861 0.805935
0.387597 0.803614
0.385980 0.801583
0.384040 0.799261
0.381130 0.796069
0.379837 0.794909
0.378867 0.794038
0.377897 0.793168
0.371753 0.788235
0.368843 0.786203
0.367226 0.785043
0.365286 0.783882
0.363992 0.783302
0.362699 0.782721
0.361082 0.781851
0.360112 0.781560
0.358819 0.780980
0.357525 0.780400
0.355585 0.779239
0.354615 0.778659
0.353322 0.778078
0.352028 0.777498
0.350412 0.776918
0.348471 0.776337
0.346855 0.776047
0.344591 0.775467
0.342651 0.774886
0.339741 0.774306
0.337477 0.773726
0.332627 0.773145
0.329717 0.772565
[SKELETON]
0.331904 0.775360
0.333424 0.775625
0.333424 0.775625
0.334930 0.775926
0.336423 0.776263
0.336423 0.776263
0.337901 0.776634
0.339366 0.777040
0.339366 0.777040
0.340817 0.777478
0.342254 0.777949
0.342254 0.777949
0.343676 0.778451
0.345085 0.778984
0.345085 0.778984
0.346479 0.779546
0.347859 0.780138
0.347859 0.780138
0.349225 0.780758
0.350576 0.781405
0.350576 0.781405
0.351913 0.782079
0.353235 0.782778
0.353235 0.782778
0.354544 0.783503
0.355837 0.784252
0.355837 0.784252
0.357116 0.785024
0.358380 0.785818
0.358380 0.785818
0.359630 0.786635
0.360865 0.787472
0.360865 0.787472
0.362085 0.788330
0.363290 0.789207
0.363290 0.789207
0.364480 0.790102
0.365655 0.791015
0.365655 0.791015
0.366816 0.791945
0.367961 0.792891
0.367961 0.792891
0.369091 0.793853
0.370206 0.794829
0.370206 0.794829
0.371306 0.795819
0.372391 0.796821
0.372391 0.796821
0.373460 0.797836
0.374514 0.798861
0.374514 0.798861
0.375553 0.799898
0.376576 0.800944
0.376576 0.800944
0.377586 0.802000
0.378581 0.803065
0.378581 0.803065
0.379563 0.804139
0.380533 0.805221
0.380533 0.805221
0.381491 0.806311
0.382437 0.807409
0.382437 0.807409
0.383373 0.808514
0.384298 0.809625
0.384298 0.809625
0.385214 0.810743
0.386120 0.811867
0.386120 0.811867
0.387018 0.812997
0.387909 0.814131
0.387909 0.814131
0.388791 0.815271
0.389668 0.816414
0.389668 0.816414
0.390538 0.817562
0.391402 0.818713
0.391402 0.818713
0.392261 0.819867
0.393117 0.821024
0.393117 0.821024
0.393968 0.822183
0.394816 0.823344
0.394816 0.823344
0.395662 0.824507
0.396505 0.825670
0.396505 0.825670
0.397347 0.826835
0.398188 0.827999
0.398188 0.827999
0.399029 0.829164
0.399870 0.830328
0.399870 0.830328
0.400712 0.831491
0.401556 0.832652
0.401556 0.832652
0.402402 0.833812
0.403250 0.834970
0.403250 0.834970
0.404102 0.836126
0.404957 0.837278
0.405817 0.838427
0.405817 0.838427
0.406681 0.839573
0.407549 0.840716
0.407549 0.840716
0.408420 0.841856
0.409294 0.842994
0.409294 0.842994
0.410170 0.844129
0.411048 0.845262
0.411048 0.845262
0.411928 0.846394
0.412809 0.847524
0.412809 0.847524
0.413690 0.848653
0.414572 0.849781
0.414572 0.849781
0.415453 0.850908
0.416334 0.852035
0.416334 0.852035
0.417213 0.853162
0.418091 0.854288
0.418091 0.854288
0.418967 0.855415
0.419840 0.856542
0.419840 0.856542
0.420710 0.857670
0.421577 0.858799
0.421577 0.858799
0.422441 0.859929
0.423299 0.861061
0.423299 0.861061
0.424154 0.862194
0.425003 0.863330
0.425003 0.863330
0.425846 0.864467
0.426683 0.865608
0.426683 0.865608
0.427514 0.866750
0.428338 0.867896
0.428338 0.867896
0.429155 0.869046
0.429963 0.870198
0.429963 0.870198
0.430764 0.871354
0.431555 0.872515
0.431555 0.872515
0.432338 0.873679
0.433111 0.874848
0.433111 0.874848
0.433873 0.876022
0.434626 0.877201
0.434626 0.877201
0.435368 0.878384
0.436100 0.879572
0.436100 0.879572
0.436823 0.880765
0.437537 0.881961
0.437537 0.881961
0.438241 0.883162
0.438938 0.884366
0.438938 0.884366
0.439627 0.885574
0.440308 0.886785
0.440308 0.886785
0.440981 0.887999
0.441648 0.889216
0.441648 0.889216
0.442308 0.890435
0.442963 0.891657
0.442963 0.891657
0.443611 0.892881
0.444254 0.894107
0.444254 0.894107
0.444892 0.895335
0.445526 0.896564
0.445526 0.896564
0.446155 0.897795
0.446781 0.899026
0.446781 0.899026
0.447403 0.900259
0.448021 0.901492
0.448021 0.901492
0.448637 0.902725
0.449251 0.903958
0.449251 0.903958
0.449863 0.905192
0.450473 0.906425
0.450473 0.906425
0.451082 0.907658
0.451690 0.908890
0.451690 0.908890
0.452297 0.910121
0.452904 0.911351
0.452904 0.911351
0.453512 0.912579
0.454120 0.913806
0.454120 0.913806
0.454730 0.915032
