[CONTOUR]
0.814531 0.248663
0.816389 0.249497
0.816699 0.250609
0.817009 0.251165
0.818248 0.252555
0.818868 0.253389
0.819487 0.254501
0.819797 0.255057
0.820726 0.256169
0.821036 0.256725
0.821346 0.257559
0.821656 0.258393
0.822275 0.259227
0.822585 0.259783
0.822895 0.260339
0.823205 0.261173
0.823514 0.261729
0.824134 0.262563
0.824444 0.263119
0.824754 0.264231
0.825063 0.264787
0.825683 0.265621
0.825993 0.266177
0.826302 0.267011
0.826922 0.267845
0.827542 0.268679
0.827851 0.269235
0.828161 0.269791
0.828471 0.270625
0.829091 0.271459
0.830330 0.272849
0.830949 0.273683
0.831569 0.274795
0.832188 0.275629
0.833428 0.277019
0.834357 0.278131
0.835286 0.279521
0.836216 0.280633
0.837765 0.282301
0.838384 0.283135
0.839313 0.284247
0.840243 0.285637
0.841172 0.286749
0.843651 0.289251
0.844890 0.290641
0.845819 0.292031
0.847058 0.293421
0.849227 0.295645
0.850466 0.297035
0.851705 0.298703
0.853254 0.300371
0.856042 0.303151
0.857591 0.304819
0.859759 0.307321
0.879586 0.325392
0.887021 0.331786
0.889499 0.333732
0.890738 0.334566
0.891977 0.335122
0.892907 0.335678
0.894146 0.336512
0.895075 0.337068
0.896004 0.337346
0.896624 0.337624
0.897863 0.338458
0.898483 0.338736
0.899412 0.339014
0.900032 0.339292
0.901271 0.339848
0.902200 0.340404
0.902820 0.340682
0.903749 0.340960
0.904369 0.341238
0.905298 0.341794
0.905918 0.342072
0.907157 0.342350
0.907776 0.342628
0.908706 0.343184
0.909325 0.343462
0.910564 0.343740
0.911494 0.344018
0.912113 0.344296
0.913352 0.344852
0.914282 0.345130
0.915521 0.345408
0.916450 0.345686
0.917689 0.346242
0.918619 0.346520
0.920168 0.346798
0.920787 0.347076
0.922027 0.347632
0.922956 0.347910
0.924505 0.348188
0.925434 0.348466
0.926364 0.348744
0.927603 0.349300
0.928532 0.349578
0.930081 0.349856
0.931010 0.350134
0.932559 0.350690
0.933489 0.350968
0.935657 0.351246
0.937206 0.351524
0.938755 0.352080
0.940304 0.352358
0.943712 0.352636
0.945880 0.352914
0.947429 0.353192
0.973451 0.354304
0.972522 0.352636
0.971902 0.352080
0.971283 0.351802
0.970353 0.351524
0.969734 0.351246
0.968804 0.350690
0.967875 0.350412
0.966636 0.350134
0.965706 0.349856
0.964467 0.349300
0.963538 0.349022
0.962918 0.348744
0.961369 0.348466
0.960440 0.348188
0.959201 0.347632
0.958581 0.347354
0.957032 0.347076
0.956103 0.346798
0.954864 0.346242
0.953935 0.345964
0.952386 0.345686
0.951456 0.345408
0.950217 0.344852
0.949288 0.344574
0.948358 0.344296
0.946809 0.344018
0.945570 0.343740
0.944331 0.343184
0.943402 0.342906
0.941543 0.342628
0.940614 0.342350
0.939375 0.341794
0.938445 0.341516
0.936896 0.341238
0.935967 0.340960
0.934728 0.340404
0.934108 0.340126
0.933179 0.339848
0.931630 0.339570
0.931010 0.339292
0.929771 0.338736
0.928842 0.338458
0.927293 0.338180
0.926364 0.337902
0.925124 0.337346
0.924505 0.337068
0.923266 0.336790
0.922336 0.336512
0.921407 0.335956
0.920478 0.335678
0.919238 0.335400
0.918619 0.335122
0.917999 0.334844
0.916760 0.334288
0.916141 0.334010
0.915211 0.333732
0.914282 0.333454
0.913352 0.332898
0.912733 0.332620
0.911804 0.332342
0.911184 0.332064
0.910255 0.331508
0.909635 0.331230
0.908396 0.330674
0.907776 0.330396
0.907157 0.330118
0.905918 0.329284
0.905298 0.329006
0.903749 0.328172
0.902820 0.327616
0.900341 0.325670
0.889499 0.316218
0.881444 0.308989
0.878347 0.306487
0.869673 0.298981
0.867194 0.296479
0.865645 0.294533
0.863787 0.292587
0.861308 0.290085
0.848607 0.278409
0.848297 0.278131
0.841172 0.271459
0.838074 0.268401
0.835286 0.265343
0.832808 0.262841
0.829400 0.259505
0.826922 0.257003
0.823205 0.253667
0.820417 0.251443
0.817938 0.249497
0.816699 0.248663
[SKELETON]
0.819642 0.252478
0.820486 0.253518
0.820486 0.253518
0.821335 0.254560
0.822188 0.255606
0.822188 0.255606
0.823045 0.256654
0.823906 0.257704
0.823906 0.257704
0.824770 0.258756
0.825639 0.259810
0.825639 0.259810
0.826512 0.260866
0.827388 0.261924
0.827388 0.261924
0.828269 0.262984
0.829153 0.264045
0.829153 0.264045
0.830042 0.265107
0.830934 0.266170
0.830934 0.266170
0.831831 0.267234
0.831831 0.267234
0.832731 0.268300
0.833636 0.269365
0.833636 0.269365
0.834544 0.270432
0.835456 0.271499
0.835456 0.271499
0.836373 0.272566
0.837293 0.273633
0.837293 0.273633
0.838217 0.274700
0.839146 0.275767
0.839146 0.275767
0.840078 0.276833
0.841014 0.277900
0.841014 0.277900
0.841954 0.278965
0.842899 0.280030
0.842899 0.280030
0.843847 0.281093
0.844799 0.282156
0.844799 0.282156
0.845755 0.283217
0.846715 0.284277
0.846715 0.284277
0.847679 0.285336
0.848647 0.286393
0.848647 0.286393
0.849619 0.287448
0.850595 0.288500
0.850595 0.288500
0.851575 0.289551
0.852559 0.290600
0.852559 0.290600
0.853547 0.291646
0.854539 0.292690
0.854539 0.292690
0.855535 0.293731
0.855535 0.293731
0.856535 0.294769
0.857539 0.295804
0.857539 0.295804
0.858546 0.296835
0.859558 0.297864
0.859558 0.297864
0.860574 0.298889
0.861594 0.299911
0.861594 0.299911
0.862618 0.300928
0.863645 0.301942
0.863645 0.301942
0.864677 0.302952
0.865713 0.303958
0.865713 0.303958
0.866752 0.304959
0.867796 0.305955
0.867796 0.305955
0.868844 0.306948
0.869896 0.307935
0.869896 0.307935
0.870951 0.308917
0.872011 0.309895
0.872011 0.309895
0.873074 0.310867
0.874142 0.311833
0.874142 0.311833
0.875214 0.312794
0.876289 0.313750
0.876289 0.313750
0.877369 0.314699
0.878452 0.315643
0.878452 0.315643
0.879540 0.316581
0.880631 0.317512
0.880631 0.317512
0.881727 0.318437
0.882826 0.319355
0.882826 0.319355
0.883930 0.320266
0.883930 0.320266
0.885037 0.321171
0.886149 0.322069
0.886149 0.322069
0.887264 0.322959
0.888384 0.323842
0.888384 0.323842
0.889507 0.324718
0.890636 0.325585
0.890636 0.325585
0.891769 0.326443
0.892908 0.327291
0.892908 0.327291
0.894053 0.328128
0.895204 0.328952
0.895204 0.328952
0.896363 0.329764
0.897530 0.330562
0.897530 0.330562
0.898706 0.331345
0.899890 0.332113
0.899890 0.332113
0.901084 0.332864
0.902288 0.333597
0.902288 0.333597
0.903502 0.334312
0.904728 0.335008
0.904728 0.335008
0.905966 0.335683
0.907215 0.336338
0.907215 0.336338
0.908478 0.336970
0.909754 0.337580
0.909754 0.337580
0.911043 0.338167
0.912344 0.338734
0.912344 0.338734
0.913656 0.339280
0.914979 0.339807
0.914979 0.339807
0.916312 0.340316
0.916312 0.340316
0.917654 0.340808
0.919005 0.341284
0.919005 0.341284
0.920364 0.341744
0.921730 0.342191
0.921730 0.342191
0.923103 0.342625
0.924481 0.343047
0.924481 0.343047
0.925865 0.343459
0.927252 0.343860
0.927252 0.343860
0.928644 0.344252
0.930038 0.344637
0.930038 0.344637
0.931435 0.345014
0.932835 0.345384
0.932835 0.345384
0.934237 0.345747
0.935642 0.346103
0.935642 0.346103
0.937049 0.346452
0.938459 0.346794
0.938459 0.346794
0.939871 0.347131
0.941285 0.347460
0.941285 0.347460
0.942702 0.347784
0.944121 0.348101
0.944121 0.348101
0.945542 0.348413
0.946966 0.348719
0.946966 0.348719
0.948391 0.349020
0.949819 0.349315
0.949819 0.349315
0.951248 0.349604
0.951248 0.349604
0.952680 0.349889
0.954114 0.350169
0.954114 0.350169
0.955549 0.350444
0.956986 0.350714
0.956986 0.350714
0.958425 0.350980
0.959866 0.351241
0.959866 0.351241
0.961308 0.351499
0.962752 0.351752
0.962752 0.351752
0.964198 0.352001
0.965645 0.352247
0.965645 0.352247
0.967094 0.352489
0.968544 0.352728
0.968544 0.352728
0.969995 0.352963
