[CONTOUR]
0.696071 0.914946
0.695741 0.916713
0.694751 0.917154
0.693431 0.917596
0.692111 0.918038
0.690791 0.918480
0.689141 0.918921
0.687491 0.919363
0.686171 0.919805
0.684521 0.920246
0.682871 0.920688
0.681551 0.921130
0.680561 0.921572
0.679241 0.922013
0.677921 0.922455
0.675611 0.922897
0.674621 0.923338
0.673301 0.923780
0.671981 0.924222
0.670990 0.924663
0.669670 0.925105
0.668350 0.925547
0.667030 0.925989
0.666040 0.926430
0.665050 0.926872
0.663730 0.927314
0.662740 0.927755
0.661750 0.928197
0.660430 0.928639
0.659440 0.929081
0.658120 0.929522
0.656800 0.929964
0.655810 0.930406
0.654160 0.930847
0.652840 0.931289
0.651520 0.931731
0.650200 0.932172
0.648550 0.932614
0.647230 0.933056
0.645580 0.933498
0.643930 0.933939
0.641950 0.934381
0.639969 0.934823
0.637989 0.935706
0.635679 0.936148
0.632709 0.936590
0.629079 0.937031
0.624129 0.937473
0.611259 0.937031
0.607958 0.936590
0.605978 0.936148
0.603998 0.935706
0.602678 0.935264
0.601358 0.934823
0.599708 0.934381
0.598388 0.933939
0.597068 0.933498
0.595748 0.933056
0.594758 0.932614
0.593438 0.932172
0.592118 0.931731
0.590798 0.931289
0.589808 0.930847
0.588158 0.930406
0.586838 0.929964
0.585848 0.929522
0.584198 0.929081
0.582548 0.928639
0.580898 0.928197
0.578917 0.927755
0.575617 0.927314
0.561757 0.927755
0.553507 0.928197
0.557137 0.930847
0.559117 0.931289
0.560767 0.931731
0.562417 0.932172
0.563737 0.932614
0.565057 0.933056
0.566047 0.933498
0.567367 0.933939
0.568357 0.934381
0.569347 0.934823
0.570337 0.935264
0.571327 0.935706
0.572317 0.936148
0.573307 0.936590
0.573967 0.937031
0.574627 0.937473
0.575617 0.937915
0.576277 0.938356
0.576937 0.938798
0.577597 0.939240
0.578257 0.939681
0.579247 0.940123
0.579908 0.940565
0.580568 0.941007
0.581228 0.941448
0.582218 0.941890
0.582878 0.942332
0.583868 0.943215
0.584858 0.943657
0.585518 0.944099
0.586178 0.944540
0.587168 0.944982
0.588158 0.945424
0.588818 0.945865
0.589478 0.946307
0.590468 0.946749
0.591458 0.947191
0.592118 0.947632
0.593108 0.948074
0.594098 0.948516
0.594758 0.948957
0.595748 0.949399
0.596738 0.949841
0.597728 0.950282
0.598718 0.950724
0.600038 0.951166
0.601028 0.951608
0.602348 0.952049
0.603668 0.952491
0.604988 0.952933
0.606638 0.953374
0.607628 0.953816
0.632709 0.955141
0.633039 0.953374
0.634359 0.952933
0.637989 0.952491
0.639969 0.952049
0.641950 0.951608
0.643930 0.951166
0.645910 0.950724
0.647890 0.950282
0.649540 0.949841
0.651190 0.949399
0.652510 0.948957
0.653830 0.948516
0.655150 0.948074
0.656800 0.947632
0.658120 0.947191
0.659440 0.946749
0.660760 0.946307
0.662080 0.945865
0.663400 0.945424
0.664720 0.944982
0.665710 0.944540
0.667030 0.944099
0.668020 0.943657
0.669340 0.943215
0.670660 0.942773
0.671651 0.942332
0.672971 0.941890
0.673961 0.941448
0.675281 0.941007
0.676271 0.940565
0.677261 0.940123
0.678911 0.939240
0.680231 0.938798
0.681221 0.938356
0.682541 0.937915
0.683531 0.937473
0.684851 0.937031
0.686171 0.936590
0.687161 0.936148
0.688481 0.935706
0.689801 0.935264
0.691121 0.934823
0.692111 0.934381
0.693101 0.933939
0.694421 0.933498
0.695081 0.933056
0.696071 0.932614
0.697061 0.932172
0.698381 0.931731
0.699371 0.931289
0.700361 0.930847
0.701351 0.930406
0.702342 0.929964
0.703002 0.929522
0.703662 0.929081
0.704322 0.928639
0.705312 0.928197
0.705972 0.927755
0.706962 0.926872
0.707952 0.926430
0.708942 0.925547
0.709602 0.925105
0.710592 0.924222
0.711252 0.923780
0.711912 0.923338
0.712572 0.922897
0.713892 0.922013
0.714552 0.921572
0.715542 0.920688
0.716202 0.920246
0.716862 0.919805
0.717522 0.919363
0.718512 0.918480
0.720162 0.914946
[SKELETON]
0.715830 0.918215
0.714317 0.918544
0.714317 0.918544
0.712806 0.918895
0.712806 0.918895
0.711297 0.919266
0.711297 0.919266
0.709790 0.919658
0.709790 0.919658
0.708286 0.920068
0.708286 0.920068
0.706783 0.920497
0.706783 0.920497
0.705282 0.920943
0.705282 0.920943
0.703782 0.921405
0.703782 0.921405
0.702284 0.921883
0.702284 0.921883
0.700787 0.922375
0.700787 0.922375
0.699291 0.922881
0.699291 0.922881
0.697796 0.923400
0.696303 0.923930
0.696303 0.923930
0.694810 0.924472
0.694810 0.924472
0.693318 0.925023
0.693318 0.925023
0.691826 0.925584
0.691826 0.925584
0.690335 0.926153
0.690335 0.926153
0.688844 0.926729
0.688844 0.926729
0.687354 0.927312
0.687354 0.927312
0.685863 0.927901
0.685863 0.927901
0.684373 0.928494
0.684373 0.928494
0.682882 0.929091
0.682882 0.929091
0.681392 0.929690
0.679900 0.930292
0.679900 0.930292
0.678408 0.930895
0.678408 0.930895
0.676916 0.931498
0.676916 0.931498
0.675423 0.932100
0.675423 0.932100
0.673929 0.932701
0.673929 0.932701
0.672434 0.933299
0.672434 0.933299
0.670938 0.933894
0.670938 0.933894
0.669440 0.934485
0.669440 0.934485
0.667941 0.935070
0.667941 0.935070
0.666441 0.935649
0.666441 0.935649
0.664939 0.936221
0.664939 0.936221
0.663436 0.936786
0.661930 0.937341
0.661930 0.937341
0.660423 0.937887
0.660423 0.937887
0.658913 0.938422
0.658913 0.938422
0.657401 0.938946
0.657401 0.938946
0.655887 0.939457
0.655887 0.939457
0.654370 0.939955
0.654370 0.939955
0.652851 0.940439
0.652851 0.940439
0.651329 0.940908
0.651329 0.940908
0.649805 0.941361
0.649805 0.941361
0.648277 0.941797
0.648277 0.941797
0.646746 0.942215
0.645212 0.942615
0.645212 0.942615
0.643675 0.942995
0.643675 0.942995
0.642134 0.943355
0.642134 0.943355
0.640590 0.943693
0.640590 0.943693
0.639042 0.944009
0.639042 0.944009
0.637490 0.944301
0.637490 0.944301
0.635934 0.944570
0.635934 0.944570
0.634375 0.944814
0.634375 0.944814
0.632812 0.945033
0.632812 0.945033
0.631246 0.945226
0.631246 0.945226
0.629678 0.945392
0.629678 0.945392
0.628108 0.945532
0.626536 0.945644
0.626536 0.945644
0.624964 0.945729
0.624964 0.945729
0.623390 0.945785
0.623390 0.945785
0.621817 0.945812
0.621817 0.945812
0.620244 0.945810
0.620244 0.945810
0.618671 0.945778
0.618671 0.945778
0.617100 0.945715
0.617100 0.945715
0.615530 0.945622
0.615530 0.945622
0.613963 0.945496
0.613963 0.945496
0.612398 0.945339
0.612398 0.945339
0.610836 0.945150
0.609277 0.944927
0.609277 0.944927
0.607722 0.944671
0.607722 0.944671
0.606172 0.944380
0.606172 0.944380
0.604626 0.944055
0.604626 0.944055
0.603086 0.943695
0.603086 0.943695
0.601551 0.943299
0.601551 0.943299
0.600022 0.942867
0.600022 0.942867
0.598500 0.942398
0.598500 0.942398
0.596985 0.941892
0.596985 0.941892
0.595477 0.941350
0.595477 0.941350
0.593976 0.940775
0.593976 0.940775
0.592480 0.940172
0.590989 0.939546
0.590989 0.939546
0.589501 0.938902
0.589501 0.938902
0.588017 0.938244
0.588017 0.938244
0.586534 0.937578
0.586534 0.937578
0.585052 0.936907
0.585052 0.936907
0.583570 0.936237
0.583570 0.936237
0.582087 0.935573
0.582087 0.935573
0.580603 0.934918
0.580603 0.934918
0.579116 0.934279
0.579116 0.934279
0.577625 0.933659
0.577625 0.933659
0.576130 0.933064
0.574629 0.932498
0.574629 0.932498
0.573122 0.931966
0.573122 0.931966
0.571607 0.931473
0.571607 0.931473
0.570085 0.931023
0.570085 0.931023
0.568553 0.930621
0.568553 0.930621
0.567011 0.930272
0.567011 0.930272
0.565459 0.929981
0.565459 0.929981
0.563895 0.929752
0.563895 0.929752
0.562317 0.929591
0.562317 0.929591
0.560727 0.929501
0.560727 0.929501
0.559121 0.929488
0.559121 0.929488
0.557500 0.929557
