[CONTOUR]
0.799521 0.245909
0.796703 0.248799
0.794288 0.251688
0.793081 0.253494
0.790666 0.256023
0.789458 0.257829
0.787446 0.260357
0.785836 0.262163
0.785031 0.263608
0.783421 0.265775
0.782213 0.267220
0.781408 0.268665
0.780201 0.270110
0.778993 0.271916
0.778591 0.272999
0.777383 0.274444
0.776176 0.276250
0.775773 0.277334
0.774968 0.278417
0.774163 0.279862
0.773358 0.281307
0.772553 0.282390
0.772151 0.283474
0.770943 0.285280
0.770138 0.286364
0.769736 0.287447
0.768931 0.288531
0.767723 0.290337
0.767321 0.291420
0.766113 0.292865
0.765308 0.294310
0.764503 0.295755
0.763698 0.296838
0.762893 0.298283
0.762088 0.299728
0.760881 0.301173
0.760478 0.302256
0.759271 0.304063
0.758466 0.305146
0.758063 0.306230
0.757259 0.307313
0.756454 0.308758
0.756051 0.310203
0.755246 0.311287
0.754441 0.312731
0.754039 0.314537
0.753234 0.315621
0.752831 0.317788
0.752026 0.319594
0.750819 0.321400
0.750819 0.354269
0.752026 0.356798
0.752831 0.357881
0.753234 0.360049
0.754039 0.361494
0.754844 0.364022
0.755246 0.365467
0.756051 0.366912
0.756856 0.369079
0.757259 0.370524
0.758063 0.371607
0.758466 0.373052
0.759271 0.374858
0.760076 0.375942
0.760478 0.377025
0.761283 0.378470
0.762088 0.379554
0.762491 0.380637
0.763296 0.381721
0.764101 0.383166
0.764503 0.384249
0.765711 0.385694
0.766516 0.387500
0.766918 0.388584
0.767723 0.389667
0.768126 0.390751
0.768931 0.392196
0.769736 0.393279
0.770138 0.394363
0.770943 0.396169
0.771748 0.397252
0.772151 0.398697
0.772956 0.399781
0.773761 0.401226
0.774163 0.402670
0.774968 0.403754
0.775773 0.405560
0.776176 0.406644
0.776981 0.407727
0.777383 0.408811
0.778188 0.410256
0.778993 0.411339
0.779396 0.412423
0.780201 0.413868
0.781811 0.415674
0.782213 0.416757
0.783823 0.418563
0.785433 0.420731
0.786641 0.422537
0.789861 0.425787
0.793483 0.429761
0.797911 0.431567
0.797106 0.430483
0.796301 0.428677
0.795898 0.427232
0.795093 0.425787
0.794691 0.424343
0.793886 0.422537
0.793081 0.421453
0.792678 0.420008
0.791873 0.418202
0.791068 0.417119
0.790666 0.415312
0.789861 0.414229
0.789056 0.412062
0.788653 0.410256
0.787848 0.408450
0.787043 0.405560
0.786641 0.403393
0.785836 0.401587
0.785433 0.399420
0.784628 0.396530
0.783823 0.394724
0.783421 0.392918
0.782616 0.390390
0.781811 0.388945
0.781408 0.387139
0.780603 0.385694
0.779798 0.383888
0.779396 0.382082
0.778591 0.380998
0.777786 0.379192
0.777383 0.377748
0.776578 0.376664
0.776176 0.374858
0.775371 0.373052
0.774566 0.371968
0.774163 0.370524
0.773358 0.368718
0.772553 0.367273
0.772151 0.365828
0.771346 0.364383
0.770541 0.362577
0.770138 0.360410
0.769333 0.358965
0.768528 0.356798
0.768126 0.354269
0.767321 0.352102
0.766918 0.346323
0.766918 0.322845
0.767723 0.320317
0.768126 0.318149
0.768931 0.315621
0.769736 0.314537
0.770138 0.312731
0.770943 0.311648
0.771748 0.310203
0.772151 0.308758
0.772956 0.307675
0.773761 0.306230
0.774163 0.305146
0.774968 0.304063
0.775371 0.302618
0.776176 0.301173
0.776981 0.299728
0.777383 0.298644
0.778188 0.297200
0.778993 0.296116
0.779396 0.295032
0.780201 0.293588
0.781006 0.292143
0.781408 0.290698
0.782213 0.289614
0.783018 0.287808
0.783421 0.286364
0.784226 0.285280
0.784628 0.283474
0.785433 0.281668
0.786238 0.280584
0.786641 0.278778
0.787446 0.276972
0.788251 0.275889
0.788653 0.274444
0.789458 0.273360
0.790263 0.271554
0.790666 0.270110
0.791471 0.268665
0.792276 0.266859
0.792678 0.265414
0.793483 0.264330
0.793886 0.262886
0.794691 0.260718
0.795496 0.259635
0.795898 0.257829
0.796703 0.255662
0.797508 0.254217
0.797911 0.252772
0.798716 0.251327
0.799521 0.249160
0.799923 0.246270
[SKELETON]
0.796903 0.250262
0.796095 0.251836
0.796095 0.251836
0.795283 0.253401
0.795283 0.253401
0.794465 0.254957
0.794465 0.254957
0.793643 0.256506
0.792816 0.258046
0.792816 0.258046
0.791985 0.259580
0.791985 0.259580
0.791151 0.261107
0.791151 0.261107
0.790312 0.262628
0.789471 0.264144
0.789471 0.264144
0.788626 0.265654
0.788626 0.265654
0.787778 0.267160
0.787778 0.267160
0.786928 0.268662
0.786075 0.270161
0.786075 0.270161
0.785221 0.271657
0.785221 0.271657
0.784364 0.273150
0.784364 0.273150
0.783505 0.274641
0.782645 0.276130
0.782645 0.276130
0.781784 0.277619
0.781784 0.277619
0.780922 0.279107
0.780922 0.279107
0.780059 0.280596
0.779196 0.282084
0.779196 0.282084
0.778333 0.283574
0.778333 0.283574
0.777469 0.285066
0.777469 0.285066
0.776606 0.286559
0.775743 0.288056
0.775743 0.288056
0.774881 0.289555
0.774881 0.289555
0.774020 0.291058
0.774020 0.291058
0.773160 0.292565
0.772302 0.294076
0.772302 0.294076
0.771445 0.295593
0.771445 0.295593
0.770591 0.297115
0.769743 0.298644
0.769743 0.298644
0.768903 0.300179
0.768903 0.300179
0.768074 0.301722
0.768074 0.301722
0.767258 0.303273
0.766459 0.304833
0.766459 0.304833
0.765679 0.306402
0.765679 0.306402
0.764921 0.307981
0.764921 0.307981
0.764188 0.309571
0.763481 0.311172
0.763481 0.311172
0.762805 0.312784
0.762805 0.312784
0.762162 0.314410
0.762162 0.314410
0.761554 0.316048
0.760984 0.317700
0.760984 0.317700
0.760455 0.319366
0.760455 0.319366
0.759968 0.321045
0.759968 0.321045
0.759525 0.322736
0.759126 0.324437
0.759126 0.324437
0.758772 0.326145
0.758772 0.326145
0.758464 0.327860
0.758464 0.327860
0.758203 0.329580
0.757990 0.331303
0.757990 0.331303
0.757825 0.333027
0.757825 0.333027
0.757711 0.334750
0.757711 0.334750
0.757647 0.336472
0.757634 0.338189
0.757634 0.338189
0.757674 0.339901
0.757674 0.339901
0.757767 0.341605
0.757767 0.341605
0.757911 0.343303
0.758104 0.344993
0.758104 0.344993
0.758344 0.346676
0.758344 0.346676
0.758630 0.348353
0.758630 0.348353
0.758958 0.350023
0.759326 0.351686
0.759326 0.351686
0.759734 0.353344
0.759734 0.353344
0.760177 0.354995
0.760177 0.354995
0.760655 0.356640
0.761165 0.358279
0.761165 0.358279
0.761704 0.359913
0.761704 0.359913
0.762272 0.361541
0.762272 0.361541
0.762865 0.363164
0.763481 0.364782
0.763481 0.364782
0.764119 0.366394
0.764119 0.366394
0.764776 0.368002
0.764776 0.368002
0.765451 0.369606
0.766140 0.371205
0.766140 0.371205
0.766842 0.372799
0.766842 0.372799
0.767554 0.374390
0.767554 0.374390
0.768275 0.375976
0.769002 0.377559
0.769002 0.377559
0.769734 0.379137
0.769734 0.379137
0.770468 0.380713
0.770468 0.380713
0.771201 0.382285
0.771933 0.383854
0.771933 0.383854
0.772660 0.385420
0.772660 0.385420
0.773381 0.386983
0.774097 0.388543
0.774097 0.388543
0.774809 0.390101
0.774809 0.390101
0.775517 0.391656
0.775517 0.391656
0.776223 0.393209
0.776927 0.394760
0.776927 0.394760
0.777631 0.396309
0.777631 0.396309
0.778336 0.397855
0.778336 0.397855
0.779042 0.399400
0.779751 0.400943
0.779751 0.400943
0.780462 0.402485
0.780462 0.402485
0.781179 0.404025
0.781179 0.404025
0.781900 0.405563
0.782628 0.407101
0.782628 0.407101
0.783363 0.408637
0.783363 0.408637
0.784106 0.410173
0.784106 0.410173
0.784858 0.411707
0.785621 0.413241
0.785621 0.413241
0.786394 0.414774
0.786394 0.414774
0.787179 0.416307
0.787179 0.416307
0.787978 0.417840
0.788790 0.419372
0.788790 0.419372
0.789617 0.420904
0.789617 0.420904
0.790460 0.422436
0.790460 0.422436
0.791320 0.423968
0.792198 0.425501
0.792198 0.425501
0.793094 0.427034
0.793094 0.427034
0.794010 0.428567
0.794010 0.428567
0.794947 0.430102
