[CONTOUR]
0.815064 0.610889
0.817221 0.616051
0.819019 0.617019
0.821536 0.618955
0.822974 0.619600
0.825491 0.621536
0.826929 0.622181
0.828367 0.623149
0.829805 0.623795
0.831243 0.624763
0.832681 0.625408
0.834119 0.626376
0.835558 0.627021
0.837715 0.628634
0.839153 0.629280
0.840951 0.630570
0.842748 0.631538
0.844905 0.633151
0.846703 0.634119
0.849579 0.636378
0.851377 0.637346
0.854613 0.639927
0.857130 0.641540
0.862523 0.646057
0.863242 0.646703
0.864680 0.647993
0.867916 0.651220
0.869713 0.653478
0.871511 0.655414
0.872590 0.657027
0.874028 0.658640
0.874747 0.659931
0.875825 0.661222
0.876185 0.662190
0.877263 0.663480
0.877983 0.664771
0.878702 0.665739
0.879421 0.667029
0.880140 0.667997
0.880859 0.669288
0.881578 0.670256
0.882297 0.671546
0.883016 0.672514
0.883376 0.673482
0.884454 0.674773
0.884814 0.675741
0.885533 0.676709
0.885892 0.677677
0.886971 0.678967
0.887330 0.680258
0.888049 0.681548
0.888769 0.682516
0.889128 0.683484
0.889847 0.684452
0.890207 0.685420
0.890926 0.686388
0.891285 0.687356
0.892004 0.688324
0.892364 0.689292
0.893083 0.690582
0.893442 0.691550
0.894162 0.692841
0.894521 0.693809
0.895240 0.694777
0.895600 0.696067
0.896319 0.697035
0.896678 0.698003
0.897397 0.698971
0.897757 0.699939
0.898476 0.700907
0.898835 0.702198
0.899914 0.703488
0.900274 0.704779
0.900993 0.705747
0.901352 0.706715
0.902071 0.707683
0.902431 0.708651
0.903150 0.709619
0.903509 0.710586
0.904228 0.711554
0.904588 0.712845
0.905307 0.713813
0.905667 0.715103
0.906386 0.716071
0.906745 0.717362
0.907464 0.718653
0.907824 0.719943
0.908543 0.721234
0.908902 0.723492
0.909621 0.725106
0.909981 0.728009
0.910700 0.730268
0.911060 0.734785
0.911779 0.738657
0.912138 0.748336
0.912857 0.754144
0.912498 0.765436
0.912498 0.767372
0.912857 0.768340
0.914295 0.766727
0.914655 0.765114
0.915374 0.763823
0.915734 0.762210
0.916453 0.760919
0.916812 0.758661
0.917531 0.757047
0.917891 0.754466
0.918610 0.752530
0.918969 0.749949
0.919688 0.747368
0.920048 0.740593
0.920767 0.736075
0.921127 0.727364
0.922565 0.726719
0.921127 0.724138
0.920407 0.721556
0.920048 0.718975
0.919329 0.717362
0.918969 0.715103
0.918250 0.713813
0.917891 0.711877
0.917172 0.710586
0.916812 0.708973
0.916093 0.707683
0.915734 0.706392
0.915014 0.705101
0.914655 0.703811
0.913936 0.702520
0.913576 0.701230
0.912857 0.699939
0.912498 0.698649
0.911779 0.697681
0.911419 0.696390
0.910700 0.695422
0.910341 0.694131
0.909621 0.693164
0.909262 0.691873
0.908543 0.690905
0.908183 0.689614
0.907464 0.688647
0.907105 0.687679
0.906386 0.686388
0.906026 0.685420
0.905307 0.684452
0.904948 0.683162
0.903869 0.681548
0.903509 0.680580
0.902790 0.679612
0.902431 0.678644
0.901352 0.677354
0.900633 0.676063
0.900274 0.675095
0.899195 0.673805
0.898835 0.672837
0.898116 0.671869
0.897397 0.670578
0.896319 0.669288
0.895959 0.668320
0.894881 0.667029
0.894162 0.665739
0.892723 0.664125
0.892004 0.662835
0.890207 0.660899
0.889488 0.659608
0.887690 0.657672
0.886971 0.656382
0.885173 0.654446
0.884454 0.653155
0.882297 0.650897
0.880859 0.648961
0.868994 0.637991
0.865039 0.635087
0.860725 0.631538
0.858568 0.630248
0.856411 0.628634
0.854613 0.627666
0.852456 0.626053
0.851018 0.625408
0.848860 0.623795
0.847422 0.623149
0.845625 0.621859
0.844546 0.621536
0.843108 0.620568
0.842029 0.620246
0.840591 0.619278
0.839512 0.618955
0.838434 0.618310
0.836996 0.617987
0.835917 0.617342
0.834839 0.617019
0.833760 0.616374
0.832322 0.616051
0.831243 0.615406
0.830165 0.615083
0.829086 0.614438
0.828007 0.614115
0.826569 0.613470
0.825491 0.613147
0.824412 0.612502
0.822974 0.610889
[SKELETON]
0.818916 0.613830
0.820317 0.614469
0.820317 0.614469
0.821729 0.615119
0.821729 0.615119
0.823152 0.615782
0.824584 0.616458
0.824584 0.616458
0.826024 0.617146
0.826024 0.617146
0.827471 0.617846
0.828924 0.618559
0.828924 0.618559
0.830382 0.619285
0.831844 0.620024
0.831844 0.620024
0.833309 0.620776
0.833309 0.620776
0.834775 0.621541
0.836242 0.622319
0.836242 0.622319
0.837709 0.623110
0.837709 0.623110
0.839174 0.623914
0.840637 0.624732
0.840637 0.624732
0.842096 0.625563
0.842096 0.625563
0.843551 0.626408
0.845000 0.627266
0.845000 0.627266
0.846443 0.628138
0.846443 0.628138
0.847878 0.629024
0.849303 0.629923
0.849303 0.629923
0.850719 0.630837
0.850719 0.630837
0.852125 0.631764
0.853518 0.632706
0.853518 0.632706
0.854898 0.633662
0.856264 0.634632
0.856264 0.634632
0.857615 0.635617
0.857615 0.635617
0.858949 0.636616
0.860267 0.637629
0.860267 0.637629
0.861566 0.638658
0.861566 0.638658
0.862845 0.639701
0.864104 0.640758
0.864104 0.640758
0.865342 0.641831
0.865342 0.641831
0.866558 0.642918
0.867754 0.644019
0.867754 0.644019
0.868928 0.645134
0.868928 0.645134
0.870083 0.646263
0.871218 0.647405
0.871218 0.647405
0.872334 0.648559
0.873431 0.649726
0.873431 0.649726
0.874510 0.650905
0.874510 0.650905
0.875571 0.652095
0.876615 0.653296
0.876615 0.653296
0.877643 0.654508
0.877643 0.654508
0.878654 0.655730
0.879650 0.656962
0.879650 0.656962
0.880630 0.658204
0.880630 0.658204
0.881595 0.659455
0.882546 0.660714
0.882546 0.660714
0.883484 0.661982
0.883484 0.661982
0.884408 0.663258
0.885319 0.664542
0.885319 0.664542
0.886218 0.665832
0.887105 0.667130
0.887105 0.667130
0.887980 0.668433
0.887980 0.668433
0.888845 0.669743
0.889699 0.671059
0.889699 0.671059
0.890544 0.672379
0.890544 0.672379
0.891379 0.673705
0.892204 0.675034
0.892204 0.675034
0.893022 0.676368
0.893022 0.676368
0.893831 0.677706
0.894633 0.679046
0.894633 0.679046
0.895428 0.680390
0.895428 0.680390
0.896216 0.681736
0.896998 0.683084
0.896998 0.683084
0.897773 0.684435
0.897773 0.684435
0.898540 0.685788
0.899300 0.687143
0.899300 0.687143
0.900050 0.688501
0.900792 0.689862
0.900792 0.689862
0.901524 0.691226
0.901524 0.691226
0.902245 0.692592
0.902956 0.693962
0.902956 0.693962
0.903655 0.695335
0.903655 0.695335
0.904342 0.696711
0.905016 0.698091
0.905016 0.698091
0.905677 0.699474
0.905677 0.699474
0.906324 0.700861
0.906956 0.702252
0.906956 0.702252
0.907574 0.703647
0.907574 0.703647
0.908176 0.705045
0.908762 0.706448
0.908762 0.706448
0.909330 0.707855
0.909882 0.709267
0.909882 0.709267
0.910416 0.710683
0.910416 0.710683
0.910931 0.712103
0.911427 0.713529
0.911427 0.713529
0.911903 0.714959
0.911903 0.714959
0.912359 0.716394
0.912794 0.717834
0.912794 0.717834
0.913208 0.719279
0.913208 0.719279
0.913599 0.720730
0.913968 0.722186
0.913968 0.722186
0.914314 0.723648
0.914314 0.723648
0.914636 0.725115
0.914934 0.726588
0.914934 0.726588
0.915206 0.728067
0.915453 0.729552
0.915453 0.729552
0.915674 0.731043
0.915674 0.731043
0.915869 0.732540
0.916036 0.734043
0.916036 0.734043
0.916175 0.735554
0.916175 0.735554
0.916286 0.737070
0.916368 0.738594
0.916368 0.738594
0.916420 0.740124
0.916420 0.740124
0.916442 0.741661
0.916433 0.743205
0.916433 0.743205
0.916392 0.744756
0.916392 0.744756
0.916320 0.746315
0.916215 0.747881
0.916215 0.747881
0.916078 0.749455
0.916078 0.749455
0.915906 0.751036
0.915700 0.752625
0.915700 0.752625
0.915460 0.754221
0.915183 0.755826
0.915183 0.755826
0.914871 0.757439
0.914871 0.757439
0.914523 0.759060
0.914137 0.760689
0.914137 0.760689
0.913713 0.762327
0.913713 0.762327
0.913251 0.763974
