[CONTOUR]
0.198659 0.426278
0.201610 0.429515
0.204233 0.430986
0.206200 0.432163
0.207840 0.433046
0.210135 0.434517
0.211774 0.435400
0.213414 0.436282
0.215381 0.437165
0.216692 0.437754
0.218660 0.438931
0.220299 0.439813
0.221938 0.440696
0.223250 0.441284
0.225217 0.442167
0.226529 0.442756
0.228168 0.443638
0.229807 0.444521
0.231119 0.445110
0.232758 0.445992
0.235053 0.446875
0.236365 0.447463
0.238004 0.448346
0.239972 0.449523
0.241283 0.450112
0.242922 0.450994
0.244562 0.451583
0.246201 0.452466
0.248496 0.453642
0.250136 0.454525
0.251775 0.455408
0.253414 0.456291
0.255382 0.457173
0.257021 0.458056
0.259316 0.459527
0.263251 0.462470
0.266529 0.464823
0.269152 0.466589
0.277022 0.473356
0.278333 0.474533
0.283579 0.479241
0.286202 0.481889
0.289809 0.485714
0.292104 0.488362
0.297678 0.493953
0.300301 0.496895
0.301940 0.498955
0.303252 0.501015
0.304235 0.502486
0.304891 0.503663
0.305875 0.505134
0.306530 0.506311
0.307186 0.507488
0.307842 0.508959
0.308498 0.510430
0.309153 0.511607
0.310137 0.513078
0.310793 0.514550
0.311449 0.516021
0.312104 0.517492
0.312760 0.518963
0.313744 0.520728
0.314727 0.522200
0.315383 0.523377
0.316039 0.524848
0.317022 0.526907
0.317678 0.528379
0.318334 0.529556
0.319318 0.531321
0.319973 0.532498
0.320629 0.533675
0.321285 0.535440
0.321941 0.536617
0.322924 0.538383
0.323908 0.539854
0.324564 0.541031
0.325547 0.542502
0.326531 0.544267
0.327514 0.545739
0.328170 0.546916
0.329482 0.548681
0.330465 0.550152
0.331449 0.551623
0.333088 0.553977
0.334728 0.556037
0.337351 0.558979
0.345876 0.566041
0.348171 0.567512
0.350138 0.568689
0.354072 0.572514
0.355712 0.574574
0.358663 0.577810
0.363581 0.581636
0.362925 0.580164
0.362269 0.578693
0.361614 0.577222
0.360630 0.575751
0.359646 0.574280
0.358007 0.572220
0.357023 0.570749
0.356040 0.568983
0.355056 0.567512
0.353417 0.566335
0.349810 0.562804
0.348826 0.561333
0.347515 0.559274
0.346859 0.557802
0.346203 0.556331
0.345548 0.554272
0.344892 0.553095
0.344236 0.551918
0.343253 0.550446
0.342269 0.548975
0.341613 0.547798
0.340957 0.546327
0.340302 0.544856
0.339646 0.543385
0.338662 0.541914
0.338007 0.540148
0.337351 0.538677
0.336695 0.536617
0.336039 0.535146
0.335384 0.533381
0.334400 0.531615
0.333744 0.529850
0.333088 0.528379
0.332433 0.526907
0.331777 0.525436
0.331121 0.523965
0.330137 0.522200
0.329482 0.521023
0.328826 0.519552
0.328170 0.517786
0.327514 0.516315
0.326859 0.515138
0.325875 0.513373
0.325219 0.511901
0.324564 0.510430
0.323908 0.508665
0.323252 0.507488
0.322596 0.506311
0.321285 0.504545
0.320301 0.503074
0.319645 0.501897
0.318662 0.500132
0.318006 0.498955
0.317350 0.497778
0.315711 0.495718
0.314727 0.494247
0.314072 0.493070
0.313416 0.491599
0.312432 0.490128
0.311776 0.488951
0.310465 0.487185
0.309481 0.485714
0.307186 0.483066
0.304235 0.479535
0.300301 0.475416
0.288169 0.465118
0.282595 0.460704
0.279645 0.458644
0.277022 0.456879
0.274071 0.455114
0.271776 0.453642
0.269480 0.452171
0.267185 0.450700
0.265546 0.449817
0.263906 0.448935
0.261939 0.448052
0.260300 0.447169
0.258660 0.446287
0.256693 0.445110
0.255382 0.444521
0.254070 0.443933
0.252431 0.443344
0.251119 0.442756
0.249808 0.442167
0.247841 0.441284
0.246529 0.440696
0.244890 0.440108
0.242922 0.439519
0.241283 0.438931
0.239644 0.438342
0.237676 0.437459
0.235709 0.436871
0.233742 0.436282
0.231447 0.435694
0.229479 0.435106
0.227512 0.434517
0.224889 0.433634
0.222594 0.433046
0.220299 0.432457
0.217020 0.431869
0.214397 0.431280
0.212102 0.430692
0.209807 0.429809
0.208168 0.429221
0.206200 0.428632
0.204233 0.428044
0.202921 0.426278
[SKELETON]
0.201656 0.428545
0.203047 0.429117
0.204438 0.429682
0.204438 0.429682
0.205829 0.430241
0.207220 0.430795
0.208611 0.431344
0.208611 0.431344
0.210002 0.431889
0.211393 0.432429
0.212783 0.432967
0.212783 0.432967
0.214173 0.433502
0.215563 0.434035
0.216952 0.434566
0.218341 0.435096
0.218341 0.435096
0.219730 0.435626
0.221117 0.436156
0.222504 0.436687
0.222504 0.436687
0.223891 0.437219
0.225276 0.437753
0.226661 0.438289
0.226661 0.438289
0.228045 0.438828
0.229428 0.439370
0.230810 0.439917
0.232191 0.440468
0.232191 0.440468
0.233571 0.441024
0.234950 0.441586
0.236327 0.442154
0.236327 0.442154
0.237703 0.442729
0.239078 0.443311
0.240452 0.443901
0.240452 0.443901
0.241824 0.444500
0.243195 0.445107
0.244564 0.445725
0.245931 0.446352
0.245931 0.446352
0.247297 0.446990
0.248661 0.447639
0.250023 0.448300
0.250023 0.448300
0.251383 0.448973
0.252742 0.449660
0.254098 0.450359
0.254098 0.450359
0.255452 0.451072
0.256803 0.451797
0.258150 0.452535
0.259494 0.453287
0.259494 0.453287
0.260833 0.454050
0.262168 0.454826
0.263497 0.455615
0.263497 0.455615
0.264822 0.456416
0.266140 0.457229
0.267452 0.458054
0.267452 0.458054
0.268757 0.458890
0.270054 0.459739
0.271345 0.460600
0.272627 0.461472
0.272627 0.461472
0.273900 0.462355
0.275165 0.463250
0.276420 0.464156
0.276420 0.464156
0.277666 0.465073
0.278901 0.466001
0.280126 0.466940
0.280126 0.466940
0.281340 0.467890
0.282542 0.468851
0.283732 0.469822
0.284910 0.470803
0.284910 0.470803
0.286076 0.471795
0.287228 0.472797
0.288366 0.473809
0.288366 0.473809
0.289491 0.474831
0.290601 0.475863
0.291696 0.476904
0.291696 0.476904
0.292775 0.477956
0.293839 0.479016
0.294887 0.480087
0.295919 0.481166
0.295919 0.481166
0.296933 0.482255
0.297930 0.483352
0.298909 0.484459
0.298909 0.484459
0.299870 0.485574
0.300812 0.486699
0.301734 0.487831
0.301734 0.487831
0.302638 0.488972
0.303524 0.490122
0.304392 0.491279
0.304392 0.491279
0.305244 0.492443
0.306078 0.493615
0.306897 0.494793
0.307701 0.495979
0.307701 0.495979
0.308491 0.497170
0.309266 0.498368
0.310028 0.499572
0.310028 0.499572
0.310778 0.500781
0.311515 0.501995
0.312241 0.503215
0.312241 0.503215
0.312957 0.504439
0.313662 0.505667
0.314358 0.506900
0.315044 0.508136
0.315044 0.508136
0.315723 0.509376
0.316393 0.510619
0.317057 0.511865
0.317057 0.511865
0.317714 0.513114
0.318366 0.514365
0.319012 0.515619
0.319012 0.515619
0.319654 0.516874
0.320291 0.518130
0.320926 0.519388
0.321557 0.520647
0.321557 0.520647
0.322187 0.521907
0.322815 0.523167
0.323442 0.524427
0.323442 0.524427
0.324070 0.525687
0.324697 0.526947
0.325326 0.528206
0.325326 0.528206
0.325956 0.529463
0.326588 0.530720
0.327224 0.531975
0.327863 0.533228
0.327863 0.533228
0.328506 0.534479
0.329154 0.535728
0.329807 0.536974
0.329807 0.536974
0.330466 0.538216
0.331132 0.539456
0.331805 0.540692
0.331805 0.540692
0.332486 0.541924
0.333175 0.543152
0.333874 0.544376
0.334582 0.545595
0.334582 0.545595
0.335301 0.546809
0.336031 0.548017
0.336772 0.549221
0.336772 0.549221
0.337525 0.550418
0.338292 0.551609
0.339072 0.552794
0.339072 0.552794
0.339866 0.553972
0.340674 0.555143
0.341498 0.556307
0.342338 0.557463
0.342338 0.557463
0.343195 0.558612
0.344068 0.559752
0.344960 0.560884
0.344960 0.560884
0.345870 0.562007
0.346799 0.563122
0.347748 0.564227
0.347748 0.564227
0.348717 0.565322
0.349707 0.566408
0.350718 0.567484
0.351752 0.568549
0.351752 0.568549
0.352809 0.569604
0.353889 0.570647
0.354993 0.571680
0.354993 0.571680
0.356122 0.572701
0.357276 0.573710
0.358455 0.574707
0.358455 0.574707
0.359662 0.575692
0.360895 0.576664
