[CONTOUR]
0.402370 0.565219
0.403708 0.577232
0.404043 0.579635
0.404378 0.580836
0.405047 0.582338
0.405382 0.584140
0.406051 0.585341
0.406386 0.585942
0.406720 0.587143
0.407390 0.588344
0.407724 0.589245
0.408394 0.590446
0.408728 0.591047
0.409063 0.591948
0.409732 0.592849
0.410067 0.593750
0.410736 0.594651
0.411406 0.595852
0.411740 0.596753
0.412410 0.597654
0.413079 0.598856
0.413414 0.599456
0.414418 0.600657
0.414752 0.601558
0.415756 0.602760
0.416091 0.603661
0.416760 0.604562
0.417764 0.605763
0.418099 0.606664
0.419103 0.607865
0.419437 0.608766
0.420107 0.609667
0.421111 0.610869
0.421445 0.611769
0.422449 0.612971
0.422784 0.613571
0.423453 0.614773
0.424457 0.615974
0.424792 0.616875
0.426131 0.618377
0.426465 0.618977
0.427135 0.620179
0.428473 0.621680
0.429143 0.622881
0.429812 0.623782
0.431485 0.625584
0.432489 0.627086
0.434162 0.628888
0.435166 0.630390
0.436170 0.631591
0.438513 0.633994
0.439517 0.635495
0.441525 0.637597
0.442529 0.639099
0.443868 0.640601
0.446545 0.643304
0.447884 0.645106
0.455915 0.652614
0.458927 0.655016
0.460935 0.656218
0.463278 0.658019
0.464951 0.658920
0.466624 0.660122
0.467294 0.660422
0.468632 0.661023
0.469636 0.661623
0.470640 0.661924
0.471644 0.662524
0.472314 0.662825
0.473318 0.663125
0.474322 0.663726
0.475660 0.664026
0.476330 0.664326
0.477668 0.664927
0.479007 0.665227
0.480011 0.665828
0.481349 0.666128
0.482353 0.666429
0.483692 0.667029
0.485031 0.667330
0.486369 0.667930
0.487373 0.668231
0.488712 0.668531
0.490051 0.669131
0.492059 0.669432
0.493732 0.670032
0.495071 0.670333
0.497413 0.670633
0.499086 0.671234
0.502098 0.671534
0.504441 0.672135
0.507118 0.672435
0.518162 0.672735
0.525190 0.673336
0.547612 0.673636
0.555644 0.673336
0.561668 0.672735
0.571038 0.672435
0.572712 0.671834
0.572712 0.671534
0.572042 0.671234
0.570704 0.670333
0.568696 0.670032
0.567357 0.669432
0.565349 0.669131
0.564345 0.668831
0.563007 0.668231
0.560664 0.667930
0.559325 0.667330
0.557987 0.667029
0.554975 0.666729
0.552967 0.666128
0.549955 0.665828
0.547612 0.665227
0.545604 0.664927
0.540919 0.664627
0.537572 0.664026
0.531883 0.663726
0.528202 0.663125
0.525190 0.662825
0.518162 0.662524
0.513142 0.661924
0.507118 0.661623
0.505110 0.661323
0.503437 0.660722
0.501094 0.660422
0.499756 0.659821
0.497748 0.659521
0.496744 0.659221
0.495405 0.658620
0.494067 0.658320
0.493063 0.657719
0.492059 0.657419
0.491055 0.657119
0.490051 0.656518
0.488712 0.656218
0.487708 0.655617
0.487039 0.655317
0.486035 0.655016
0.485031 0.654416
0.484027 0.654115
0.483023 0.653515
0.482019 0.652914
0.481015 0.652614
0.479676 0.651713
0.478672 0.651412
0.477668 0.650812
0.476330 0.649911
0.474991 0.649310
0.473318 0.648109
0.471979 0.647508
0.470640 0.646607
0.467294 0.643904
0.460601 0.637898
0.456919 0.634294
0.455581 0.632492
0.454242 0.630990
0.451565 0.628287
0.450561 0.626786
0.448218 0.624383
0.447214 0.623182
0.445876 0.621380
0.443198 0.618677
0.441860 0.616875
0.439182 0.614172
0.437509 0.612370
0.436170 0.610568
0.432154 0.606664
0.430147 0.604261
0.428139 0.602159
0.424457 0.598555
0.422784 0.596453
0.420107 0.593750
0.418768 0.591948
0.418099 0.591047
0.416425 0.589245
0.415756 0.588044
0.414752 0.586843
0.414083 0.585641
0.413748 0.585041
0.412744 0.583839
0.412410 0.582938
0.411406 0.581737
0.411071 0.581136
0.410402 0.579935
0.409732 0.579034
0.409398 0.578133
0.408728 0.577232
0.408394 0.576331
0.408059 0.575430
0.407390 0.574229
0.407055 0.573028
0.406386 0.571826
0.406051 0.571226
0.405716 0.570024
0.405047 0.568823
0.404712 0.567622
0.404378 0.567021
0.403708 0.566120
0.403374 0.565219
[SKELETON]
0.403091 0.569361
0.403537 0.570734
0.403537 0.570734
0.404007 0.572094
0.404501 0.573440
0.404501 0.573440
0.405018 0.574773
0.405558 0.576093
0.406120 0.577401
0.406120 0.577401
0.406703 0.578697
0.407308 0.579982
0.407308 0.579982
0.407932 0.581257
0.408576 0.582522
0.408576 0.582522
0.409239 0.583777
0.409920 0.585023
0.409920 0.585023
0.410619 0.586261
0.411335 0.587491
0.412068 0.588713
0.412068 0.588713
0.412816 0.589929
0.413580 0.591138
0.413580 0.591138
0.414358 0.592341
0.415151 0.593539
0.415151 0.593539
0.415956 0.594733
0.416775 0.595922
0.416775 0.595922
0.417605 0.597107
0.418447 0.598289
0.419300 0.599469
0.419300 0.599469
0.420164 0.600646
0.421036 0.601822
0.421036 0.601822
0.421918 0.602996
0.422809 0.604170
0.422809 0.604170
0.423707 0.605344
0.424612 0.606518
0.425524 0.607694
0.425524 0.607694
0.426442 0.608871
0.427365 0.610050
0.427365 0.610050
0.428293 0.611231
0.429225 0.612416
0.429225 0.612416
0.430160 0.613604
0.431098 0.614796
0.431098 0.614796
0.432040 0.615991
0.432986 0.617188
0.433936 0.618386
0.433936 0.618386
0.434891 0.619585
0.435850 0.620784
0.435850 0.620784
0.436815 0.621982
0.437785 0.623178
0.437785 0.623178
0.438761 0.624372
0.439743 0.625562
0.439743 0.625562
0.440731 0.626749
0.441727 0.627930
0.442729 0.629106
0.442729 0.629106
0.443739 0.630276
0.444757 0.631439
0.444757 0.631439
0.445783 0.632594
0.446817 0.633740
0.446817 0.633740
0.447861 0.634876
0.448913 0.636003
0.448913 0.636003
0.449975 0.637119
0.451047 0.638222
0.452129 0.639314
0.452129 0.639314
0.453222 0.640392
0.454325 0.641456
0.454325 0.641456
0.455439 0.642505
0.456565 0.643538
0.456565 0.643538
0.457703 0.644556
0.458853 0.645556
0.458853 0.645556
0.460016 0.646538
0.461191 0.647501
0.462380 0.648445
0.462380 0.648445
0.463582 0.649369
0.464798 0.650272
0.464798 0.650272
0.466028 0.651153
0.467272 0.652011
0.467272 0.652011
0.468531 0.652846
0.469806 0.653657
0.471096 0.654443
0.471096 0.654443
0.472402 0.655204
0.473723 0.655939
0.473723 0.655939
0.475060 0.656649
0.476411 0.657334
0.476411 0.657334
0.477776 0.657995
0.479155 0.658632
0.479155 0.658632
0.480548 0.659246
0.481953 0.659836
0.483371 0.660404
0.483371 0.660404
0.484801 0.660949
0.486243 0.661472
0.486243 0.661472
0.487695 0.661973
0.489159 0.662454
0.489159 0.662454
0.490633 0.662913
0.492116 0.663352
0.492116 0.663352
0.493609 0.663770
0.495111 0.664169
0.496621 0.664549
0.496621 0.664549
0.498140 0.664910
0.499666 0.665252
0.499666 0.665252
0.501199 0.665575
0.502739 0.665882
0.502739 0.665882
0.504285 0.666170
0.505837 0.666442
0.505837 0.666442
0.507395 0.666697
0.508958 0.666935
0.510525 0.667158
0.510525 0.667158
0.512096 0.667365
0.513671 0.667557
0.513671 0.667557
0.515250 0.667735
0.516831 0.667898
0.516831 0.667898
0.518414 0.668047
0.519999 0.668182
0.519999 0.668182
0.521586 0.668304
0.523174 0.668414
0.524764 0.668513
0.524764 0.668513
0.526354 0.668602
0.527946 0.668682
0.527946 0.668682
0.529538 0.668754
0.531131 0.668820
0.531131 0.668820
0.532725 0.668881
0.534320 0.668937
0.535916 0.668991
0.535916 0.668991
0.537512 0.669043
0.539108 0.669094
0.539108 0.669094
0.540705 0.669146
0.542302 0.669200
0.542302 0.669200
0.543899 0.669256
0.545497 0.669317
0.545497 0.669317
0.547095 0.669383
0.548692 0.669455
0.550289 0.669535
0.550289 0.669535
0.551887 0.669624
0.553484 0.669722
0.553484 0.669722
0.555080 0.669832
0.556676 0.669954
0.556676 0.669954
0.558272 0.670089
0.559867 0.670239
0.559867 0.670239
0.561461 0.670405
0.563055 0.670587
0.564648 0.670788
0.564648 0.670788
0.566239 0.671008
0.567830 0.671249
0.567830 0.671249
0.569420 0.671511
