[CONTOUR]
0.369910 0.280402
0.369137 0.282137
0.368750 0.282137
0.367590 0.282831
0.367203 0.283178
0.366043 0.283525
0.364497 0.283872
0.364110 0.283872
0.362950 0.284219
0.362563 0.284566
0.361403 0.284913
0.360243 0.285260
0.359857 0.285260
0.358697 0.285954
0.358310 0.286301
0.357537 0.286648
0.356763 0.286995
0.356377 0.286995
0.355217 0.287689
0.354443 0.288383
0.353283 0.289077
0.352123 0.289771
0.351737 0.289771
0.350577 0.290465
0.350190 0.290812
0.349030 0.291506
0.347870 0.292200
0.347483 0.292200
0.346323 0.292894
0.345163 0.293935
0.344003 0.294629
0.342457 0.295670
0.342070 0.295670
0.340910 0.296364
0.339363 0.297752
0.337817 0.298793
0.334723 0.301222
0.334337 0.301222
0.332403 0.302610
0.330857 0.303998
0.328537 0.305733
0.325830 0.307815
0.325443 0.307815
0.321963 0.310591
0.318483 0.313713
0.313070 0.318224
0.312296 0.318571
0.312296 0.318918
0.311523 0.319265
0.309203 0.321347
0.305336 0.325164
0.305336 0.325511
0.304176 0.326899
0.303016 0.328287
0.302243 0.328981
0.301856 0.329675
0.301856 0.330022
0.301470 0.330716
0.301083 0.331410
0.300696 0.331757
0.300310 0.332451
0.300310 0.333145
0.299923 0.334186
0.299536 0.334880
0.299150 0.335227
0.298763 0.335921
0.298763 0.336615
0.296830 0.337309
0.297990 0.375479
0.298376 0.375826
0.298763 0.376520
0.298763 0.377561
0.299150 0.379296
0.299536 0.381378
0.299923 0.381725
0.300310 0.383460
0.300310 0.384848
0.300696 0.386583
0.301083 0.388318
0.301470 0.388665
0.301856 0.390400
0.301856 0.391788
0.302243 0.393523
0.302630 0.395258
0.303016 0.395605
0.303403 0.397340
0.303403 0.398728
0.303790 0.400116
0.304176 0.401851
0.304563 0.402198
0.304950 0.403586
0.304950 0.404974
0.305336 0.406709
0.305723 0.408097
0.306110 0.408444
0.306496 0.410179
0.306496 0.411220
0.306883 0.412608
0.307270 0.413649
0.307656 0.413996
0.308043 0.415384
0.308043 0.416425
0.308430 0.417813
0.308816 0.418853
0.309203 0.419200
0.309590 0.420588
0.309590 0.421976
0.309976 0.423017
0.310363 0.424405
0.310750 0.424752
0.311136 0.426140
0.311136 0.427181
0.311523 0.428222
0.311910 0.429610
0.312296 0.429957
0.312683 0.431692
0.312683 0.433080
0.313070 0.434815
0.313456 0.436203
0.313843 0.436550
0.314230 0.438285
0.314230 0.439326
0.314616 0.440367
0.315003 0.441408
0.315390 0.441755
0.315777 0.442449
0.315777 0.443490
0.316163 0.444184
0.316550 0.444878
0.316937 0.444878
0.318097 0.444184
0.318097 0.443837
0.318483 0.442796
0.318870 0.442102
0.319257 0.441755
0.319643 0.441061
0.319643 0.440367
0.320030 0.438979
0.320417 0.437591
0.320803 0.437244
0.321190 0.435856
0.321190 0.429263
0.320803 0.423711
0.320417 0.420241
0.320030 0.419894
0.319643 0.416425
0.319643 0.412261
0.319257 0.407403
0.318870 0.403933
0.318483 0.403586
0.318097 0.400463
0.318097 0.396993
0.317710 0.393870
0.317323 0.393523
0.316937 0.391094
0.316550 0.388665
0.316550 0.385889
0.316163 0.383113
0.315777 0.382766
0.315390 0.380337
0.315003 0.376867
0.315003 0.373397
0.314616 0.369927
0.314230 0.369580
0.313843 0.366110
0.313456 0.361599
0.313456 0.341126
0.313843 0.339044
0.314230 0.338697
0.314616 0.337656
0.315003 0.336615
0.315003 0.336268
0.315390 0.335574
0.315777 0.335227
0.316163 0.334533
0.316937 0.333492
0.316937 0.333145
0.317710 0.332104
0.318483 0.331410
0.320030 0.329675
0.322737 0.326899
0.322737 0.326552
0.338203 0.313019
0.338203 0.312672
0.338977 0.312325
0.349030 0.303651
0.358697 0.294976
0.359470 0.294629
0.359470 0.294282
0.360243 0.293935
0.363723 0.291159
0.365270 0.289771
0.369523 0.286301
0.369910 0.286301
0.370683 0.285260
0.372230 0.283525
0.372617 0.283178
0.373390 0.282831
0.373390 0.282484
0.374550 0.280402
[SKELETON]
0.317484 0.439681
0.317355 0.438097
0.317355 0.438097
0.317209 0.436506
0.317209 0.436506
0.317047 0.434909
0.317047 0.434909
0.316869 0.433306
0.316678 0.431697
0.316678 0.431697
0.316472 0.430083
0.316472 0.430083
0.316253 0.428464
0.316253 0.428464
0.316022 0.426841
0.315779 0.425213
0.315779 0.425213
0.315526 0.423580
0.315526 0.423580
0.315262 0.421944
0.315262 0.421944
0.314989 0.420305
0.314989 0.420305
0.314707 0.418662
0.314417 0.417016
0.314417 0.417016
0.314120 0.415368
0.314120 0.415368
0.313816 0.413717
0.313816 0.413717
0.313506 0.412065
0.313192 0.410410
0.313192 0.410410
0.312873 0.408755
0.312873 0.408755
0.312551 0.407098
0.312551 0.407098
0.312225 0.405441
0.311898 0.403783
0.311898 0.403783
0.311569 0.402125
0.311569 0.402125
0.311239 0.400467
0.311239 0.400467
0.310910 0.398809
0.310581 0.397153
0.310581 0.397153
0.310254 0.395497
0.310254 0.395497
0.309929 0.393843
0.309929 0.393843
0.309607 0.392190
0.309288 0.390539
0.309288 0.390539
0.308974 0.388891
0.308974 0.388891
0.308666 0.387245
0.308666 0.387245
0.308363 0.385603
0.308066 0.383963
0.308066 0.383963
0.307777 0.382327
0.307777 0.382327
0.307496 0.380694
0.307496 0.380694
0.307224 0.379066
0.307224 0.379066
0.306962 0.377443
0.306709 0.375823
0.306709 0.375823
0.306468 0.374209
0.306468 0.374209
0.306238 0.372601
0.306238 0.372601
0.306021 0.370998
0.305817 0.369401
0.305817 0.369401
0.305627 0.367810
0.305627 0.367810
0.305452 0.366226
0.305452 0.366226
0.305291 0.364648
0.305147 0.363078
0.305147 0.363078
0.305020 0.361515
0.305020 0.361515
0.304910 0.359960
0.304910 0.359960
0.304819 0.358414
0.304746 0.356875
0.304746 0.356875
0.304694 0.355345
0.304694 0.355345
0.304664 0.353824
0.304664 0.353824
0.304662 0.352313
0.304691 0.350811
0.304691 0.350811
0.304756 0.349318
0.304756 0.349318
0.304860 0.347836
0.304860 0.347836
0.305009 0.346364
0.305009 0.346364
0.305205 0.344903
0.305453 0.343452
0.305453 0.343452
0.305758 0.342012
0.305758 0.342012
0.306123 0.340584
0.306123 0.340584
0.306553 0.339167
0.307052 0.337763
0.307052 0.337763
0.307624 0.336370
0.307624 0.336370
0.308273 0.334990
0.308273 0.334990
0.309001 0.333622
0.309804 0.332266
0.309804 0.332266
0.310677 0.330923
0.310677 0.330923
0.311618 0.329592
0.311618 0.329592
0.312620 0.328273
0.313680 0.326965
0.313680 0.326965
0.314793 0.325668
0.314793 0.325668
0.315955 0.324383
0.315955 0.324383
0.317162 0.323109
0.318409 0.321846
0.318409 0.321846
0.319691 0.320594
0.319691 0.320594
0.321005 0.319352
0.321005 0.319352
0.322346 0.318121
0.322346 0.318121
0.323710 0.316899
0.325092 0.315688
0.325092 0.315688
0.326488 0.314487
0.326488 0.314487
0.327896 0.313295
0.327896 0.313295
0.329316 0.312113
0.330746 0.310940
0.330746 0.310940
0.332186 0.309778
0.332186 0.309778
0.333634 0.308625
0.333634 0.308625
0.335091 0.307482
0.336556 0.306348
0.336556 0.306348
0.338027 0.305224
0.338027 0.305224
0.339503 0.304110
0.339503 0.304110
0.340985 0.303005
0.342471 0.301910
0.342471 0.301910
0.343961 0.300824
0.343961 0.300824
0.345453 0.299749
0.345453 0.299749
0.346947 0.298682
0.348442 0.297625
0.348442 0.297625
0.349938 0.296578
0.349938 0.296578
0.351433 0.295541
0.351433 0.295541
0.352927 0.294512
0.354418 0.293494
0.354418 0.293494
0.355907 0.292485
0.355907 0.292485
0.357393 0.291485
0.357393 0.291485
0.358874 0.290495
0.358874 0.290495
0.360349 0.289514
0.361819 0.288543
0.361819 0.288543
0.363282 0.287581
0.363282 0.287581
0.364738 0.286628
0.364738 0.286628
0.366185 0.285685
0.367623 0.284752
0.367623 0.284752
0.369051 0.283827
0.369051 0.283827
0.370468 0.282912
0.370468 0.282912
0.371874 0.282007
