[CONTOUR]
0.529995 0.084306
0.529310 0.085536
0.529081 0.085536
0.528625 0.085741
0.528168 0.085946
0.527940 0.086151
0.527483 0.086356
0.527026 0.086560
0.526569 0.086765
0.526341 0.086765
0.525884 0.086970
0.525427 0.087175
0.525199 0.087380
0.524742 0.087585
0.524971 0.088405
0.524285 0.089020
0.524057 0.089225
0.524285 0.090045
0.523829 0.090455
0.523144 0.090045
0.522915 0.089225
0.522002 0.089430
0.521773 0.089635
0.522915 0.090864
0.523372 0.091479
0.523372 0.091889
0.523600 0.093324
0.523829 0.093734
0.524057 0.093939
0.524285 0.094349
0.524514 0.094759
0.524514 0.094963
0.524742 0.095373
0.524971 0.095783
0.525427 0.096398
0.525884 0.096808
0.526341 0.097423
0.526798 0.098038
0.526798 0.098243
0.527254 0.098858
0.527711 0.099472
0.528168 0.099882
0.528396 0.100292
0.528853 0.100907
0.529310 0.101522
0.529310 0.101727
0.529538 0.102137
0.529767 0.102547
0.530223 0.102957
0.530452 0.103571
0.530909 0.104186
0.530909 0.104391
0.531137 0.104801
0.531365 0.105416
0.531594 0.105621
0.531822 0.106031
0.532050 0.106441
0.532279 0.106851
0.532279 0.107056
0.532507 0.107466
0.532736 0.107875
0.532964 0.108080
0.533192 0.108695
0.533421 0.109105
0.533421 0.109310
0.533649 0.109925
0.533878 0.110540
0.534334 0.110950
0.534563 0.111360
0.534791 0.111974
0.535019 0.112589
0.535019 0.112794
0.535248 0.113204
0.535476 0.113819
0.535705 0.114024
0.535933 0.114639
0.536161 0.115049
0.536161 0.115254
0.536390 0.115869
0.536618 0.116483
0.536847 0.116688
0.537075 0.117098
0.537303 0.117713
0.537532 0.118328
0.537532 0.118738
0.537760 0.119148
0.537988 0.119763
0.538217 0.119968
0.538445 0.120582
0.538674 0.121197
0.538674 0.121607
0.538902 0.122427
0.539130 0.123042
0.539359 0.123247
0.539587 0.124067
0.539815 0.124681
0.540044 0.125296
0.540044 0.125706
0.540272 0.126321
0.540501 0.127141
0.540729 0.127346
0.540957 0.128166
0.541186 0.128985
0.541186 0.129805
0.541414 0.130625
0.541643 0.131650
0.541871 0.132470
0.542099 0.132675
0.542328 0.133699
0.542556 0.134724
0.542556 0.135134
0.542784 0.135749
0.543013 0.136159
0.553518 0.136159
0.553747 0.135749
0.553518 0.133494
0.553518 0.132879
0.553290 0.131855
0.553062 0.130010
0.552833 0.128575
0.552605 0.128371
0.552377 0.127346
0.552148 0.126526
0.552148 0.125706
0.551920 0.124476
0.551691 0.123452
0.551463 0.123247
0.551235 0.122222
0.551006 0.120992
0.551006 0.120172
0.550778 0.119148
0.550549 0.118328
0.550321 0.117303
0.550093 0.117098
0.549864 0.116073
0.549636 0.115049
0.549636 0.114434
0.549408 0.113204
0.549179 0.111769
0.548951 0.111565
0.548722 0.110745
0.548494 0.109925
0.548494 0.109515
0.548266 0.108695
0.548037 0.107875
0.547809 0.107261
0.547580 0.107056
0.547352 0.106441
0.547124 0.105826
0.547124 0.105416
0.546895 0.104801
0.546667 0.103981
0.546439 0.103776
0.546210 0.103162
0.545982 0.102547
0.545982 0.102137
0.545753 0.101727
0.545525 0.101112
0.545297 0.100497
0.545068 0.100292
0.544840 0.099882
0.544612 0.099472
0.544612 0.099062
0.544383 0.098653
0.544155 0.098243
0.543926 0.098038
0.543698 0.097628
0.543470 0.097218
0.543241 0.096808
0.543241 0.096603
0.543013 0.096193
0.542784 0.095783
0.542556 0.095578
0.542328 0.095168
0.542099 0.094759
0.542099 0.094554
0.541871 0.094144
0.541414 0.093529
0.540957 0.093119
0.540501 0.092504
0.540272 0.092094
0.540044 0.091684
0.540044 0.091479
0.539587 0.090864
0.539130 0.090250
0.538902 0.090045
0.538674 0.089635
0.538217 0.089020
0.538217 0.088815
0.537988 0.088405
0.537760 0.087995
0.537075 0.087380
0.536618 0.086765
0.535476 0.085536
0.535019 0.085331
0.534791 0.085331
0.534106 0.085126
0.532964 0.084921
0.532736 0.084716
0.530223 0.084306
[CONTOUR]
0.524742 0.079592
0.524514 0.079797
0.524514 0.080207
0.524742 0.080207
[CONTOUR]
0.511953 0.064016
0.511724 0.064221
0.511039 0.064221
0.510811 0.064426
0.510582 0.064426
0.510354 0.064631
0.510126 0.064631
0.509897 0.064836
0.509669 0.064836
0.509212 0.065246
0.508984 0.065246
0.508755 0.065450
0.508299 0.065450
0.508070 0.065655
0.507614 0.065655
0.507385 0.065860
0.506928 0.065860
0.506700 0.066065
0.506472 0.066065
0.506243 0.066270
0.506015 0.066270
0.505786 0.066475
0.505786 0.066885
0.505330 0.067295
0.505101 0.067295
0.504188 0.068115
0.504188 0.068525
0.503959 0.068730
0.503731 0.068730
0.503503 0.068935
0.503046 0.068935
0.502817 0.069140
0.502132 0.069140
0.501904 0.069345
0.501676 0.069345
0.501447 0.069550
0.501447 0.069959
0.501676 0.070164
0.501676 0.070574
0.501447 0.070779
0.501447 0.070984
0.501676 0.071189
0.501676 0.072624
0.502132 0.073034
0.502132 0.073239
0.502589 0.073649
0.502589 0.073853
0.503274 0.074468
0.503503 0.074468
0.503731 0.074673
0.503959 0.074673
0.504416 0.075083
0.504645 0.075083
0.505558 0.075903
0.505786 0.075903
0.508299 0.078157
0.508527 0.078157
0.509669 0.079182
0.509897 0.079182
0.512866 0.081847
0.514008 0.081847
0.514237 0.081642
0.514465 0.081642
0.515607 0.080617
0.515835 0.080617
0.516064 0.080412
0.516292 0.080412
0.516749 0.080002
0.516977 0.080002
0.517434 0.079592
0.517662 0.079592
0.518119 0.079182
0.518348 0.079182
0.518804 0.078772
0.519033 0.078772
0.519718 0.078157
0.519946 0.078157
0.520403 0.077748
0.520631 0.077748
0.521316 0.077133
0.521545 0.077133
0.521545 0.076928
0.521773 0.076723
0.522002 0.076723
0.522458 0.076313
0.522687 0.076313
0.523144 0.075903
0.523372 0.075903
0.523600 0.075698
0.524057 0.075698
0.524285 0.075493
0.524971 0.075493
0.525427 0.075083
0.525656 0.075083
0.525884 0.075288
0.525884 0.076518
0.525656 0.076723
0.525656 0.077543
0.525427 0.077748
0.525427 0.078567
0.525656 0.078772
0.525656 0.078977
0.525884 0.079182
0.525884 0.079387
0.526113 0.079592
0.526569 0.079592
0.527026 0.079182
0.527254 0.079182
0.527483 0.078977
0.527940 0.078977
0.528168 0.078772
0.528168 0.078567
0.528396 0.078362
0.528396 0.077338
0.528168 0.077133
0.528168 0.076928
0.526569 0.075493
0.526569 0.075288
0.526341 0.075083
0.526113 0.075083
0.525884 0.074878
0.525884 0.074468
0.525427 0.074058
0.525427 0.073853
0.525199 0.073649
0.525199 0.073444
0.523144 0.071599
0.522915 0.071599
0.522230 0.070984
0.522002 0.070984
0.521316 0.070369
0.521088 0.070369
0.519946 0.069345
0.519718 0.069345
0.519033 0.068730
0.518804 0.068730
0.516292 0.066475
0.516292 0.066270
0.515835 0.065860
0.515607 0.065860
0.514465 0.064836
0.514237 0.064836
0.513780 0.064426
0.513551 0.064426
0.513323 0.064221
0.512866 0.064221
0.512638 0.064016
[CONTOUR]
0.504416 0.059302
0.504416 0.060327
0.504645 0.060532
0.504873 0.060532
0.505101 0.060327
0.505330 0.060327
0.505330 0.059507
0.505101 0.059507
0.504873 0.059302
[CONTOUR]
0.446179 0.022616
0.446179 0.025280
0.450975 0.028969
0.450975 0.029174
0.451888 0.030199
0.452573 0.030814
0.453258 0.031634
0.453258 0.031838
0.453715 0.032453
0.455085 0.033683
0.455085 0.033888
0.456456 0.035323
0.456684 0.035528
0.457369 0.036347
0.457369 0.036552
0.458054 0.037372
0.458511 0.037782
0.459196 0.038602
0.459196 0.038807
0.460110 0.039627
0.461480 0.041061
0.461480 0.041266
0.462165 0.041676
0.462622 0.042086
0.462850 0.042291
0.463307 0.042701
0.463536 0.043111
0.463764 0.043111
0.465363 0.044341
0.466048 0.044955
0.466276 0.044955
0.467190 0.045570
0.468103 0.046390
0.468788 0.046800
0.469017 0.046800
0.469930 0.047415
0.470844 0.048235
0.471529 0.048644
0.471757 0.048644
0.472214 0.049054
0.473356 0.049874
0.473584 0.049874
0.474270 0.050284
0.474726 0.050694
0.475868 0.051514
0.476097 0.051514
0.477010 0.052129
0.478152 0.053153
0.478381 0.053153
0.479294 0.053768
0.480436 0.054793
0.481121 0.055203
0.481349 0.055203
0.482948 0.056433
0.486374 0.059507
0.486602 0.059712
0.487516 0.060532
0.487516 0.060737
0.490713 0.063401
0.491627 0.064221
0.491855 0.064426
0.492540 0.065041
0.493682 0.065860
0.493911 0.065860
0.494824 0.066475
0.495052 0.066680
0.495509 0.066885
0.495966 0.066885
0.496194 0.067090
0.496651 0.066885
0.497336 0.066885
0.497793 0.066270
0.498021 0.066065
0.498250 0.065655
0.498250 0.065450
0.498478 0.065041
0.498707 0.064836
0.498707 0.064631
0.498935 0.064221
0.499163 0.064016
0.499392 0.063606
0.499392 0.063401
0.499620 0.062991
0.499848 0.062786
0.500077 0.062171
0.500077 0.061966
0.500305 0.061761
0.500534 0.061351
0.500534 0.061147
0.500762 0.060737
0.501219 0.060327
0.501447 0.059917
0.501447 0.059712
0.502361 0.058687
0.503274 0.057867
0.503274 0.056228
0.502817 0.055613
0.499392 0.052539
0.498250 0.051719
0.498021 0.051719
0.497108 0.051104
0.496194 0.050284
0.495509 0.049874
0.495281 0.049874
0.493911 0.048849
0.493225 0.048235
0.492997 0.048235
0.492083 0.047620
0.491627 0.047210
0.490713 0.046595
0.490485 0.046595
0.489800 0.046185
0.489343 0.045775
0.488658 0.045365
0.488429 0.045365
0.488201 0.045160
0.487287 0.044545
0.487059 0.044545
0.486602 0.044341
0.486374 0.044136
0.485689 0.043726
0.485460 0.043726
0.485004 0.043521
0.484775 0.043316
0.484547 0.043316
0.483862 0.042906
0.483633 0.042701
0.483177 0.042496
0.482948 0.042496
0.482491 0.042291
0.482263 0.042086
0.481806 0.041881
0.481349 0.041881
0.481121 0.041676
0.480664 0.041471
0.480436 0.041471
0.479751 0.041266
0.479522 0.041061
0.479066 0.040856
0.478609 0.040856
0.477924 0.040651
0.477695 0.040446
0.477010 0.040241
0.476553 0.040241
0.476325 0.040037
0.475640 0.039832
0.475183 0.039832
0.474726 0.039627
0.474498 0.039422
0.473813 0.039217
0.473356 0.039217
0.472899 0.039012
0.472671 0.038807
0.472443 0.038807
0.471986 0.038602
0.471757 0.038397
0.471301 0.038192
0.471072 0.038192
0.470616 0.037987
0.470387 0.037782
0.469930 0.037577
0.469702 0.037577
0.469474 0.037372
0.468788 0.036962
0.468560 0.036962
0.468103 0.036757
0.467418 0.036142
0.466505 0.035528
0.466276 0.035528
0.465134 0.034708
0.464221 0.033888
0.463992 0.033888
0.462622 0.032863
0.461709 0.032043
0.461023 0.031634
0.460795 0.031634
0.460110 0.031224
0.459425 0.030609
0.458968 0.030404
0.458740 0.030404
0.457826 0.029789
0.457369 0.029379
0.457141 0.029379
0.456227 0.028764
0.455771 0.028354
0.455085 0.027944
0.454857 0.027944
0.454172 0.027534
0.453715 0.027125
0.452802 0.026510
0.452573 0.026510
0.452116 0.026100
0.451431 0.025690
0.451203 0.025690
0.450518 0.025280
0.449833 0.024665
0.448691 0.023845
0.448462 0.023845
0.447092 0.022821
0.446864 0.022616
[SKELETON]
0.447616 0.024219
0.448457 0.024946
0.449293 0.025673
0.449293 0.025673
0.450127 0.026399
0.450958 0.027124
0.451786 0.027848
0.451786 0.027848
0.452613 0.028570
0.453438 0.029289
0.454262 0.030005
0.454262 0.030005
0.455086 0.030718
0.455909 0.031426
0.456733 0.032130
0.456733 0.032130
0.457557 0.032829
0.458383 0.033523
0.459211 0.034210
0.459211 0.034210
0.460040 0.034891
0.460872 0.035565
0.461708 0.036232
0.461708 0.036232
0.462546 0.036890
0.463389 0.037540
0.464236 0.038182
0.464236 0.038182
0.465088 0.038813
0.465945 0.039435
0.466807 0.040046
0.466807 0.040046
0.467676 0.040647
0.468552 0.041236
0.469434 0.041813
0.469434 0.041813
0.470324 0.042377
0.471222 0.042929
0.472128 0.043467
0.472128 0.043467
0.473043 0.043992
0.473968 0.044502
0.474901 0.044999
0.474901 0.044999
0.475841 0.045486
0.476786 0.045965
0.477735 0.046439
0.477735 0.046439
0.478686 0.046911
0.479638 0.047384
0.480589 0.047860
0.480589 0.047860
0.481537 0.048342
0.482480 0.048833
0.483418 0.049336
0.483418 0.049336
0.484348 0.049854
0.485268 0.050389
0.486178 0.050944
0.486178 0.050944
0.487076 0.051522
0.487958 0.052124
0.488821 0.052754
0.488821 0.052754
0.489659 0.053410
0.490467 0.054094
0.491240 0.054806
0.491972 0.055548
0.491972 0.055548
0.492658 0.056319
0.493293 0.057122
0.493872 0.057955
0.493872 0.057955
0.494389 0.058821
0.494840 0.059720
0.495218 0.060652
0.495218 0.060652
0.495519 0.061619
0.495737 0.062621
0.496839 0.063245
0.496839 0.063245
0.497941 0.063870
0.499042 0.064494
0.500144 0.065119
0.500144 0.065119
0.501246 0.065743
0.502347 0.066368
0.503449 0.066992
0.503449 0.066992
0.504551 0.067616
0.505652 0.068241
0.506754 0.068865
0.506754 0.068865
0.507856 0.069490
0.508957 0.070114
0.510059 0.070739
0.510059 0.070739
0.510805 0.071665
0.511666 0.072373
0.512626 0.072895
0.512626 0.072895
0.513668 0.073261
0.514776 0.073504
0.515932 0.073653
0.515932 0.073653
0.517120 0.073741
0.518323 0.073797
0.519524 0.073855
0.519524 0.073855
0.520707 0.073944
0.521856 0.074096
0.522952 0.074342
0.522952 0.074342
0.523980 0.074713
0.524923 0.075240
0.525765 0.075955
0.525765 0.075955
0.526487 0.076889
0.527074 0.078072
0.527413 0.079154
0.527413 0.079154
0.527752 0.080236
0.528091 0.081318
0.528429 0.082400
0.528429 0.082400
0.528768 0.083482
0.529107 0.084564
0.529446 0.085645
0.529446 0.085645
0.529785 0.086727
0.530123 0.087809
0.530462 0.088891
0.530462 0.088891
0.530801 0.089973
0.531140 0.091055
0.531478 0.092137
0.532101 0.092953
0.532101 0.092953
0.532707 0.093775
0.533296 0.094603
0.533870 0.095437
0.533870 0.095437
0.534428 0.096276
0.534970 0.097122
0.535497 0.097973
0.535497 0.097973
0.536010 0.098829
0.536508 0.099691
0.536993 0.100558
0.536993 0.100558
0.537464 0.101431
0.537921 0.102308
0.538366 0.103190
0.538366 0.103190
0.538797 0.104076
0.539217 0.104967
0.539625 0.105863
0.539625 0.105863
0.540021 0.106763
0.540406 0.107667
0.540780 0.108575
0.540780 0.108575
0.541144 0.109487
0.541497 0.110402
0.541841 0.111322
0.541841 0.111322
0.542175 0.112245
0.542500 0.113171
0.542816 0.114101
0.542816 0.114101
0.543124 0.115033
0.543423 0.115969
0.543715 0.116908
0.543715 0.116908
0.543999 0.117849
0.544277 0.118793
0.544547 0.119740
0.544547 0.119740
0.544812 0.120689
0.545070 0.121640
0.545322 0.122593
0.545322 0.122593
0.545569 0.123548
0.545812 0.124505
0.546049 0.125464
0.546049 0.125464
0.546282 0.126425
0.546512 0.127387
0.546737 0.128350
0.546737 0.128350
0.546960 0.129314
0.547179 0.130280
0.547396 0.131246
0.547396 0.131246
0.547611 0.132214
0.547823 0.133182
0.548035 0.134150
0.548035 0.134150
0.548245 0.135119
0.548454 0.136089
