[CONTOUR]
0.807557 0.054213
0.808344 0.055625
0.809524 0.055978
0.811098 0.056331
0.812672 0.056684
0.813852 0.057390
0.815033 0.057744
0.817393 0.058097
0.818574 0.058450
0.820147 0.059156
0.821328 0.059509
0.823688 0.059862
0.825262 0.060568
0.826836 0.060921
0.829590 0.061274
0.830771 0.061627
0.832738 0.062334
0.834705 0.062687
0.837459 0.063040
0.839427 0.063393
0.842181 0.064099
0.843755 0.064452
0.847296 0.064805
0.849656 0.065158
0.851624 0.065864
0.855165 0.066218
0.857132 0.066571
0.859099 0.067277
0.860673 0.067630
0.863427 0.067983
0.865001 0.068336
0.866575 0.069042
0.867755 0.069395
0.870116 0.069748
0.871296 0.070101
0.872870 0.070808
0.874837 0.071161
0.875624 0.071514
0.877198 0.072220
0.878378 0.072573
0.879952 0.072926
0.880739 0.073279
0.882313 0.073985
0.883100 0.074338
0.884673 0.074692
0.885854 0.075045
0.887034 0.075751
0.888608 0.076104
0.889395 0.076457
0.890969 0.077163
0.891756 0.077516
0.893329 0.077869
0.894116 0.078222
0.895297 0.078929
0.896084 0.079282
0.897657 0.079635
0.898444 0.079988
0.900018 0.080694
0.901198 0.081047
0.902379 0.081400
0.903953 0.082106
0.905133 0.082459
0.906313 0.082812
0.907494 0.083166
0.908674 0.083872
0.909461 0.084225
0.911035 0.084578
0.911822 0.084931
0.913002 0.085637
0.913789 0.085990
0.914969 0.086343
0.916150 0.087050
0.916937 0.087403
0.918117 0.087756
0.919297 0.088462
0.920871 0.089521
0.922051 0.090227
0.923232 0.090580
0.924412 0.091287
0.925986 0.092346
0.927560 0.093405
0.928740 0.093758
0.930707 0.095170
0.932281 0.096230
0.933855 0.096936
0.935035 0.097642
0.937003 0.099054
0.938183 0.099761
0.939757 0.100467
0.940937 0.101173
0.942904 0.102585
0.944085 0.103291
0.946052 0.104351
0.947626 0.105410
0.949986 0.107175
0.951954 0.108235
0.953134 0.108941
0.955101 0.110353
0.956675 0.111412
0.958249 0.112119
0.959823 0.113178
0.962183 0.114943
0.963757 0.116002
0.965724 0.117062
0.967298 0.118121
0.970446 0.120593
0.972807 0.122005
0.974380 0.123064
0.978315 0.126242
0.981069 0.128360
0.983430 0.129773
0.985397 0.131185
0.992086 0.136834
0.994053 0.138953
0.994446 0.140012
0.994840 0.140718
0.997201 0.142837
0.996807 0.138247
0.996414 0.136128
0.995627 0.135069
0.995233 0.134363
0.994840 0.133304
0.994446 0.132597
0.992873 0.130832
0.992086 0.129773
0.990905 0.128007
0.985004 0.122358
0.971233 0.110353
0.961003 0.101526
0.957462 0.099054
0.953527 0.095877
0.951954 0.094817
0.949986 0.093758
0.948413 0.092699
0.945658 0.090580
0.944085 0.089521
0.942511 0.088815
0.941330 0.088109
0.938970 0.086343
0.937789 0.085637
0.936216 0.084931
0.934248 0.083519
0.932675 0.082459
0.931494 0.082106
0.930314 0.081400
0.928347 0.079988
0.927560 0.079635
0.926379 0.079282
0.925199 0.078575
0.923625 0.077516
0.922838 0.077163
0.921658 0.076810
0.920871 0.076457
0.919691 0.075751
0.918510 0.075398
0.917723 0.075045
0.916543 0.074338
0.915756 0.073985
0.914576 0.073632
0.913789 0.073279
0.912609 0.072573
0.911822 0.072220
0.910248 0.071867
0.909461 0.071514
0.907887 0.070808
0.906707 0.070455
0.905526 0.070101
0.903953 0.069395
0.903166 0.069042
0.901985 0.068689
0.900805 0.068336
0.899231 0.067630
0.898444 0.067277
0.896870 0.066924
0.895690 0.066571
0.894510 0.065864
0.892543 0.065511
0.891362 0.065158
0.889788 0.064452
0.888608 0.064099
0.887034 0.063746
0.885854 0.063393
0.884280 0.062687
0.883100 0.062334
0.881132 0.061981
0.879952 0.061627
0.877985 0.060921
0.876804 0.060568
0.874837 0.060215
0.872870 0.059509
0.871296 0.059156
0.868542 0.058803
0.866181 0.058450
0.864214 0.057744
0.862640 0.057390
0.858312 0.057037
0.855952 0.056684
0.853591 0.055978
0.851230 0.055625
0.849656 0.054213
[SKELETON]
0.813008 0.056325
0.814939 0.056406
0.814939 0.056406
0.816865 0.056500
0.816865 0.056500
0.818787 0.056606
0.818787 0.056606
0.820703 0.056725
0.822615 0.056857
0.822615 0.056857
0.824521 0.057001
0.824521 0.057001
0.826423 0.057158
0.826423 0.057158
0.828320 0.057328
0.828320 0.057328
0.830213 0.057510
0.832100 0.057705
0.832100 0.057705
0.833982 0.057912
0.833982 0.057912
0.835859 0.058131
0.835859 0.058131
0.837732 0.058364
0.839599 0.058608
0.839599 0.058608
0.841462 0.058865
0.841462 0.058865
0.843319 0.059135
0.843319 0.059135
0.845172 0.059417
0.845172 0.059417
0.847019 0.059711
0.848862 0.060017
0.848862 0.060017
0.850699 0.060336
0.850699 0.060336
0.852532 0.060667
0.852532 0.060667
0.854359 0.061010
0.856182 0.061366
0.856182 0.061366
0.857999 0.061734
0.857999 0.061734
0.859811 0.062114
0.859811 0.062114
0.861618 0.062506
0.861618 0.062506
0.863421 0.062910
0.865218 0.063326
0.865218 0.063326
0.867009 0.063755
0.867009 0.063755
0.868796 0.064195
0.868796 0.064195
0.870578 0.064648
0.872354 0.065112
0.872354 0.065112
0.874126 0.065589
0.874126 0.065589
0.875892 0.066077
0.875892 0.066077
0.877653 0.066578
0.877653 0.066578
0.879409 0.067090
0.881159 0.067614
0.881159 0.067614
0.882905 0.068150
0.882905 0.068150
0.884645 0.068698
0.884645 0.068698
0.886380 0.069258
0.888109 0.069829
0.888109 0.069829
0.889834 0.070412
0.889834 0.070412
0.891553 0.071007
0.891553 0.071007
0.893267 0.071614
0.893267 0.071614
0.894976 0.072232
0.896679 0.072862
0.896679 0.072862
0.898377 0.073504
0.898377 0.073504
0.900070 0.074157
0.900070 0.074157
0.901757 0.074822
0.903439 0.075499
0.903439 0.075499
0.905116 0.076187
0.905116 0.076187
0.906787 0.076886
0.906787 0.076886
0.908453 0.077597
0.908453 0.077597
0.910114 0.078320
0.911769 0.079054
0.911769 0.079054
0.913419 0.079799
0.913419 0.079799
0.915063 0.080556
0.915063 0.080556
0.916702 0.081324
0.918336 0.082103
0.918336 0.082103
0.919964 0.082894
0.919964 0.082894
0.921587 0.083696
0.921587 0.083696
0.923204 0.084509
0.923204 0.084509
0.924816 0.085334
0.926422 0.086170
0.926422 0.086170
0.928023 0.087017
0.928023 0.087017
0.929618 0.087875
0.929618 0.087875
0.931208 0.088744
0.932792 0.089625
0.932792 0.089625
0.934371 0.090516
0.934371 0.090516
0.935944 0.091419
0.935944 0.091419
0.937512 0.092333
0.937512 0.092333
0.939074 0.093258
0.940630 0.094193
0.940630 0.094193
0.942181 0.095140
0.942181 0.095140
0.943726 0.096098
0.943726 0.096098
0.945266 0.097066
0.946800 0.098046
0.946800 0.098046
0.948328 0.099036
0.948328 0.099036
0.949851 0.100037
0.949851 0.100037
0.951368 0.101049
0.951368 0.101049
0.952880 0.102072
0.954385 0.103106
0.954385 0.103106
0.955885 0.104150
0.955885 0.104150
0.957380 0.105206
0.957380 0.105206
0.958868 0.106271
0.960351 0.107348
0.960351 0.107348
0.961829 0.108435
0.961829 0.108435
0.963300 0.109533
0.963300 0.109533
0.964766 0.110642
0.964766 0.110642
0.966226 0.111761
0.967680 0.112890
0.967680 0.112890
0.969129 0.114030
0.969129 0.114030
0.970571 0.115181
0.970571 0.115181
0.972008 0.116342
0.973439 0.117514
0.973439 0.117514
0.974864 0.118696
0.974864 0.118696
0.976284 0.119888
0.976284 0.119888
0.977697 0.121091
0.977697 0.121091
0.979105 0.122305
0.980507 0.123528
0.980507 0.123528
0.981903 0.124762
0.981903 0.124762
0.983293 0.126006
0.983293 0.126006
0.984677 0.127261
0.986055 0.128525
0.986055 0.128525
0.987428 0.129800
0.987428 0.129800
0.988794 0.131086
0.988794 0.131086
0.990155 0.132381
0.990155 0.132381
0.991509 0.133686
0.992858 0.135002
0.992858 0.135002
0.994200 0.136328
0.994200 0.136328
0.995537 0.137663
0.995537 0.137663
0.996868 0.139009
