[CONTOUR]
0.825129 0.000873
0.824914 0.001644
0.822551 0.001836
0.820833 0.002029
0.819114 0.002029
0.816966 0.002222
0.816321 0.002608
0.817396 0.002800
0.820833 0.002800
0.824484 0.002993
0.828136 0.003186
0.829425 0.003379
0.831788 0.003764
0.833292 0.003957
0.834151 0.004150
0.836084 0.004343
0.836944 0.004535
0.838018 0.004921
0.839092 0.005114
0.840596 0.005306
0.841455 0.005499
0.842314 0.005885
0.842744 0.006078
0.843603 0.006270
0.844247 0.006463
0.844892 0.006849
0.845536 0.007041
0.845966 0.007234
0.846825 0.007427
0.847255 0.007620
0.847899 0.008005
0.848544 0.008198
0.849188 0.008391
0.849618 0.008584
0.850262 0.008969
0.850692 0.009162
0.851336 0.009355
0.851766 0.009547
0.852410 0.009933
0.852840 0.010126
0.853485 0.010511
0.854129 0.010704
0.854559 0.010897
0.855203 0.011282
0.855633 0.011475
0.856277 0.011668
0.856922 0.012054
0.857566 0.012439
0.858210 0.012825
0.858855 0.013017
0.859285 0.013210
0.860144 0.013789
0.860573 0.013981
0.861433 0.014367
0.861862 0.014560
0.862507 0.014945
0.863581 0.015716
0.864225 0.016102
0.865085 0.016487
0.865944 0.017066
0.867018 0.017837
0.867877 0.018415
0.868951 0.018994
0.869811 0.019572
0.871529 0.020921
0.872173 0.021307
0.873248 0.021885
0.874107 0.022463
0.874751 0.022849
0.876040 0.023813
0.876685 0.024198
0.877759 0.024777
0.878403 0.025162
0.879477 0.025933
0.880122 0.026319
0.880981 0.026705
0.881625 0.027090
0.882699 0.027861
0.883559 0.028440
0.884418 0.028825
0.885277 0.029403
0.885922 0.029789
0.887211 0.030753
0.887855 0.031138
0.888714 0.031524
0.889574 0.032102
0.891077 0.033259
0.891937 0.033837
0.893011 0.034416
0.893655 0.034801
0.895159 0.035958
0.895803 0.036343
0.897092 0.037114
0.897951 0.037693
0.899240 0.038657
0.903537 0.042319
0.905900 0.044247
0.914492 0.051573
0.917500 0.054079
0.920937 0.056970
0.922225 0.057934
0.924159 0.059284
0.926951 0.061597
0.930603 0.065067
0.932322 0.066802
0.933611 0.068344
0.935544 0.070272
0.935974 0.070465
0.936618 0.069886
0.936403 0.069308
0.935974 0.068730
0.935759 0.068344
0.935544 0.067573
0.935329 0.067187
0.934900 0.066609
0.934685 0.066224
0.934470 0.065645
0.934255 0.065260
0.933611 0.064489
0.933396 0.064103
0.933181 0.063718
0.932966 0.063139
0.932751 0.062754
0.932322 0.062175
0.932107 0.061790
0.931892 0.061211
0.931463 0.060633
0.930818 0.059862
0.930603 0.059476
0.930174 0.058705
0.929744 0.058127
0.928885 0.057163
0.928455 0.056585
0.928026 0.056006
0.927596 0.055235
0.926951 0.054464
0.925877 0.053308
0.925448 0.052729
0.924803 0.051765
0.923944 0.050802
0.922655 0.049452
0.922011 0.048681
0.921366 0.047717
0.920722 0.046946
0.919218 0.045404
0.918359 0.044440
0.917285 0.043283
0.916425 0.042127
0.915566 0.041163
0.914062 0.039621
0.913203 0.038657
0.912344 0.037500
0.911270 0.036343
0.908907 0.034030
0.907833 0.032873
0.906329 0.031138
0.904181 0.029018
0.898811 0.024391
0.897522 0.023427
0.896018 0.022463
0.894944 0.021692
0.893870 0.020921
0.892151 0.019572
0.891292 0.018994
0.890218 0.018415
0.889574 0.018030
0.888285 0.017066
0.887425 0.016487
0.886351 0.015909
0.885492 0.015331
0.884203 0.014367
0.883344 0.013789
0.882270 0.013210
0.881625 0.012825
0.880981 0.012439
0.879692 0.011475
0.878833 0.010897
0.877759 0.010319
0.876899 0.009740
0.875825 0.008969
0.875181 0.008584
0.874322 0.008198
0.873677 0.007812
0.872388 0.006849
0.871744 0.006463
0.870885 0.006078
0.870240 0.005692
0.869596 0.005306
0.868522 0.004535
0.867662 0.003957
0.866588 0.003571
0.865944 0.003379
0.865085 0.002993
0.864440 0.002800
0.863796 0.002608
0.863366 0.002415
0.862722 0.002029
0.862292 0.001836
0.861648 0.001644
0.861433 0.000873
[SKELETON]
0.824448 0.001939
0.825470 0.001994
0.825470 0.001994
0.826495 0.002048
0.827523 0.002102
0.827523 0.002102
0.828554 0.002156
0.829586 0.002210
0.829586 0.002210
0.830620 0.002266
0.831655 0.002324
0.831655 0.002324
0.832691 0.002385
0.833726 0.002449
0.833726 0.002449
0.834762 0.002517
0.835798 0.002590
0.835798 0.002590
0.836832 0.002668
0.837866 0.002752
0.837866 0.002752
0.838897 0.002842
0.839927 0.002940
0.839927 0.002940
0.840954 0.003045
0.841978 0.003159
0.841978 0.003159
0.842999 0.003282
0.844017 0.003415
0.844017 0.003415
0.845030 0.003558
0.846039 0.003712
0.846039 0.003712
0.847043 0.003878
0.848042 0.004056
0.848042 0.004056
0.849036 0.004247
0.850023 0.004451
0.850023 0.004451
0.851004 0.004670
0.851978 0.004904
0.851978 0.004904
0.852946 0.005153
0.853905 0.005418
0.853905 0.005418
0.854857 0.005700
0.855801 0.005997
0.855801 0.005997
0.856739 0.006309
0.857670 0.006635
0.857670 0.006635
0.858593 0.006976
0.859511 0.007331
0.859511 0.007331
0.860422 0.007699
0.861327 0.008080
0.861327 0.008080
0.862227 0.008473
0.863121 0.008878
0.863121 0.008878
0.864010 0.009294
0.864893 0.009721
0.864893 0.009721
0.865772 0.010159
0.866646 0.010607
0.866646 0.010607
0.867516 0.011064
0.868381 0.011530
0.868381 0.011530
0.869243 0.012005
0.870101 0.012488
0.870101 0.012488
0.870955 0.012979
0.871806 0.013478
0.871806 0.013478
0.872654 0.013983
0.873499 0.014495
0.873499 0.014495
0.874341 0.015013
0.875180 0.015537
0.875180 0.015537
0.876017 0.016067
0.876852 0.016601
0.876852 0.016601
0.877684 0.017140
0.878515 0.017683
0.878515 0.017683
0.879345 0.018230
0.880173 0.018780
0.880173 0.018780
0.880999 0.019333
0.881825 0.019888
0.881825 0.019888
0.882650 0.020446
0.883474 0.021005
0.883474 0.021005
0.884297 0.021567
0.885119 0.022130
0.885119 0.022130
0.885940 0.022696
0.886760 0.023265
0.887578 0.023836
0.887578 0.023836
0.888396 0.024409
0.889211 0.024986
0.889211 0.024986
0.890026 0.025564
0.890838 0.026146
0.890838 0.026146
0.891649 0.026731
0.892458 0.027319
0.892458 0.027319
0.893265 0.027910
0.894071 0.028504
0.894071 0.028504
0.894874 0.029102
0.895674 0.029703
0.895674 0.029703
0.896473 0.030308
0.897269 0.030917
0.897269 0.030917
0.898063 0.031529
0.898854 0.032145
0.898854 0.032145
0.899643 0.032765
0.900429 0.033389
0.900429 0.033389
0.901212 0.034018
0.901992 0.034651
0.901992 0.034651
0.902769 0.035288
0.903543 0.035929
0.903543 0.035929
0.904314 0.036575
0.905081 0.037226
0.905081 0.037226
0.905845 0.037882
0.906606 0.038542
0.906606 0.038542
0.907363 0.039208
0.908117 0.039878
0.908117 0.039878
0.908866 0.040554
0.909612 0.041235
0.909612 0.041235
0.910354 0.041921
0.911092 0.042613
0.911092 0.042613
0.911826 0.043310
0.912556 0.044012
0.912556 0.044012
0.913282 0.044719
0.914005 0.045429
0.914005 0.045429
0.914725 0.046143
0.915441 0.046861
0.915441 0.046861
0.916154 0.047581
0.916864 0.048304
0.916864 0.048304
0.917571 0.049028
0.918275 0.049755
0.918275 0.049755
0.918976 0.050482
0.919675 0.051211
0.919675 0.051211
0.920372 0.051939
0.921066 0.052668
0.921066 0.052668
0.921759 0.053397
0.922449 0.054125
0.922449 0.054125
0.923137 0.054851
0.923824 0.055576
0.923824 0.055576
0.924509 0.056300
0.925191 0.057021
0.925191 0.057021
0.925871 0.057742
0.926548 0.058461
0.926548 0.058461
0.927220 0.059179
0.927888 0.059897
0.927888 0.059897
0.928552 0.060613
0.929210 0.061330
0.929210 0.061330
0.929862 0.062046
0.930508 0.062763
0.930508 0.062763
0.931147 0.063480
0.931779 0.064197
0.931779 0.064197
0.932402 0.064915
0.933018 0.065634
0.933018 0.065634
0.933624 0.066354
0.934221 0.067075
0.934221 0.067075
0.934808 0.067798
