[CONTOUR]
0.594159 0.183564
0.596085 0.187001
0.597048 0.187431
0.598653 0.188720
0.600258 0.190009
0.601221 0.190868
0.602505 0.191728
0.603790 0.192587
0.605074 0.193447
0.606679 0.194736
0.607642 0.195595
0.609247 0.196884
0.610531 0.197743
0.611494 0.198173
0.612778 0.199032
0.613741 0.199892
0.615026 0.200751
0.616310 0.201611
0.617273 0.202040
0.618557 0.202900
0.619841 0.203759
0.620804 0.204618
0.622409 0.205478
0.623693 0.206337
0.624978 0.206767
0.626583 0.207626
0.627546 0.208486
0.629151 0.209345
0.630435 0.210204
0.632040 0.210634
0.633324 0.211493
0.634930 0.212353
0.635893 0.213212
0.637498 0.214072
0.639103 0.214931
0.640066 0.215361
0.641671 0.216220
0.642634 0.217079
0.644239 0.217939
0.645524 0.218798
0.646808 0.219228
0.648092 0.220087
0.649697 0.220947
0.650660 0.221806
0.651944 0.222665
0.652907 0.223095
0.654191 0.223954
0.655797 0.224814
0.656760 0.225673
0.658044 0.226532
0.659328 0.227392
0.660291 0.227822
0.661575 0.228681
0.662859 0.229540
0.663822 0.230400
0.665106 0.231259
0.666070 0.231689
0.667354 0.232548
0.668638 0.233407
0.669601 0.234267
0.670885 0.235126
0.672169 0.235986
0.673132 0.236415
0.674737 0.237704
0.676021 0.238564
0.677306 0.239853
0.678590 0.240712
0.679553 0.241142
0.680837 0.242001
0.682121 0.242861
0.683405 0.244150
0.684689 0.245009
0.686294 0.246298
0.687258 0.246728
0.688863 0.248017
0.689826 0.248876
0.691752 0.250595
0.693357 0.251884
0.694641 0.252743
0.696246 0.254032
0.698173 0.255751
0.699457 0.257040
0.701383 0.258759
0.703309 0.260478
0.704593 0.261337
0.706519 0.263056
0.707804 0.264345
0.709730 0.266064
0.711656 0.267782
0.712940 0.268642
0.714866 0.270361
0.716792 0.272079
0.718077 0.273368
0.719682 0.274657
0.721608 0.276376
0.722571 0.276806
0.724176 0.278095
0.725460 0.279384
0.726744 0.280243
0.728671 0.281962
0.729634 0.282392
0.730918 0.283251
0.732523 0.284540
0.734128 0.286259
0.735412 0.287118
0.736375 0.287548
0.737659 0.288407
0.739265 0.289697
0.740228 0.290556
0.741512 0.291415
0.743759 0.292275
0.746969 0.292704
0.749538 0.291415
0.750180 0.288407
0.750501 0.286259
0.747611 0.282392
0.743759 0.276376
0.739586 0.271650
0.736696 0.268642
0.734770 0.266493
0.732523 0.264345
0.730597 0.262626
0.728992 0.261337
0.727065 0.259618
0.725139 0.257900
0.723534 0.256181
0.721608 0.254462
0.720645 0.254032
0.718719 0.252314
0.716792 0.250595
0.715187 0.248876
0.713261 0.247157
0.711335 0.245439
0.710051 0.244579
0.708125 0.242861
0.706519 0.241142
0.704593 0.239423
0.702988 0.238134
0.701704 0.237275
0.699778 0.235556
0.698173 0.234267
0.696888 0.232978
0.695283 0.231689
0.693678 0.230400
0.692394 0.229540
0.691110 0.228681
0.689826 0.227392
0.688542 0.226532
0.686937 0.225243
0.685973 0.224814
0.684689 0.223954
0.683084 0.222665
0.682121 0.221806
0.680837 0.220947
0.679232 0.219657
0.678269 0.219228
0.676985 0.218368
0.676021 0.217509
0.674737 0.216650
0.673132 0.215790
0.672169 0.215361
0.670885 0.214501
0.669601 0.213642
0.668638 0.212782
0.667033 0.211923
0.666070 0.211493
0.664464 0.210634
0.663180 0.209775
0.662217 0.208915
0.660612 0.208056
0.659007 0.207197
0.658044 0.206767
0.656760 0.205907
0.655154 0.205048
0.654191 0.204189
0.652265 0.203329
0.650981 0.202900
0.649376 0.202040
0.647450 0.201181
0.645845 0.200322
0.644239 0.199462
0.642313 0.198603
0.640708 0.198173
0.638461 0.197314
0.636535 0.196454
0.635251 0.195595
0.633003 0.194736
0.631077 0.194306
0.628830 0.193447
0.626904 0.192587
0.625299 0.191728
0.623051 0.190868
0.620483 0.190009
0.618557 0.189579
0.616310 0.188720
0.615026 0.187861
0.612457 0.187001
0.610210 0.186142
0.607963 0.185712
0.607000 0.183564
[SKELETON]
0.597853 0.186223
0.599292 0.186811
0.599292 0.186811
0.600730 0.187404
0.600730 0.187404
0.602166 0.188003
0.602166 0.188003
0.603600 0.188608
0.603600 0.188608
0.605032 0.189219
0.606463 0.189836
0.606463 0.189836
0.607891 0.190458
0.607891 0.190458
0.609318 0.191087
0.609318 0.191087
0.610743 0.191721
0.610743 0.191721
0.612166 0.192361
0.613588 0.193006
0.613588 0.193006
0.615008 0.193658
0.615008 0.193658
0.616425 0.194316
0.616425 0.194316
0.617841 0.194979
0.619256 0.195648
0.619256 0.195648
0.620668 0.196324
0.620668 0.196324
0.622078 0.197005
0.622078 0.197005
0.623487 0.197692
0.623487 0.197692
0.624894 0.198385
0.626299 0.199084
0.626299 0.199084
0.627702 0.199789
0.627702 0.199789
0.629103 0.200500
0.629103 0.200500
0.630503 0.201217
0.630503 0.201217
0.631900 0.201940
0.633296 0.202669
0.633296 0.202669
0.634690 0.203404
0.634690 0.203404
0.636082 0.204145
0.636082 0.204145
0.637472 0.204892
0.637472 0.204892
0.638860 0.205645
0.640247 0.206404
0.640247 0.206404
0.641631 0.207169
0.641631 0.207169
0.643014 0.207940
0.643014 0.207940
0.644394 0.208718
0.644394 0.208718
0.645773 0.209501
0.647150 0.210291
0.647150 0.210291
0.648525 0.211087
0.648525 0.211087
0.649898 0.211888
0.649898 0.211888
0.651270 0.212696
0.651270 0.212696
0.652639 0.213511
0.654006 0.214331
0.654006 0.214331
0.655372 0.215158
0.655372 0.215158
0.656735 0.215990
0.656735 0.215990
0.658097 0.216829
0.659457 0.217674
0.659457 0.217674
0.660815 0.218526
0.660815 0.218526
0.662171 0.219384
0.662171 0.219384
0.663524 0.220247
0.663524 0.220247
0.664876 0.221118
0.666227 0.221994
0.666227 0.221994
0.667575 0.222877
0.667575 0.222877
0.668921 0.223766
0.668921 0.223766
0.670265 0.224661
0.670265 0.224661
0.671607 0.225563
0.672948 0.226471
0.672948 0.226471
0.674286 0.227385
0.674286 0.227385
0.675622 0.228305
0.675622 0.228305
0.676957 0.229232
0.676957 0.229232
0.678289 0.230166
0.679620 0.231105
0.679620 0.231105
0.680949 0.232051
0.680949 0.232051
0.682275 0.233003
0.682275 0.233003
0.683600 0.233961
0.683600 0.233961
0.684923 0.234926
0.686243 0.235897
0.686243 0.235897
0.687562 0.236874
0.687562 0.236874
0.688879 0.237858
0.688879 0.237858
0.690194 0.238848
0.690194 0.238848
0.691507 0.239844
0.692818 0.240846
0.692818 0.240846
0.694127 0.241855
0.694127 0.241855
0.695435 0.242870
0.695435 0.242870
0.696740 0.243891
0.698043 0.244919
0.698043 0.244919
0.699345 0.245952
0.699345 0.245952
0.700644 0.246992
0.700644 0.246992
0.701942 0.248039
0.701942 0.248039
0.703237 0.249091
0.704531 0.250150
0.704531 0.250150
0.705823 0.251214
0.705823 0.251214
0.707113 0.252286
0.707113 0.252286
0.708400 0.253363
0.708400 0.253363
0.709686 0.254446
0.710970 0.255536
0.710970 0.255536
0.712253 0.256632
0.712253 0.256632
0.713533 0.257734
0.713533 0.257734
0.714811 0.258843
0.714811 0.258843
0.716088 0.259957
0.717362 0.261078
0.717362 0.261078
0.718635 0.262205
0.718635 0.262205
0.719905 0.263338
0.719905 0.263338
0.721174 0.264477
0.721174 0.264477
0.722441 0.265623
0.723706 0.266775
0.723706 0.266775
0.724969 0.267932
0.724969 0.267932
0.726230 0.269096
0.726230 0.269096
0.727489 0.270267
0.727489 0.270267
0.728746 0.271443
0.730001 0.272625
0.730001 0.272625
0.731255 0.273814
0.731255 0.273814
0.732506 0.275009
0.732506 0.275009
0.733756 0.276210
0.735004 0.277417
0.735004 0.277417
0.736250 0.278630
0.736250 0.278630
0.737494 0.279849
0.737494 0.279849
0.738736 0.281074
0.738736 0.281074
0.739976 0.282306
0.741214 0.283544
0.741214 0.283544
0.742451 0.284787
0.742451 0.284787
0.743685 0.286037
0.743685 0.286037
0.744918 0.287293
0.744918 0.287293
0.746148 0.288555
