[CONTOUR]
0.257947 0.231430
0.257566 0.235006
0.257184 0.236538
0.256421 0.239093
0.256039 0.241647
0.255657 0.243179
0.254894 0.244712
0.254512 0.246244
0.254131 0.248287
0.253367 0.249820
0.252986 0.251352
0.252604 0.252885
0.251841 0.254417
0.251459 0.255950
0.251078 0.257993
0.250696 0.259014
0.249933 0.261058
0.249551 0.263612
0.249169 0.264633
0.248406 0.266677
0.248024 0.268720
0.247643 0.270252
0.246879 0.272296
0.246498 0.273828
0.246116 0.275871
0.245353 0.277915
0.244971 0.279447
0.244590 0.282001
0.243826 0.284555
0.243445 0.286088
0.243063 0.289663
0.242681 0.292218
0.241918 0.294772
0.241536 0.298858
0.241155 0.300901
0.240392 0.302945
0.240010 0.307031
0.239628 0.309075
0.238865 0.312139
0.238483 0.314183
0.238102 0.318269
0.237338 0.321334
0.236957 0.323377
0.236575 0.327464
0.235812 0.330529
0.235430 0.332572
0.235048 0.337169
0.234285 0.340234
0.233904 0.342278
0.233522 0.346364
0.233140 0.348918
0.232377 0.351472
0.231995 0.355559
0.231614 0.357602
0.230850 0.360156
0.230469 0.364243
0.230087 0.366286
0.229324 0.368329
0.228942 0.370373
0.228561 0.373948
0.227797 0.375992
0.227416 0.377524
0.227034 0.380589
0.226271 0.382632
0.225889 0.384675
0.225507 0.387740
0.225126 0.389273
0.224362 0.391316
0.223981 0.394381
0.223599 0.395913
0.222836 0.397957
0.222454 0.401022
0.222073 0.402554
0.221309 0.404597
0.220928 0.406641
0.220546 0.409195
0.219783 0.411238
0.219401 0.413281
0.219019 0.415835
0.218256 0.418389
0.217874 0.419922
0.217493 0.422476
0.216730 0.424519
0.216348 0.426563
0.215966 0.429117
0.215585 0.431160
0.214821 0.433203
0.214440 0.435757
0.214058 0.437800
0.213295 0.440355
0.212913 0.443930
0.212531 0.445974
0.211768 0.448528
0.211386 0.450060
0.211005 0.453125
0.210242 0.455168
0.209860 0.456701
0.209478 0.459255
0.208715 0.461809
0.208333 0.463341
0.207952 0.465895
0.206043 0.466917
0.209860 0.492969
0.211005 0.490925
0.211768 0.489393
0.212150 0.487861
0.213295 0.485817
0.213676 0.484285
0.214058 0.482752
0.214440 0.481731
0.215203 0.480198
0.215585 0.478666
0.215966 0.477644
0.216730 0.475601
0.217111 0.474069
0.217493 0.473047
0.218256 0.471514
0.218638 0.469982
0.219019 0.468450
0.219783 0.466406
0.220164 0.465385
0.220546 0.463341
0.221309 0.461809
0.221691 0.460276
0.222073 0.458233
0.222836 0.456190
0.223217 0.454657
0.223599 0.452614
0.223981 0.451082
0.224744 0.449038
0.225126 0.446995
0.225507 0.444952
0.226271 0.442909
0.226652 0.440355
0.227034 0.438822
0.227797 0.437290
0.228179 0.435757
0.228561 0.433203
0.229324 0.431160
0.229705 0.430138
0.230087 0.427584
0.230850 0.425541
0.231232 0.424008
0.231614 0.421454
0.231995 0.419922
0.232759 0.417879
0.233140 0.415325
0.233522 0.413792
0.234285 0.411749
0.234667 0.409195
0.235048 0.407662
0.235812 0.405619
0.236193 0.403576
0.236575 0.400511
0.237338 0.398468
0.237720 0.396424
0.238102 0.393870
0.238865 0.391316
0.239247 0.389784
0.239628 0.386208
0.240392 0.384165
0.240773 0.382121
0.241155 0.379056
0.241536 0.377524
0.242300 0.374970
0.242681 0.371394
0.243063 0.369862
0.243826 0.367308
0.244208 0.363221
0.244590 0.361178
0.245353 0.358624
0.245735 0.356581
0.246116 0.352494
0.246879 0.349940
0.247261 0.346875
0.247643 0.342788
0.248406 0.339213
0.248788 0.336148
0.249169 0.331040
0.249551 0.327975
0.250314 0.323377
0.250696 0.317758
0.251078 0.314694
0.251841 0.310607
0.252223 0.305499
0.252604 0.302434
0.253367 0.297837
0.253749 0.294772
0.254131 0.283023
0.254894 0.279447
0.255276 0.277915
0.255657 0.274850
0.256421 0.271274
0.256802 0.268720
0.257184 0.261569
0.257566 0.256971
0.258329 0.252374
0.258710 0.246244
0.259092 0.244712
0.260619 0.231430
[SKELETON]
0.258440 0.236388
0.257984 0.238724
0.257984 0.238724
0.257534 0.241063
0.257534 0.241063
0.257088 0.243404
0.257088 0.243404
0.256647 0.245748
0.256647 0.245748
0.256211 0.248095
0.256211 0.248095
0.255779 0.250444
0.255351 0.252795
0.255351 0.252795
0.254927 0.255148
0.254927 0.255148
0.254507 0.257504
0.254507 0.257504
0.254090 0.259861
0.254090 0.259861
0.253677 0.262221
0.253677 0.262221
0.253267 0.264582
0.253267 0.264582
0.252861 0.266945
0.252457 0.269310
0.252457 0.269310
0.252056 0.271676
0.252056 0.271676
0.251658 0.274043
0.251658 0.274043
0.251262 0.276412
0.251262 0.276412
0.250869 0.278783
0.250869 0.278783
0.250477 0.281154
0.250088 0.283527
0.250088 0.283527
0.249700 0.285900
0.249700 0.285900
0.249314 0.288274
0.249314 0.288274
0.248929 0.290649
0.248929 0.290649
0.248545 0.293025
0.248545 0.293025
0.248163 0.295402
0.247781 0.297778
0.247781 0.297778
0.247400 0.300156
0.247400 0.300156
0.247020 0.302533
0.247020 0.302533
0.246640 0.304911
0.246640 0.304911
0.246260 0.307289
0.246260 0.307289
0.245881 0.309667
0.245881 0.309667
0.245501 0.312045
0.245121 0.314422
0.245121 0.314422
0.244740 0.316800
0.244740 0.316800
0.244359 0.319177
0.244359 0.319177
0.243977 0.321554
0.243977 0.321554
0.243594 0.323930
0.243594 0.323930
0.243209 0.326305
0.242824 0.328680
0.242824 0.328680
0.242437 0.331053
0.242437 0.331053
0.242048 0.333426
0.242048 0.333426
0.241657 0.335798
0.241657 0.335798
0.241264 0.338169
0.241264 0.338169
0.240870 0.340538
0.240472 0.342907
0.240472 0.342907
0.240073 0.345273
0.240073 0.345273
0.239670 0.347639
0.239670 0.347639
0.239265 0.350002
0.239265 0.350002
0.238856 0.352364
0.238856 0.352364
0.238445 0.354725
0.238445 0.354725
0.238030 0.357083
0.237611 0.359439
0.237611 0.359439
0.237189 0.361793
0.237189 0.361793
0.236762 0.364146
0.236762 0.364146
0.236332 0.366495
0.236332 0.366495
0.235898 0.368843
0.235898 0.368843
0.235459 0.371189
0.235017 0.373532
0.235017 0.373532
0.234571 0.375873
0.234571 0.375873
0.234121 0.378212
0.234121 0.378212
0.233667 0.380548
0.233667 0.380548
0.233208 0.382883
0.233208 0.382883
0.232746 0.385215
0.232746 0.385215
0.232280 0.387545
0.231809 0.389872
0.231809 0.389872
0.231335 0.392198
0.231335 0.392198
0.230856 0.394521
0.230856 0.394521
0.230374 0.396842
0.230374 0.396842
0.229887 0.399161
0.229887 0.399161
0.229397 0.401477
0.228902 0.403791
0.228902 0.403791
0.228403 0.406103
0.228403 0.406103
0.227900 0.408413
0.227900 0.408413
0.227393 0.410720
0.227393 0.410720
0.226882 0.413025
0.226882 0.413025
0.226367 0.415328
0.225848 0.417628
0.225848 0.417628
0.225324 0.419927
0.225324 0.419927
0.224797 0.422223
0.224797 0.422223
0.224265 0.424516
0.224265 0.424516
0.223729 0.426808
0.223729 0.426808
0.223189 0.429097
0.223189 0.429097
0.222645 0.431384
0.222097 0.433668
0.222097 0.433668
0.221544 0.435950
0.221544 0.435950
0.220988 0.438230
0.220988 0.438230
0.220427 0.440508
0.220427 0.440508
0.219862 0.442783
0.219862 0.442783
0.219293 0.445056
0.218720 0.447326
0.218720 0.447326
0.218142 0.449594
0.218142 0.449594
0.217560 0.451860
0.217560 0.451860
0.216974 0.454124
0.216974 0.454124
0.216384 0.456385
0.216384 0.456385
0.215790 0.458644
0.215191 0.460901
0.215191 0.460901
0.214588 0.463155
0.214588 0.463155
0.213981 0.465407
0.213981 0.465407
0.213370 0.467656
0.213370 0.467656
0.212754 0.469903
0.212754 0.469903
0.212134 0.472148
0.212134 0.472148
0.211510 0.474390
0.210881 0.476630
0.210881 0.476630
0.210249 0.478868
0.210249 0.478868
0.209612 0.481103
0.209612 0.481103
0.208970 0.483336
0.208970 0.483336
0.208325 0.485567
0.208325 0.485567
0.207675 0.487795
