[CONTOUR]
0.357353 0.773206
[CONTOUR]
0.263210 0.605223
0.262477 0.605552
0.262111 0.606209
0.261745 0.607196
0.261378 0.608182
0.261745 0.609168
0.262111 0.610154
0.262844 0.611140
0.264309 0.612784
0.265042 0.613770
0.265408 0.614428
0.265774 0.615085
0.266507 0.616071
0.266873 0.617058
0.267606 0.618044
0.267972 0.618701
0.268705 0.619688
0.269071 0.620345
0.269804 0.621331
0.270536 0.622317
0.271635 0.623632
0.272368 0.624619
0.273101 0.625605
0.273833 0.626920
0.274932 0.628235
0.275665 0.629221
0.276764 0.630536
0.277863 0.631851
0.281160 0.635138
0.283724 0.637768
0.286654 0.640726
0.289951 0.644014
0.290317 0.644343
0.306069 0.658807
0.316692 0.668011
0.318524 0.669984
0.319257 0.670970
0.319989 0.671956
0.320722 0.673271
0.321454 0.674257
0.321821 0.674915
0.322553 0.675901
0.322920 0.676558
0.324019 0.677873
0.324385 0.678531
0.324751 0.679188
0.325118 0.679846
0.325484 0.680503
0.325850 0.681489
0.326217 0.682147
0.326583 0.682804
0.326949 0.683462
0.327315 0.684119
0.328048 0.685106
0.328414 0.686092
0.328781 0.686749
0.329147 0.687407
0.329513 0.688393
0.329880 0.690037
0.330246 0.690694
0.330612 0.692009
0.330979 0.692995
0.331345 0.693981
0.332078 0.694968
0.332444 0.695954
0.332810 0.697269
0.333177 0.698255
0.333543 0.699241
0.333909 0.701213
0.334276 0.702528
0.334642 0.703843
0.335008 0.705158
0.335374 0.707131
0.336107 0.708774
0.336473 0.710418
0.336840 0.712719
0.337206 0.714692
0.337572 0.716335
0.337939 0.719951
0.338305 0.721924
0.338671 0.723567
0.339038 0.725211
0.339404 0.726855
0.340137 0.728827
0.340503 0.730142
0.340869 0.731457
0.341236 0.732772
0.341602 0.734087
0.341968 0.736059
0.342334 0.737045
0.342701 0.738360
0.343067 0.739347
0.343433 0.740333
0.344166 0.741648
0.344532 0.742963
0.344899 0.743949
0.345265 0.744935
0.345631 0.745593
0.345998 0.747565
0.346364 0.748222
0.346730 0.749209
0.347097 0.750195
0.347829 0.751510
0.348196 0.752167
0.348562 0.752825
0.348928 0.753811
0.349295 0.754468
0.349661 0.755455
0.350027 0.756112
0.350393 0.756769
0.350760 0.757427
0.351126 0.758084
0.352225 0.759399
0.352958 0.760386
0.353690 0.761372
0.354423 0.761700
0.355156 0.762029
0.356621 0.762358
0.357353 0.762687
0.358086 0.762358
0.358819 0.760386
0.358819 0.759728
0.358452 0.755126
0.358086 0.753153
0.357720 0.751181
0.357353 0.749537
0.356987 0.747894
0.356255 0.745921
0.355888 0.744278
0.355522 0.742305
0.355156 0.740333
0.354789 0.738360
0.354423 0.734744
0.354057 0.732443
0.353690 0.730471
0.353324 0.728498
0.352958 0.726197
0.352225 0.723567
0.351859 0.721266
0.351492 0.718965
0.351126 0.716335
0.350760 0.713377
0.350393 0.709432
0.350027 0.707131
0.349661 0.704830
0.349295 0.702857
0.348928 0.701213
0.348196 0.699241
0.347829 0.697597
0.347463 0.695954
0.347097 0.694639
0.346730 0.693324
0.346364 0.690694
0.345998 0.689708
0.345631 0.688722
0.345265 0.687407
0.344899 0.686420
0.344166 0.685106
0.343800 0.684119
0.343433 0.683133
0.343067 0.682147
0.342701 0.681161
0.342334 0.679846
0.341968 0.678860
0.341602 0.678202
0.341236 0.677545
0.340869 0.676558
0.340137 0.675572
0.339770 0.674915
0.339404 0.674257
0.339038 0.673600
0.338671 0.672942
0.338305 0.671956
0.337939 0.671299
0.337572 0.670641
0.336840 0.669655
0.336473 0.668998
0.335008 0.667354
0.334276 0.666368
0.333543 0.665381
0.332444 0.664067
0.330979 0.662423
0.329513 0.660450
0.327682 0.658478
0.324385 0.655191
0.313395 0.645657
0.313029 0.645000
0.306435 0.639412
0.303871 0.637439
0.301307 0.635467
0.299109 0.633823
0.296911 0.632179
0.294347 0.630536
0.292149 0.628892
0.290317 0.627577
0.288486 0.626262
0.277863 0.616400
0.267240 0.606538
0.265774 0.605552
0.265042 0.605223
[SKELETON]
0.263423 0.606192
0.264334 0.607516
0.264334 0.607516
0.265273 0.608827
0.265273 0.608827
0.266241 0.610127
0.266241 0.610127
0.267235 0.611416
0.268255 0.612694
0.268255 0.612694
0.269300 0.613962
0.269300 0.613962
0.270369 0.615221
0.270369 0.615221
0.271460 0.616470
0.272573 0.617710
0.272573 0.617710
0.273707 0.618942
0.273707 0.618942
0.274860 0.620166
0.274860 0.620166
0.276031 0.621382
0.276031 0.621382
0.277220 0.622591
0.278425 0.623793
0.278425 0.623793
0.279645 0.624989
0.279645 0.624989
0.280880 0.626180
0.280880 0.626180
0.282127 0.627364
0.283387 0.628544
0.283387 0.628544
0.284658 0.629719
0.284658 0.629719
0.285938 0.630890
0.285938 0.630890
0.287228 0.632057
0.288525 0.633221
0.288525 0.633221
0.289829 0.634382
0.289829 0.634382
0.291139 0.635541
0.291139 0.635541
0.292453 0.636698
0.293771 0.637853
0.293771 0.637853
0.295092 0.639007
0.295092 0.639007
0.296414 0.640160
0.296414 0.640160
0.297736 0.641313
0.299058 0.642466
0.299058 0.642466
0.300378 0.643619
0.300378 0.643619
0.301695 0.644774
0.301695 0.644774
0.303008 0.645930
0.304317 0.647088
0.304317 0.647088
0.305619 0.648248
0.305619 0.648248
0.306915 0.649411
0.306915 0.649411
0.308202 0.650577
0.308202 0.650577
0.309481 0.651746
0.310749 0.652920
0.310749 0.652920
0.312005 0.654098
0.312005 0.654098
0.313250 0.655280
0.313250 0.655280
0.314481 0.656468
0.315698 0.657662
0.315698 0.657662
0.316899 0.658862
0.316899 0.658862
0.318084 0.660069
0.318084 0.660069
0.319251 0.661282
0.320399 0.662503
0.320399 0.662503
0.321527 0.663732
0.321527 0.663732
0.322635 0.664969
0.322635 0.664969
0.323721 0.666214
0.324784 0.667469
0.324784 0.667469
0.325823 0.668734
0.325823 0.668734
0.326837 0.670008
0.326837 0.670008
0.327825 0.671293
0.328786 0.672589
0.328786 0.672589
0.329718 0.673896
0.329718 0.673896
0.330621 0.675214
0.330621 0.675214
0.331494 0.676545
0.331494 0.676545
0.332336 0.677889
0.333145 0.679245
0.333145 0.679245
0.333920 0.680615
0.333920 0.680615
0.334661 0.681999
0.334661 0.681999
0.335367 0.683396
0.336039 0.684808
0.336039 0.684808
0.336679 0.686232
0.336679 0.686232
0.337287 0.687669
0.337287 0.687669
0.337865 0.689117
0.338415 0.690578
0.338415 0.690578
0.338938 0.692048
0.338938 0.692048
0.339435 0.693529
0.339435 0.693529
0.339908 0.695020
0.340358 0.696520
0.340358 0.696520
0.340786 0.698029
0.340786 0.698029
0.341194 0.699545
0.341194 0.699545
0.341583 0.701069
0.341955 0.702600
0.341955 0.702600
0.342311 0.704137
0.342311 0.704137
0.342652 0.705680
0.342652 0.705680
0.342979 0.707228
0.342979 0.707228
0.343294 0.708781
0.343599 0.710338
0.343599 0.710338
0.343895 0.711898
0.343895 0.711898
0.344182 0.713461
0.344182 0.713461
0.344463 0.715027
0.344739 0.716595
0.344739 0.716595
0.345011 0.718164
0.345011 0.718164
0.345281 0.719734
0.345281 0.719734
0.345549 0.721304
0.345818 0.722873
0.345818 0.722873
0.346089 0.724442
0.346089 0.724442
0.346362 0.726009
0.346362 0.726009
0.346640 0.727574
0.346924 0.729137
0.346924 0.729137
0.347215 0.730697
0.347215 0.730697
0.347514 0.732252
0.347514 0.732252
0.347824 0.733804
0.348144 0.735350
0.348144 0.735350
0.348477 0.736892
0.348477 0.736892
0.348825 0.738427
0.348825 0.738427
0.349187 0.739956
0.349566 0.741478
0.349566 0.741478
0.349964 0.742992
0.349964 0.742992
0.350381 0.744498
0.350381 0.744498
0.350818 0.745995
0.350818 0.745995
0.351278 0.747483
0.351762 0.748961
0.351762 0.748961
0.352270 0.750429
0.352270 0.750429
0.352805 0.751886
0.352805 0.751886
0.353367 0.753331
0.353959 0.754764
0.353959 0.754764
0.354581 0.756185
0.354581 0.756185
0.355234 0.757592
0.355234 0.757592
0.355921 0.758986
