[CONTOUR]
0.342488 0.384609
0.341887 0.385012
0.340683 0.385415
0.340082 0.385817
0.339480 0.387025
0.338578 0.387831
0.337976 0.388233
0.337374 0.388636
0.336773 0.389038
0.335870 0.389441
0.335268 0.389844
0.334667 0.390246
0.333764 0.390649
0.331959 0.392662
0.332260 0.393468
0.332561 0.394675
0.333163 0.395883
0.334065 0.397494
0.334968 0.399105
0.335569 0.400313
0.336171 0.401520
0.336773 0.402728
0.337675 0.404339
0.337976 0.405144
0.338578 0.406352
0.339179 0.407560
0.339480 0.408365
0.340383 0.409976
0.340984 0.411184
0.341586 0.412392
0.342188 0.413600
0.342789 0.414808
0.343090 0.415613
0.343692 0.416821
0.344293 0.418029
0.344895 0.419237
0.345497 0.420445
0.346399 0.422055
0.347302 0.423666
0.347903 0.424874
0.348806 0.426484
0.349407 0.427692
0.350009 0.428900
0.350611 0.430108
0.351212 0.431316
0.351814 0.432524
0.352416 0.433732
0.353017 0.434940
0.353619 0.436148
0.354221 0.437356
0.354822 0.438564
0.355725 0.440174
0.356627 0.441785
0.357229 0.442993
0.358131 0.444603
0.358733 0.445811
0.359635 0.447422
0.360237 0.448630
0.360839 0.449838
0.362042 0.451851
0.362644 0.453059
0.363546 0.454669
0.364449 0.456280
0.365351 0.457891
0.366254 0.459501
0.367457 0.461514
0.368359 0.463125
0.369864 0.465541
0.371368 0.467957
0.372872 0.470373
0.374376 0.472788
0.376181 0.475607
0.377986 0.478425
0.381295 0.483257
0.386409 0.490505
0.389116 0.493726
0.391222 0.496142
0.392726 0.497752
0.394531 0.499766
0.396938 0.502584
0.398442 0.504195
0.399946 0.505805
0.400849 0.506611
0.401450 0.507013
0.401751 0.507416
0.402654 0.510234
0.403556 0.509026
0.403255 0.508221
0.402954 0.507013
0.402353 0.505805
0.401751 0.504597
0.401450 0.503792
0.400849 0.502584
0.400247 0.501376
0.399645 0.500168
0.399044 0.498960
0.398442 0.497752
0.398141 0.496947
0.397540 0.495739
0.397239 0.494934
0.396637 0.494129
0.396336 0.493323
0.396035 0.492518
0.395434 0.491310
0.395133 0.490505
0.394531 0.489297
0.394230 0.488492
0.393629 0.487284
0.393027 0.486076
0.392425 0.484868
0.391824 0.483660
0.391222 0.482452
0.390621 0.481244
0.390320 0.480439
0.389718 0.479231
0.389417 0.478425
0.388816 0.477218
0.388214 0.476010
0.387913 0.475204
0.387612 0.474399
0.387011 0.473191
0.386710 0.472386
0.386108 0.471178
0.385807 0.470373
0.385206 0.469165
0.384604 0.467957
0.384002 0.466749
0.383401 0.465541
0.383100 0.464736
0.382498 0.463528
0.381897 0.462320
0.381295 0.461112
0.380693 0.459904
0.380092 0.458696
0.379791 0.457891
0.378888 0.456280
0.378587 0.455475
0.378287 0.454669
0.377685 0.453462
0.377083 0.452254
0.376181 0.450643
0.375880 0.449838
0.375278 0.448630
0.374677 0.447422
0.374075 0.446214
0.373473 0.445006
0.372872 0.443798
0.372571 0.442993
0.371368 0.440980
0.371067 0.440174
0.370164 0.438564
0.369563 0.437356
0.368961 0.436148
0.368359 0.434940
0.367758 0.433732
0.367156 0.432524
0.366554 0.431316
0.365652 0.429706
0.365351 0.428900
0.364449 0.427290
0.363847 0.426082
0.363245 0.424874
0.362945 0.424069
0.362042 0.422458
0.361741 0.421653
0.361140 0.420445
0.360538 0.419237
0.360237 0.418431
0.359335 0.416821
0.359034 0.416016
0.358432 0.414808
0.357830 0.413600
0.356928 0.411989
0.356627 0.411184
0.356026 0.409976
0.355725 0.409171
0.355123 0.407963
0.354521 0.406755
0.354221 0.405950
0.353920 0.405144
0.353318 0.403936
0.353017 0.403131
0.352416 0.401923
0.352115 0.401118
0.351814 0.400313
0.351212 0.399105
0.350911 0.398299
0.350310 0.397091
0.349708 0.395883
0.349107 0.394273
0.348806 0.393468
0.348505 0.392662
0.348204 0.391857
0.347302 0.390246
0.347001 0.389441
0.346399 0.388233
0.345497 0.386623
0.344895 0.385415
0.344293 0.385012
0.343090 0.384609
[CONTOUR]
0.291047 0.299651
0.291047 0.310523
0.291950 0.310523
0.292852 0.312133
0.294055 0.313744
0.294055 0.314147
0.294657 0.314952
0.294657 0.315355
0.295259 0.316160
0.295559 0.316965
0.295559 0.317368
0.295860 0.317770
0.295860 0.318173
0.296161 0.318576
0.296462 0.319784
0.296462 0.320186
0.296763 0.320589
0.296763 0.320992
0.297064 0.321394
0.297064 0.322200
0.297364 0.323005
0.297665 0.323407
0.297665 0.323810
0.297966 0.324213
0.297966 0.324615
0.298267 0.325421
0.298568 0.325823
0.298568 0.326226
0.298869 0.326629
0.298869 0.327031
0.299169 0.327434
0.299470 0.328642
0.299470 0.329044
0.299771 0.329447
0.299771 0.329850
0.300072 0.330252
0.300373 0.331058
0.300373 0.331460
0.300673 0.331863
0.300673 0.332266
0.300974 0.332668
0.300974 0.333071
0.301576 0.334279
0.301877 0.334681
0.301877 0.335084
0.302178 0.335487
0.302178 0.335889
0.302478 0.336695
0.303080 0.337500
0.303080 0.337903
0.303381 0.338305
0.303381 0.338708
0.303983 0.339513
0.304584 0.340721
0.304584 0.341124
0.304885 0.341526
0.304885 0.341929
0.305487 0.342734
0.305487 0.343137
0.306088 0.344345
0.306690 0.345150
0.306690 0.345553
0.307292 0.346358
0.307292 0.346761
0.307893 0.347969
0.308796 0.349177
0.308796 0.349579
0.309397 0.350385
0.309397 0.350787
0.309999 0.351593
0.310902 0.353203
0.310902 0.353606
0.311503 0.354411
0.311503 0.354814
0.312406 0.356022
0.313609 0.358035
0.313609 0.358437
0.314511 0.359645
0.314511 0.360048
0.315414 0.361256
0.315414 0.361659
0.316617 0.363672
0.317520 0.364880
0.317520 0.365282
0.318121 0.366088
0.318121 0.366490
0.319024 0.368101
0.319926 0.369309
0.319926 0.369712
0.320829 0.370919
0.320829 0.371322
0.321430 0.372127
0.322333 0.373738
0.322333 0.374141
0.323235 0.375349
0.323235 0.375751
0.323536 0.376154
0.324740 0.377362
0.325040 0.377362
0.325642 0.378167
0.326845 0.378167
0.327146 0.378570
0.328049 0.378570
0.330756 0.378972
0.331057 0.378570
0.332260 0.378570
0.332561 0.378167
0.333163 0.378167
0.333764 0.377764
0.334065 0.377362
0.334667 0.377362
0.334968 0.376959
0.335268 0.376959
0.335569 0.376556
0.336171 0.376154
0.336773 0.376154
0.337675 0.374946
0.337675 0.371725
0.337374 0.371322
0.337073 0.370517
0.337073 0.370114
0.336472 0.369309
0.336472 0.368906
0.335569 0.367698
0.335569 0.367296
0.334667 0.365685
0.333163 0.363672
0.333163 0.363269
0.331959 0.361659
0.331959 0.361256
0.331057 0.359645
0.329854 0.358035
0.329854 0.357632
0.328650 0.356022
0.328650 0.355619
0.327447 0.354008
0.325642 0.351190
0.325642 0.350787
0.325040 0.349982
0.325040 0.349579
0.324138 0.348371
0.323536 0.347163
0.323536 0.346761
0.322935 0.345956
0.322935 0.345553
0.322333 0.344748
0.322333 0.344345
0.321731 0.343137
0.320829 0.341929
0.320829 0.341526
0.320227 0.340721
0.320227 0.340319
0.319325 0.339111
0.318422 0.337500
0.318422 0.337097
0.317520 0.335889
0.317520 0.335487
0.316918 0.334681
0.316016 0.333071
0.316016 0.332668
0.315414 0.331863
0.315414 0.331460
0.314812 0.330655
0.314812 0.330252
0.313609 0.328239
0.313308 0.327837
0.313308 0.327434
0.312406 0.326226
0.312406 0.325823
0.311804 0.324615
0.310902 0.323407
0.310902 0.323005
0.309999 0.321797
0.309999 0.321394
0.309097 0.320186
0.308194 0.318576
0.308194 0.318173
0.307292 0.316965
0.307292 0.316563
0.306389 0.315355
0.305487 0.313744
0.305487 0.313341
0.304584 0.312133
0.304584 0.311731
0.302478 0.308912
0.302478 0.308510
0.301275 0.306496
0.300974 0.306094
0.300974 0.305691
0.300373 0.304886
0.300373 0.304483
0.298869 0.302873
0.298568 0.302470
0.298267 0.302470
0.297064 0.300859
0.296462 0.300859
0.296161 0.300457
0.295559 0.300054
0.294958 0.300054
0.294657 0.299651
[SKELETON]
0.399864 0.503837
0.398891 0.502344
0.398891 0.502344
0.397923 0.500848
0.397923 0.500848
0.396960 0.499349
0.396002 0.497847
0.396002 0.497847
0.395050 0.496342
0.394103 0.494835
0.394103 0.494835
0.393161 0.493324
0.393161 0.493324
0.392224 0.491811
0.391291 0.490295
0.391291 0.490295
0.390364 0.488777
0.389441 0.487255
0.389441 0.487255
0.388523 0.485731
0.388523 0.485731
0.387609 0.484205
0.386701 0.482676
0.386701 0.482676
0.385796 0.481145
0.385796 0.481145
0.384896 0.479611
0.384000 0.478075
0.384000 0.478075
0.383109 0.476536
0.382221 0.474995
0.382221 0.474995
0.381338 0.473452
0.381338 0.473452
0.380459 0.471907
0.379584 0.470359
0.379584 0.470359
0.378713 0.468809
0.378713 0.468809
0.377845 0.467258
0.376981 0.465704
0.376981 0.465704
0.376121 0.464148
0.375265 0.462590
0.375265 0.462590
0.374412 0.461030
0.374412 0.461030
0.373562 0.459468
0.372716 0.457904
0.372716 0.457904
0.371873 0.456339
0.371034 0.454771
0.371034 0.454771
0.370197 0.453202
0.370197 0.453202
0.369364 0.451631
0.368534 0.450059
0.368534 0.450059
0.367707 0.448485
0.367707 0.448485
0.366882 0.446909
0.366061 0.445332
0.366061 0.445332
0.365242 0.443753
0.364426 0.442172
0.364426 0.442172
0.363612 0.440591
0.363612 0.440591
0.362801 0.439008
0.361992 0.437423
0.361992 0.437423
0.361186 0.435837
0.360382 0.434250
0.360382 0.434250
0.359581 0.432662
0.359581 0.432662
0.358781 0.431072
0.357984 0.429481
0.357984 0.429481
0.357188 0.427889
0.357188 0.427889
0.356395 0.426297
0.355603 0.424703
0.355603 0.424703
0.354814 0.423108
0.354026 0.421512
0.354026 0.421512
0.353239 0.419915
0.353239 0.419915
0.352455 0.418317
0.351671 0.416718
0.351671 0.416718
0.350890 0.415119
0.350890 0.415119
0.350109 0.413519
0.349330 0.411918
0.349330 0.411918
0.348552 0.410316
0.347776 0.408714
0.347776 0.408714
0.347000 0.407111
0.347000 0.407111
0.346226 0.405508
0.345452 0.403904
0.345452 0.403904
0.344679 0.402300
0.343907 0.400695
0.343907 0.400695
0.343136 0.399089
0.343136 0.399089
0.342366 0.397484
0.341596 0.395878
0.341596 0.395878
0.340623 0.393896
0.340623 0.393896
0.339651 0.391914
0.338678 0.389932
0.338678 0.389932
0.337706 0.387950
0.336733 0.385968
0.336733 0.385968
0.335761 0.383986
0.335761 0.383986
0.334788 0.382004
0.333816 0.380022
0.333816 0.380022
0.332843 0.378041
0.332843 0.378041
0.331871 0.376059
0.330899 0.374077
0.330899 0.374077
0.329926 0.372095
0.328954 0.370113
0.328954 0.370113
0.327969 0.368614
0.327969 0.368614
0.326999 0.367107
0.326043 0.365592
0.326043 0.365592
0.325100 0.364070
0.324169 0.362541
0.324169 0.362541
0.323252 0.361005
0.323252 0.361005
0.322345 0.359463
0.321451 0.357914
0.321451 0.357914
0.320567 0.356359
0.320567 0.356359
0.319693 0.354798
0.318829 0.353233
0.318829 0.353233
0.317975 0.351661
0.317129 0.350086
0.317129 0.350086
0.316291 0.348505
0.316291 0.348505
0.315462 0.346920
0.314639 0.345331
0.314639 0.345331
0.313824 0.343739
0.313014 0.342143
0.313014 0.342143
0.312211 0.340543
0.312211 0.340543
0.311412 0.338941
0.310619 0.337336
0.310619 0.337336
0.309829 0.335729
0.309829 0.335729
0.309044 0.334119
0.308262 0.332508
0.308262 0.332508
0.307482 0.330896
0.306705 0.329282
0.306705 0.329282
0.305929 0.327667
0.305929 0.327667
0.305155 0.326051
0.304381 0.324435
0.304381 0.324435
0.303608 0.322819
0.303608 0.322819
0.302834 0.321203
0.302060 0.319588
0.302060 0.319588
0.301284 0.317973
0.300507 0.316359
0.300507 0.316359
0.299727 0.314747
0.299727 0.314747
0.298945 0.313135
0.298159 0.311526
0.298159 0.311526
0.297369 0.309919
0.296576 0.308314
0.296576 0.308314
0.295777 0.306712
0.295777 0.306712
0.294973 0.305113
