[CONTOUR]
0.230237 0.712127
0.229914 0.712417
0.229590 0.712417
0.229267 0.712707
0.229267 0.714448
0.228944 0.714738
0.228944 0.715609
0.229267 0.715899
0.229267 0.717350
0.229590 0.717640
0.229590 0.718511
0.229914 0.718801
0.229914 0.719381
0.230237 0.719671
0.230237 0.719961
0.230884 0.720542
0.230884 0.720832
0.231207 0.721122
0.231207 0.721703
0.231854 0.722283
0.231854 0.722573
0.232177 0.722863
0.232177 0.723153
0.232824 0.723734
0.232824 0.724024
0.234117 0.725185
0.234117 0.725475
0.234441 0.725765
0.234441 0.726055
0.234764 0.726345
0.235087 0.726345
0.235734 0.726926
0.236057 0.726926
0.236704 0.726345
0.236704 0.724604
0.236381 0.724314
0.236381 0.723153
0.236057 0.722863
0.236057 0.721993
0.235734 0.721703
0.235734 0.721122
0.235411 0.720832
0.235411 0.720252
0.235087 0.719961
0.235087 0.719671
0.234764 0.719381
0.234764 0.718801
0.234441 0.718511
0.234441 0.718220
0.234117 0.717930
0.234117 0.717640
0.233794 0.717350
0.233794 0.716769
0.233471 0.716479
0.233471 0.715899
0.233147 0.715609
0.233147 0.715028
0.232824 0.714738
0.232824 0.714158
0.232500 0.713868
0.232500 0.713578
0.232177 0.713287
0.232177 0.712997
0.231854 0.712707
0.231854 0.712417
0.231207 0.712417
0.230884 0.712127
[CONTOUR]
0.307519 0.569649
0.306225 0.570229
0.305255 0.570519
0.303962 0.570810
0.302992 0.571100
0.302022 0.571680
0.301375 0.571970
0.300081 0.572261
0.299111 0.572551
0.298141 0.573131
0.296848 0.573421
0.296201 0.573711
0.295231 0.574292
0.294584 0.574582
0.293614 0.574872
0.292968 0.575162
0.291998 0.575743
0.291351 0.576033
0.290381 0.576323
0.289411 0.576903
0.288764 0.577194
0.287794 0.577484
0.286824 0.578064
0.285854 0.578644
0.285207 0.578935
0.284237 0.579225
0.282944 0.580095
0.282297 0.580386
0.281327 0.580676
0.280357 0.581256
0.279387 0.581836
0.278417 0.582417
0.277447 0.582707
0.276477 0.583287
0.275183 0.584158
0.274213 0.584448
0.273243 0.585028
0.271950 0.585899
0.271303 0.586189
0.270009 0.586769
0.269039 0.587350
0.267746 0.588220
0.266776 0.588801
0.265483 0.589381
0.264189 0.590252
0.263219 0.590832
0.262249 0.591122
0.261279 0.591703
0.259662 0.592863
0.258692 0.593444
0.257075 0.594314
0.256105 0.594894
0.254489 0.596055
0.252872 0.596926
0.251578 0.597796
0.249638 0.599247
0.248021 0.600408
0.246081 0.601569
0.244465 0.602729
0.240908 0.605631
0.238321 0.607662
0.223123 0.621301
0.219243 0.625073
0.217626 0.626814
0.216333 0.628555
0.215039 0.630006
0.212453 0.632618
0.211482 0.633778
0.210836 0.634939
0.210189 0.635810
0.208896 0.637261
0.207926 0.638711
0.207602 0.639292
0.206632 0.640453
0.206309 0.641033
0.205662 0.642194
0.205015 0.643064
0.204369 0.643935
0.204045 0.644805
0.203722 0.645386
0.203075 0.646256
0.202752 0.646836
0.202429 0.647707
0.202105 0.648287
0.201458 0.649158
0.201135 0.649738
0.200812 0.650609
0.200165 0.651479
0.199842 0.652060
0.199518 0.665988
0.200488 0.667439
0.201135 0.668310
0.201458 0.669180
0.201782 0.670051
0.202105 0.670631
0.202752 0.671502
0.203075 0.672372
0.203399 0.673243
0.204045 0.674113
0.204369 0.674694
0.204692 0.675564
0.205015 0.676435
0.205662 0.677305
0.206309 0.678176
0.206632 0.679046
0.207602 0.680207
0.207926 0.680787
0.208249 0.681658
0.208896 0.682528
0.209542 0.683399
0.209866 0.683979
0.210512 0.685140
0.210836 0.685720
0.212129 0.687171
0.212776 0.688332
0.213423 0.689203
0.214393 0.690363
0.215039 0.691234
0.215686 0.692394
0.216333 0.693265
0.218596 0.695006
0.221183 0.694716
0.222476 0.694426
0.224093 0.693555
0.224417 0.693265
0.225710 0.689783
0.225387 0.688912
0.225063 0.687171
0.224740 0.686301
0.224093 0.685140
0.223770 0.683689
0.223447 0.682819
0.222800 0.681948
0.222476 0.681078
0.222153 0.679917
0.221830 0.679336
0.221183 0.678176
0.220860 0.677305
0.220536 0.676144
0.219890 0.674984
0.219566 0.674113
0.219243 0.672953
0.218920 0.672082
0.218273 0.670631
0.217950 0.670051
0.217626 0.668600
0.217303 0.667729
0.216656 0.666569
0.216333 0.664537
0.216009 0.658444
0.216656 0.656703
0.216979 0.655252
0.217303 0.653801
0.217626 0.652930
0.218273 0.651769
0.218596 0.651189
0.218920 0.650319
0.220213 0.648868
0.221506 0.647417
0.222476 0.645966
0.223123 0.645095
0.225387 0.642774
0.226680 0.641323
0.227650 0.639872
0.228944 0.638421
0.230884 0.636390
0.231854 0.634939
0.233147 0.633488
0.235411 0.631167
0.237027 0.629426
0.238321 0.627685
0.239938 0.625944
0.244465 0.621591
0.246405 0.619560
0.251255 0.614627
0.252872 0.613466
0.253195 0.612886
0.259015 0.608243
0.262249 0.605631
0.264512 0.603890
0.265483 0.603310
0.266776 0.602729
0.268716 0.601278
0.270333 0.600118
0.272596 0.598667
0.274213 0.597506
0.277123 0.595185
0.278740 0.594024
0.280680 0.592863
0.282297 0.591703
0.285854 0.588801
0.287794 0.587640
0.290057 0.585899
0.294261 0.582417
0.296848 0.580386
0.300081 0.578064
0.302992 0.575743
0.306548 0.572841
0.308489 0.570810
0.308812 0.569649
[SKELETON]
0.304249 0.572627
0.302970 0.573352
0.302970 0.573352
0.301690 0.574080
0.300408 0.574809
0.300408 0.574809
0.299126 0.575542
0.297843 0.576277
0.297843 0.576277
0.296559 0.577015
0.295274 0.577755
0.295274 0.577755
0.293989 0.578499
0.292704 0.579246
0.292704 0.579246
0.291419 0.579996
0.290134 0.580749
0.288849 0.581506
0.288849 0.581506
0.287565 0.582267
0.286281 0.583031
0.286281 0.583031
0.284998 0.583799
0.283717 0.584571
0.283717 0.584571
0.282436 0.585347
0.281156 0.586127
0.281156 0.586127
0.279878 0.586912
0.278602 0.587701
0.278602 0.587701
0.277327 0.588494
0.276055 0.589293
0.276055 0.589293
0.274784 0.590096
0.273516 0.590904
0.273516 0.590904
0.272250 0.591717
0.270987 0.592535
0.270987 0.592535
0.269726 0.593358
0.268469 0.594187
0.268469 0.594187
0.267214 0.595021
0.265963 0.595861
0.264715 0.596707
0.264715 0.596707
0.263471 0.597559
0.262231 0.598416
0.262231 0.598416
0.260994 0.599280
0.259762 0.600150
0.259762 0.600150
0.258533 0.601026
0.257310 0.601909
0.257310 0.601909
0.256090 0.602798
0.254876 0.603694
0.254876 0.603694
0.253666 0.604597
0.252462 0.605507
0.252462 0.605507
0.251263 0.606424
0.250069 0.607348
0.250069 0.607348
0.248880 0.608279
0.247698 0.609218
0.247698 0.609218
0.246521 0.610164
0.245351 0.611118
0.245351 0.611118
0.244186 0.612080
0.243028 0.613050
0.241877 0.614027
0.241877 0.614027
0.240732 0.615013
0.239594 0.616007
0.239594 0.616007
0.238463 0.617010
0.237339 0.618021
0.237339 0.618021
0.236223 0.619040
0.235114 0.620069
0.235114 0.620069
0.234013 0.621106
0.232920 0.622152
0.232920 0.622152
0.231835 0.623207
0.230758 0.624272
0.230758 0.624272
0.229690 0.625346
0.228631 0.626428
0.228631 0.626428
0.227581 0.627519
0.226542 0.628619
0.226542 0.628619
0.225513 0.629726
0.224496 0.630842
0.224496 0.630842
0.223491 0.631965
0.222498 0.633096
0.221518 0.634233
0.221518 0.634233
0.220551 0.635378
0.219599 0.636529
0.219599 0.636529
0.218661 0.637687
0.217738 0.638851
0.217738 0.638851
0.216831 0.640021
0.215940 0.641197
0.215940 0.641197
0.215069 0.642378
0.214222 0.643566
0.214222 0.643566
0.213406 0.644760
0.212624 0.645960
0.212624 0.645960
0.211884 0.647169
0.211189 0.648384
0.211189 0.648384
0.210545 0.649608
0.209958 0.650839
0.209958 0.650839
0.209433 0.652080
0.208974 0.653329
0.208974 0.653329
0.208588 0.654587
0.208279 0.655856
0.208053 0.657134
0.208053 0.657134
0.207914 0.658422
0.207860 0.659719
0.207860 0.659719
0.207886 0.661024
0.207988 0.662335
0.207988 0.662335
0.208161 0.663650
0.208402 0.664969
0.208402 0.664969
0.208706 0.666289
0.209069 0.667610
0.209069 0.667610
0.209487 0.668930
0.209955 0.670247
0.209955 0.670247
0.210469 0.671560
0.211024 0.672867
0.211024 0.672867
0.211617 0.674168
0.212243 0.675460
0.212243 0.675460
0.212897 0.676742
0.213576 0.678013
0.213576 0.678013
0.214276 0.679271
0.214991 0.680515
0.215718 0.681744
0.215718 0.681744
0.216452 0.682955
0.217189 0.684147
0.217189 0.684147
0.217925 0.685320
0.218656 0.686471
0.218656 0.686471
0.219377 0.687599
0.220083 0.688703
0.220083 0.688703
0.220771 0.689781
0.221494 0.691626
0.221494 0.691626
0.222218 0.693472
0.222941 0.695317
0.222941 0.695317
0.223664 0.697162
0.224387 0.699008
0.224387 0.699008
0.225111 0.700853
0.225834 0.702699
0.225834 0.702699
0.226557 0.704544
0.227281 0.706389
0.227281 0.706389
0.228004 0.708235
0.228727 0.710080
0.229450 0.711926
0.229450 0.711926
0.230174 0.713771
0.230864 0.715127
0.230864 0.715127
0.231456 0.716520
0.231997 0.717931
0.231997 0.717931
0.232539 0.719342
0.233129 0.720735
0.233129 0.720735
0.233818 0.722092
0.234654 0.723393
0.234654 0.723393
0.235686 0.724622
