[CONTOUR]
0.502456 0.065641
0.501999 0.066051
0.501999 0.066256
0.501771 0.066461
0.501771 0.066666
0.501542 0.066871
0.501542 0.067896
0.501085 0.068306
0.501085 0.069330
0.500629 0.069740
0.499030 0.068306
0.499030 0.067486
0.498573 0.067076
0.497660 0.067076
0.497431 0.067281
0.497203 0.067281
0.496974 0.067486
0.496746 0.067486
0.496061 0.068101
0.495833 0.068101
0.494919 0.068920
0.494691 0.068920
0.494691 0.069125
0.492635 0.070970
0.492635 0.071175
0.491265 0.072405
0.491265 0.072610
0.490351 0.073429
0.490351 0.073634
0.489666 0.074249
0.489666 0.074454
0.488753 0.075274
0.488753 0.075479
0.488068 0.076094
0.488068 0.076299
0.487611 0.076709
0.487611 0.076914
0.487154 0.077323
0.487154 0.077528
0.486697 0.077938
0.486697 0.078143
0.486241 0.078553
0.486241 0.078758
0.485784 0.079168
0.485784 0.079373
0.485099 0.079988
0.485099 0.080193
0.484413 0.080808
0.484413 0.081013
0.483728 0.081627
0.483728 0.081832
0.482130 0.083267
0.481444 0.083267
0.481444 0.085317
0.482358 0.085317
0.482586 0.085112
0.482815 0.085112
0.483043 0.084907
0.483272 0.084907
0.484185 0.084087
0.484413 0.084087
0.484870 0.083677
0.485099 0.083677
0.485784 0.083062
0.486012 0.083062
0.486926 0.082242
0.487154 0.082242
0.487839 0.081627
0.488068 0.081627
0.488524 0.081218
0.488753 0.081218
0.488981 0.081013
0.489209 0.081013
0.489666 0.080603
0.489895 0.080603
0.490351 0.080193
0.490580 0.080193
0.491037 0.079783
0.491265 0.079783
0.491493 0.079578
0.491722 0.079578
0.492178 0.079168
0.492407 0.079168
0.492635 0.078963
0.492864 0.078963
0.493320 0.078553
0.493549 0.078553
0.494006 0.078143
0.494234 0.078143
0.494919 0.077528
0.495147 0.077528
0.495604 0.077119
0.495833 0.077119
0.496289 0.076709
0.496518 0.076709
0.496974 0.076299
0.497203 0.076299
0.497660 0.075889
0.497888 0.075889
0.498573 0.075274
0.498802 0.075274
0.499487 0.074659
0.499715 0.074659
0.500629 0.073839
0.500629 0.073634
0.501085 0.073224
0.501085 0.072815
0.501314 0.072610
0.501314 0.072405
0.501542 0.072200
0.501542 0.071790
0.501771 0.071585
0.501771 0.070970
0.502684 0.070150
0.502912 0.070150
0.503141 0.069945
0.503141 0.069740
0.503826 0.069125
0.504054 0.069125
0.504511 0.068716
0.504511 0.068511
0.504740 0.068306
0.504511 0.068101
0.504511 0.066051
0.504054 0.065641
0.503826 0.065846
0.503598 0.065846
0.503369 0.066051
0.503141 0.066051
0.502912 0.065846
0.502684 0.065846
[CONTOUR]
0.568230 0.000467
0.568230 0.001082
0.567088 0.001491
0.566860 0.001696
0.566403 0.001696
0.565718 0.001901
0.565489 0.002106
0.565261 0.002106
0.564804 0.002311
0.564576 0.002516
0.564347 0.002516
0.564119 0.002721
0.563434 0.003131
0.563205 0.003131
0.562977 0.003336
0.562292 0.003746
0.562064 0.003746
0.561607 0.004156
0.560922 0.004566
0.560693 0.004566
0.560465 0.004771
0.559780 0.005181
0.559551 0.005181
0.559323 0.005386
0.558181 0.006205
0.557953 0.006205
0.557039 0.007025
0.556126 0.007640
0.555897 0.007640
0.555212 0.008255
0.554984 0.008255
0.554070 0.008870
0.552928 0.009894
0.552700 0.009894
0.551101 0.011124
0.548589 0.013379
0.548361 0.013379
0.542423 0.018912
0.540367 0.020757
0.540367 0.020962
0.538997 0.022397
0.538083 0.023216
0.538083 0.023421
0.536941 0.024651
0.536256 0.025266
0.536256 0.025471
0.535114 0.026700
0.534201 0.027520
0.534201 0.027725
0.533059 0.028955
0.531917 0.029980
0.531917 0.030185
0.531004 0.031004
0.529862 0.032234
0.529862 0.032439
0.529176 0.033054
0.527806 0.034489
0.527806 0.034694
0.526207 0.036128
0.523695 0.038588
0.523695 0.038793
0.518442 0.043506
0.514560 0.047196
0.514560 0.047401
0.511591 0.050065
0.509307 0.052319
0.509307 0.052524
0.507708 0.053959
0.506567 0.055189
0.506567 0.055394
0.504968 0.056828
0.504968 0.057033
0.504511 0.057648
0.504283 0.057853
0.504283 0.058263
0.504511 0.058878
0.505196 0.059493
0.505196 0.059698
0.505425 0.060108
0.506567 0.061132
0.506795 0.061132
0.507480 0.061952
0.507708 0.062157
0.507937 0.062157
0.508394 0.062362
0.509079 0.062977
0.509079 0.063182
0.510449 0.064002
0.510677 0.064207
0.510906 0.064207
0.511134 0.064412
0.512733 0.064002
0.512961 0.064002
0.513190 0.063797
0.513875 0.063387
0.514103 0.063387
0.517757 0.060108
0.529405 0.049450
0.529633 0.049450
0.529633 0.049245
0.530547 0.048630
0.530547 0.048425
0.544478 0.035923
0.544706 0.035513
0.544935 0.035513
0.544935 0.035308
0.546762 0.033464
0.548361 0.032029
0.548361 0.031824
0.549959 0.030185
0.554755 0.025881
0.554984 0.025881
0.557039 0.024036
0.558866 0.022601
0.559095 0.022601
0.560237 0.021577
0.561150 0.020962
0.561378 0.020962
0.562292 0.020142
0.563662 0.019117
0.563891 0.019117
0.565489 0.017683
0.566631 0.016863
0.566860 0.016863
0.568002 0.015838
0.569143 0.015018
0.569372 0.015018
0.570057 0.014403
0.570971 0.013789
0.571199 0.013789
0.571884 0.013174
0.572112 0.013174
0.573026 0.012559
0.573711 0.011944
0.573939 0.011944
0.574625 0.011534
0.575310 0.010919
0.575538 0.010919
0.576452 0.010304
0.576908 0.009894
0.577137 0.009894
0.577822 0.009485
0.578279 0.009075
0.578507 0.009075
0.579192 0.008665
0.579421 0.008460
0.579649 0.008460
0.580334 0.008050
0.580563 0.007845
0.580791 0.007845
0.581019 0.007640
0.581705 0.007230
0.581933 0.007230
0.582161 0.007025
0.582618 0.006820
0.582846 0.006820
0.583075 0.006615
0.583532 0.006410
0.583760 0.006410
0.583988 0.006205
0.584445 0.006000
0.584902 0.006000
0.585130 0.005795
0.585587 0.005591
0.586044 0.005591
0.586272 0.005386
0.586957 0.005181
0.587642 0.005181
0.587871 0.004976
0.588784 0.004771
0.589698 0.004771
0.589926 0.004566
0.590840 0.004566
0.592438 0.004361
0.592667 0.004156
0.594266 0.004156
0.595636 0.003951
0.595864 0.003746
0.596778 0.003746
0.598605 0.003541
0.598833 0.003336
0.601574 0.003336
0.604314 0.003131
0.604543 0.002926
0.609110 0.002926
0.607283 0.001696
0.607055 0.001491
0.605228 0.001491
0.603401 0.001287
0.603172 0.001082
0.603172 0.000467
0.602259 0.000467
0.602031 0.001287
0.598605 0.001287
0.598376 0.001082
0.592210 0.000467
0.592210 0.001082
0.591982 0.001287
0.590840 0.001082
0.590840 0.000467
[SKELETON]
0.605138 0.002263
0.604071 0.002251
0.604071 0.002251
0.602999 0.002238
0.601920 0.002225
0.600838 0.002214
0.600838 0.002214
0.599751 0.002205
0.598661 0.002201
0.598661 0.002201
0.597568 0.002201
0.596473 0.002207
0.595377 0.002220
0.595377 0.002220
0.594280 0.002242
0.593184 0.002273
0.593184 0.002273
0.592088 0.002314
0.590993 0.002367
0.590993 0.002367
0.589900 0.002433
0.588810 0.002512
0.587723 0.002606
0.587723 0.002606
0.586640 0.002717
0.585562 0.002845
0.585562 0.002845
0.584489 0.002991
0.583422 0.003156
0.582362 0.003342
0.582362 0.003342
0.581309 0.003550
0.580264 0.003780
0.580264 0.003780
0.579227 0.004033
0.578198 0.004310
0.577178 0.004608
0.577178 0.004608
0.576166 0.004927
0.575162 0.005268
0.575162 0.005268
0.574166 0.005628
0.573178 0.006009
0.573178 0.006009
0.572198 0.006408
0.571227 0.006827
0.570263 0.007263
0.570263 0.007263
0.569307 0.007717
0.568359 0.008187
0.568359 0.008187
0.567418 0.008674
0.566486 0.009177
0.565561 0.009695
0.565561 0.009695
0.564643 0.010227
0.563734 0.010773
0.563734 0.010773
0.562832 0.011333
0.561937 0.011906
0.561050 0.012491
0.561050 0.012491
0.560171 0.013088
0.559299 0.013696
0.559299 0.013696
0.558434 0.014315
0.557576 0.014943
0.557576 0.014943
0.556726 0.015582
0.555883 0.016229
0.555048 0.016884
0.555048 0.016884
0.554218 0.017548
0.553396 0.018219
0.553396 0.018219
0.552579 0.018899
0.551769 0.019585
0.550964 0.020279
0.550964 0.020279
0.550165 0.020979
0.549371 0.021685
0.549371 0.021685
0.548582 0.022397
0.547798 0.023115
0.547017 0.023839
0.547017 0.023839
0.546241 0.024568
0.545469 0.025301
0.545469 0.025301
0.544701 0.026039
0.543935 0.026780
0.543935 0.026780
0.543173 0.027526
0.542414 0.028275
0.541657 0.029028
0.541657 0.029028
0.540902 0.029783
0.540150 0.030541
0.540150 0.030541
0.539399 0.031301
0.538649 0.032064
0.537901 0.032827
0.537901 0.032827
0.537154 0.033592
0.536407 0.034359
0.536407 0.034359
0.535661 0.035125
0.534915 0.035893
0.534169 0.036660
0.534169 0.036660
0.533422 0.037427
0.532675 0.038194
0.532675 0.038194
0.531926 0.038959
0.531177 0.039724
0.531177 0.039724
0.530426 0.040487
0.529673 0.041248
0.528919 0.042008
0.528919 0.042008
0.528162 0.042764
0.527402 0.043518
0.527402 0.043518
0.526640 0.044269
0.525875 0.045017
0.525106 0.045761
0.525106 0.045761
0.524334 0.046501
0.523558 0.047237
0.523558 0.047237
0.522778 0.047968
0.521993 0.048694
0.521204 0.049415
0.521204 0.049415
0.520410 0.050131
0.519611 0.050840
0.519611 0.050840
0.518806 0.051544
0.517996 0.052241
0.517996 0.052241
0.517179 0.052931
0.516357 0.053614
0.515528 0.054290
0.515528 0.054290
0.514692 0.054958
0.513849 0.055618
0.513849 0.055618
0.512999 0.056270
0.512141 0.056913
0.511275 0.057547
0.511275 0.057547
0.510654 0.058351
0.510034 0.059155
0.510034 0.059155
0.509413 0.059960
0.508792 0.060764
0.508171 0.061568
0.508171 0.061568
0.507551 0.062372
0.506930 0.063176
0.506930 0.063176
0.506309 0.063980
0.505689 0.064784
0.505689 0.064784
0.505068 0.065589
0.504447 0.066393
0.503826 0.067197
0.503826 0.067197
0.503206 0.068001
0.502284 0.068551
0.502284 0.068551
0.501365 0.069120
0.500449 0.069709
0.499536 0.070316
0.499536 0.070316
0.498626 0.070941
0.497720 0.071582
0.497720 0.071582
0.496817 0.072238
0.495918 0.072908
0.495023 0.073593
0.495023 0.073593
0.494131 0.074289
0.493243 0.074997
0.493243 0.074997
0.492359 0.075716
0.491479 0.076445
0.491479 0.076445
0.490603 0.077182
0.489731 0.077926
0.488864 0.078678
0.488864 0.078678
0.488001 0.079435
0.487143 0.080197
0.487143 0.080197
0.486289 0.080963
0.485440 0.081732
0.484596 0.082502
0.484596 0.082502
0.483756 0.083274
