[CONTOUR]
0.102524 0.099229
0.103880 0.101968
0.104898 0.102273
0.105915 0.102881
0.107272 0.103490
0.108290 0.103795
0.109307 0.104403
0.110325 0.104708
0.112021 0.105925
0.113377 0.106534
0.115412 0.108056
0.117108 0.108969
0.119483 0.110491
0.121179 0.111709
0.122874 0.112622
0.124570 0.113839
0.126266 0.114752
0.128641 0.116579
0.130676 0.117796
0.133389 0.119623
0.135763 0.121449
0.137798 0.122666
0.141529 0.125710
0.143904 0.127232
0.150348 0.132711
0.155097 0.136364
0.161541 0.141538
0.169342 0.148235
0.170699 0.150061
0.172395 0.151887
0.172734 0.152800
0.173413 0.153713
0.173752 0.154627
0.174430 0.155540
0.175109 0.157062
0.175448 0.158279
0.176126 0.159497
0.176465 0.160714
0.177144 0.161932
0.177483 0.163758
0.178161 0.164976
0.178840 0.166802
0.179179 0.168324
0.179857 0.169846
0.180196 0.171368
0.180875 0.172585
0.181214 0.174716
0.181892 0.175933
0.182571 0.178064
0.182910 0.180195
0.183588 0.181412
0.183927 0.183847
0.184606 0.185369
0.184945 0.187500
0.185623 0.189326
0.185962 0.191761
0.186641 0.194805
0.187319 0.196327
0.187658 0.198458
0.188337 0.199980
0.188676 0.202110
0.189354 0.203632
0.189693 0.205763
0.190372 0.207894
0.191050 0.209416
0.191389 0.211242
0.192068 0.212459
0.192407 0.214286
0.193085 0.215503
0.193424 0.217330
0.194103 0.218547
0.194781 0.220069
0.195120 0.221591
0.195799 0.222808
0.196138 0.224026
0.196816 0.224939
0.197155 0.226157
0.197834 0.227070
0.198512 0.228592
0.198851 0.229505
0.199530 0.230418
0.199869 0.231331
0.200547 0.232244
0.200886 0.233157
0.201565 0.234071
0.202243 0.235288
0.202582 0.236201
0.203261 0.237114
0.203939 0.238332
0.204617 0.239245
0.205296 0.240463
0.205974 0.241376
0.206313 0.242289
0.207331 0.243811
0.208009 0.244724
0.208688 0.245942
0.209366 0.246855
0.209705 0.247768
0.210723 0.248985
0.211062 0.249899
0.213097 0.251725
0.213775 0.251420
0.213775 0.248985
0.213436 0.245028
0.212758 0.243202
0.212419 0.241071
0.211740 0.239245
0.211062 0.236810
0.210723 0.234679
0.210044 0.233157
0.209705 0.231027
0.209027 0.229505
0.208688 0.227374
0.208009 0.225852
0.207670 0.224026
0.206992 0.221591
0.206313 0.220069
0.205974 0.218243
0.205296 0.216721
0.204957 0.214590
0.204278 0.213068
0.203939 0.211242
0.203261 0.208502
0.202582 0.206981
0.202243 0.204850
0.201565 0.203328
0.201226 0.200893
0.200547 0.199371
0.200208 0.196631
0.199530 0.193588
0.198851 0.191761
0.198512 0.188718
0.197834 0.186587
0.197495 0.183239
0.196816 0.181108
0.196477 0.178369
0.195799 0.176542
0.195120 0.173194
0.194781 0.170455
0.194103 0.168628
0.193764 0.166498
0.193085 0.165280
0.192746 0.162845
0.192068 0.161323
0.191389 0.158888
0.191050 0.157670
0.190372 0.156453
0.190033 0.154931
0.189354 0.153713
0.189015 0.152496
0.188337 0.151278
0.187997 0.150365
0.187319 0.149148
0.186641 0.148235
0.186302 0.147321
0.185623 0.146408
0.184945 0.145191
0.183927 0.143973
0.183249 0.142756
0.180875 0.140016
0.173413 0.133015
0.172734 0.132407
0.169003 0.129667
0.164594 0.126015
0.161880 0.124188
0.158489 0.121449
0.155775 0.119623
0.154418 0.119014
0.152383 0.117492
0.151366 0.117188
0.150009 0.116274
0.148652 0.115666
0.147296 0.114752
0.146278 0.114448
0.144243 0.113231
0.142886 0.112317
0.141869 0.112013
0.140512 0.111100
0.139155 0.110491
0.138138 0.109882
0.137120 0.109578
0.135763 0.108969
0.134746 0.108360
0.133728 0.108056
0.132372 0.107143
0.131015 0.106838
0.129997 0.106230
0.128980 0.105925
0.127623 0.105317
0.126605 0.104708
0.125249 0.104403
0.124231 0.103795
0.123214 0.103490
0.122196 0.102881
0.120839 0.102577
0.119822 0.101968
0.118126 0.101360
0.116769 0.101055
0.115412 0.100446
0.114734 0.099229
[SKELETON]
0.106634 0.100248
0.107985 0.100840
0.107985 0.100840
0.109340 0.101441
0.110698 0.102052
0.110698 0.102052
0.112060 0.102671
0.113426 0.103300
0.113426 0.103300
0.114794 0.103937
0.114794 0.103937
0.116165 0.104584
0.117538 0.105241
0.117538 0.105241
0.118913 0.105906
0.120290 0.106581
0.120290 0.106581
0.121668 0.107265
0.123047 0.107959
0.123047 0.107959
0.124428 0.108662
0.125808 0.109375
0.125808 0.109375
0.127189 0.110097
0.128569 0.110828
0.128569 0.110828
0.129949 0.111570
0.131328 0.112321
0.131328 0.112321
0.132706 0.113082
0.132706 0.113082
0.134083 0.113852
0.135458 0.114633
0.135458 0.114633
0.136831 0.115423
0.138201 0.116223
0.138201 0.116223
0.139569 0.117033
0.140934 0.117853
0.140934 0.117853
0.142296 0.118683
0.143654 0.119523
0.143654 0.119523
0.145008 0.120373
0.146358 0.121233
0.146358 0.121233
0.147704 0.122104
0.147704 0.122104
0.149045 0.122985
0.150380 0.123876
0.150380 0.123876
0.151710 0.124777
0.153035 0.125688
0.153035 0.125688
0.154353 0.126611
0.155663 0.127543
0.155663 0.127543
0.156963 0.128488
0.158252 0.129444
0.158252 0.129444
0.159529 0.130411
0.160791 0.131392
0.160791 0.131392
0.162037 0.132385
0.162037 0.132385
0.163265 0.133391
0.164475 0.134411
0.164475 0.134411
0.165663 0.135445
0.166830 0.136493
0.166830 0.136493
0.167973 0.137555
0.169090 0.138633
0.169090 0.138633
0.170182 0.139724
0.171246 0.140831
0.171246 0.140831
0.172281 0.141954
0.173285 0.143091
0.173285 0.143091
0.174257 0.144244
0.175196 0.145413
0.175196 0.145413
0.176102 0.146598
0.176102 0.146598
0.176974 0.147798
0.177815 0.149012
0.177815 0.149012
0.178624 0.150241
0.179403 0.151483
0.179403 0.151483
0.180152 0.152738
0.180872 0.154005
0.180872 0.154005
0.181564 0.155285
0.182229 0.156576
0.182229 0.156576
0.182867 0.157878
0.183479 0.159190
0.183479 0.159190
0.184065 0.160513
0.184065 0.160513
0.184628 0.161844
0.185167 0.163185
0.185167 0.163185
0.185683 0.164534
0.186177 0.165890
0.186177 0.165890
0.186650 0.167254
0.187103 0.168625
0.187103 0.168625
0.187538 0.170002
0.187955 0.171386
0.187955 0.171386
0.188355 0.172775
0.188741 0.174169
0.188741 0.174169
0.189113 0.175568
0.189113 0.175568
0.189472 0.176971
0.189820 0.178378
0.189820 0.178378
0.190157 0.179789
0.190485 0.181203
0.190485 0.181203
0.190806 0.182619
0.191120 0.184038
0.191120 0.184038
0.191428 0.185458
0.191732 0.186880
0.191732 0.186880
0.192033 0.188303
0.192332 0.189726
0.192332 0.189726
0.192630 0.191150
0.192929 0.192573
0.192929 0.192573
0.193230 0.193995
0.193230 0.193995
0.193534 0.195416
0.193841 0.196835
0.193841 0.196835
0.194155 0.198253
0.194474 0.199668
0.194474 0.199668
0.194801 0.201080
0.195138 0.202488
0.195138 0.202488
0.195484 0.203893
0.195842 0.205294
0.195842 0.205294
0.196212 0.206691
0.196596 0.208082
0.196596 0.208082
0.196993 0.209468
0.196993 0.209468
0.197404 0.210850
0.197827 0.212227
0.197827 0.212227
0.198263 0.213599
0.198711 0.214967
0.198711 0.214967
0.199170 0.216331
0.199640 0.217691
0.199640 0.217691
0.200120 0.219047
0.200611 0.220399
0.200611 0.220399
0.201111 0.221748
0.201620 0.223094
0.201620 0.223094
0.202138 0.224437
0.202138 0.224437
0.202664 0.225776
0.203197 0.227113
0.203197 0.227113
0.203738 0.228447
0.204286 0.229779
0.204286 0.229779
0.204840 0.231108
0.205400 0.232435
0.205400 0.232435
0.205966 0.233761
0.206536 0.235084
0.206536 0.235084
0.207111 0.236406
0.207690 0.237727
0.207690 0.237727
0.208272 0.239046
0.208858 0.240364
0.208858 0.240364
0.209446 0.241681
0.209446 0.241681
0.210037 0.242997
0.210629 0.244313
0.210629 0.244313
0.211223 0.245629
0.211817 0.246944
0.211817 0.246944
0.212412 0.248259
