[CONTOUR]
0.522719 0.491587
0.521642 0.493389
0.520564 0.494471
0.519756 0.494832
0.518678 0.495913
0.517870 0.496274
0.516523 0.497716
0.515176 0.498798
0.509788 0.505649
0.508980 0.507452
0.507902 0.509255
0.507633 0.510337
0.506825 0.511779
0.506555 0.512861
0.505747 0.514303
0.504131 0.515745
0.505747 0.544952
0.506017 0.546034
0.506555 0.547115
0.507094 0.548918
0.507902 0.550361
0.508172 0.551442
0.509249 0.553245
0.509788 0.554688
0.510866 0.556490
0.511943 0.558654
0.515176 0.563341
0.517601 0.565865
0.519486 0.568029
0.520833 0.569111
0.521911 0.570192
0.522989 0.570913
0.523797 0.571635
0.524605 0.571995
0.525413 0.572716
0.526221 0.573077
0.527299 0.573798
0.528376 0.574159
0.529454 0.574880
0.531340 0.575240
0.532687 0.575962
0.534842 0.576322
0.536458 0.577043
0.544810 0.577404
0.547234 0.576683
0.549928 0.576322
0.551545 0.575601
0.553700 0.575240
0.555316 0.574519
0.556932 0.574159
0.558010 0.573798
0.559088 0.573077
0.560435 0.572716
0.561512 0.571995
0.562590 0.571635
0.563667 0.570913
0.564745 0.570553
0.565553 0.569832
0.566361 0.569471
0.567170 0.568750
0.568247 0.568389
0.569055 0.567668
0.569864 0.567308
0.570672 0.566587
0.571480 0.566226
0.572288 0.565505
0.573096 0.565144
0.573904 0.564423
0.574713 0.564063
0.575521 0.563341
0.576598 0.562981
0.577676 0.562260
0.579023 0.561899
0.580101 0.561178
0.581986 0.560817
0.583603 0.560096
0.589529 0.559736
0.592762 0.560457
0.595726 0.560817
0.597073 0.561538
0.599497 0.561899
0.601114 0.562620
0.603538 0.562981
0.605424 0.563702
0.608926 0.564063
0.612159 0.564784
0.626167 0.565144
0.633710 0.564423
0.636404 0.564063
0.636943 0.563341
0.635596 0.562981
0.634788 0.562260
0.632902 0.561899
0.631555 0.561178
0.629670 0.560817
0.628323 0.560096
0.626437 0.559736
0.625359 0.559014
0.623743 0.558654
0.622665 0.557933
0.621318 0.557572
0.620241 0.556851
0.618894 0.556490
0.618085 0.555769
0.616739 0.555409
0.615930 0.554688
0.615122 0.554327
0.614314 0.553606
0.613236 0.553245
0.612428 0.552524
0.611620 0.552163
0.610812 0.551442
0.610004 0.551082
0.609195 0.550361
0.608387 0.550000
0.607579 0.549279
0.606771 0.548918
0.605963 0.548197
0.605154 0.547837
0.604346 0.547115
0.603538 0.546755
0.602191 0.545673
0.601114 0.545312
0.600305 0.544591
0.599228 0.544231
0.598420 0.543510
0.597342 0.543149
0.596264 0.542428
0.594917 0.542067
0.593840 0.541346
0.591685 0.540986
0.579831 0.540986
0.576868 0.541346
0.575790 0.542067
0.574174 0.542428
0.573096 0.543149
0.572019 0.543510
0.570941 0.544231
0.569864 0.544591
0.569055 0.545312
0.567978 0.545673
0.567170 0.546394
0.566092 0.546755
0.565284 0.547476
0.564206 0.547837
0.563398 0.548558
0.562590 0.548918
0.561512 0.549639
0.560435 0.550000
0.559626 0.550721
0.558818 0.551082
0.557741 0.551442
0.556663 0.552163
0.555316 0.552524
0.554239 0.553245
0.552892 0.553606
0.551545 0.554327
0.549659 0.554688
0.547773 0.555409
0.544540 0.555769
0.537267 0.555769
0.535111 0.555409
0.533764 0.554688
0.532956 0.554327
0.531879 0.553606
0.530532 0.552885
0.529723 0.552163
0.528646 0.551442
0.527029 0.549639
0.522989 0.544231
0.521911 0.542428
0.521642 0.541346
0.520833 0.539543
0.520564 0.538101
0.520025 0.536298
0.519756 0.532692
0.519217 0.529087
0.519486 0.523678
0.520025 0.521514
0.520295 0.519351
0.520833 0.518269
0.521103 0.516827
0.521642 0.515745
0.522180 0.514303
0.523527 0.512139
0.527029 0.507452
0.528646 0.505649
0.529454 0.505288
0.530262 0.504567
0.531879 0.504207
0.533495 0.503486
0.537805 0.503125
0.539152 0.502404
0.540230 0.501683
0.541577 0.500240
0.541307 0.497716
0.539691 0.495913
0.538344 0.494832
0.537267 0.493750
0.536189 0.491587
[SKELETON]
0.540778 0.500893
0.539502 0.499938
0.539502 0.499938
0.538218 0.499163
0.536927 0.498563
0.535635 0.498130
0.535635 0.498130
0.534344 0.497857
0.533058 0.497736
0.531780 0.497760
0.531780 0.497760
0.530514 0.497922
0.529262 0.498215
0.529262 0.498215
0.528030 0.498632
0.526820 0.499164
0.525635 0.499806
0.525635 0.499806
0.524479 0.500549
0.523355 0.501387
0.522267 0.502312
0.522267 0.502312
0.521219 0.503317
0.520213 0.504395
0.520213 0.504395
0.519253 0.505539
0.518343 0.506741
0.517485 0.507995
0.517485 0.507995
0.516681 0.509299
0.515930 0.510648
0.515233 0.512040
0.515233 0.512040
0.514592 0.513471
0.514008 0.514938
0.513480 0.516438
0.513480 0.516438
0.513011 0.517966
0.512600 0.519521
0.512600 0.519521
0.512248 0.521099
0.511957 0.522696
0.511727 0.524309
0.511727 0.524309
0.511559 0.525936
0.511453 0.527571
0.511412 0.529214
0.511412 0.529214
0.511434 0.530859
0.511522 0.532504
0.511522 0.532504
0.511675 0.534145
0.511896 0.535779
0.512182 0.537404
0.512182 0.537404
0.512533 0.539015
0.512945 0.540610
0.513416 0.542184
0.513416 0.542184
0.513944 0.543736
0.514528 0.545262
0.514528 0.545262
0.515163 0.546758
0.515849 0.548222
0.516582 0.549649
0.516582 0.549649
0.517361 0.551038
0.518184 0.552385
0.519047 0.553686
0.519047 0.553686
0.519948 0.554938
0.520886 0.556138
0.520886 0.556138
0.521858 0.557283
0.522862 0.558370
0.523895 0.559396
0.523895 0.559396
0.524955 0.560356
0.526040 0.561249
0.527147 0.562070
0.527147 0.562070
0.528275 0.562820
0.529421 0.563499
0.529421 0.563499
0.530586 0.564108
0.531766 0.564649
0.532961 0.565123
0.532961 0.565123
0.534168 0.565531
0.535387 0.565873
0.536615 0.566153
0.536615 0.566153
0.537851 0.566369
0.539094 0.566524
0.539094 0.566524
0.540342 0.566619
0.541593 0.566654
0.542846 0.566632
0.542846 0.566632
0.544099 0.566552
0.545351 0.566417
0.546601 0.566228
0.546601 0.566228
0.547845 0.565985
0.549085 0.565691
0.550318 0.565348
0.550318 0.565348
0.551547 0.564960
0.552771 0.564531
0.552771 0.564531
0.553990 0.564064
0.555205 0.563564
0.556415 0.563032
0.556415 0.563032
0.557622 0.562474
0.558826 0.561893
0.560026 0.561292
0.560026 0.561292
0.561224 0.560675
0.562419 0.560045
0.562419 0.560045
0.563612 0.559407
0.564803 0.558763
0.565992 0.558117
0.565992 0.558117
0.567180 0.557473
0.568367 0.556835
0.569554 0.556206
0.569554 0.556206
0.570739 0.555589
0.571925 0.554988
0.571925 0.554988
0.573110 0.554407
0.574297 0.553850
0.575483 0.553319
0.575483 0.553319
0.576671 0.552819
0.577860 0.552353
0.579051 0.551925
0.579051 0.551925
0.580244 0.551538
0.581438 0.551196
0.581438 0.551196
0.582636 0.550902
0.583836 0.550660
0.585039 0.550474
0.585039 0.550474
0.586246 0.550348
0.587456 0.550284
0.588670 0.550286
0.588670 0.550286
0.589889 0.550359
0.591112 0.550504
0.591112 0.550504
0.592339 0.550720
0.593570 0.551001
0.594805 0.551341
0.594805 0.551341
0.596043 0.551733
0.597283 0.552171
0.598525 0.552649
0.598525 0.552649
0.599768 0.553162
0.601013 0.553702
0.601013 0.553702
0.602258 0.554265
0.603503 0.554843
0.604748 0.555431
0.604748 0.555431
0.605992 0.556023
0.607235 0.556612
0.608476 0.557193
0.608476 0.557193
0.609715 0.557759
0.610951 0.558304
0.612184 0.558822
0.612184 0.558822
0.613413 0.559309
0.614640 0.559763
0.614640 0.559763
0.615865 0.560185
0.617090 0.560573
0.618315 0.560930
0.618315 0.560930
0.619542 0.561253
0.620772 0.561543
0.622005 0.561801
0.622005 0.561801
0.623243 0.562026
0.624486 0.562217
0.624486 0.562217
0.625736 0.562376
0.626993 0.562501
0.628259 0.562594
0.628259 0.562594
0.629535 0.562653
0.630821 0.562678
0.632120 0.562671
0.632120 0.562671
0.633430 0.562630
