[CONTOUR]
0.752465 0.782435
0.751660 0.786408
0.752465 0.789298
0.752867 0.801940
0.753270 0.818194
0.753672 0.833003
0.754075 0.833726
0.753270 0.851425
0.752867 0.856481
0.752465 0.862261
0.752062 0.863705
0.751660 0.865511
0.750855 0.867679
0.750452 0.869485
0.750050 0.872013
0.749647 0.873097
0.749245 0.873819
0.748440 0.874903
0.748037 0.875986
0.747635 0.877792
0.747232 0.878876
0.746830 0.879959
0.746025 0.881765
0.745622 0.883210
0.745220 0.885016
0.744817 0.886461
0.744415 0.887545
0.743610 0.888989
0.743207 0.890434
0.742805 0.892601
0.742402 0.893685
0.742000 0.894769
0.741195 0.896213
0.740792 0.897297
0.740390 0.898381
0.739987 0.900909
0.739585 0.901631
0.738780 0.903076
0.738377 0.904160
0.737975 0.905244
0.737572 0.907050
0.737170 0.908133
0.736365 0.909939
0.735962 0.911023
0.735560 0.911745
0.735157 0.913551
0.734755 0.914635
0.733950 0.915718
0.733547 0.916802
0.733145 0.917886
0.732742 0.919330
0.732340 0.920053
0.731535 0.921498
0.731132 0.922581
0.730730 0.923304
0.730327 0.925110
0.729925 0.926193
0.729120 0.927277
0.728717 0.928360
0.728315 0.929444
0.727912 0.930889
0.727510 0.931972
0.726705 0.933417
0.726302 0.934140
0.725900 0.935223
0.725497 0.936668
0.725095 0.937390
0.724290 0.938474
0.723887 0.939558
0.723485 0.940280
0.723082 0.941725
0.722680 0.942447
0.721875 0.943892
0.721473 0.944976
0.721070 0.945698
0.720668 0.947143
0.720265 0.947865
0.719460 0.949310
0.719058 0.950032
0.718655 0.951116
0.718253 0.952200
0.717850 0.952922
0.717045 0.954006
0.716643 0.954728
0.716240 0.955450
0.715838 0.956534
0.715435 0.957256
0.714228 0.958701
0.712618 0.961591
0.714228 0.961230
0.715838 0.960146
0.723887 0.952561
0.725900 0.950032
0.727107 0.948588
0.728717 0.946782
0.731132 0.944253
0.732340 0.942808
0.733145 0.941364
0.733950 0.940280
0.734352 0.939558
0.735962 0.937752
0.736365 0.937029
0.736767 0.936307
0.737572 0.934862
0.737975 0.934140
0.739182 0.932695
0.739585 0.931972
0.739987 0.931250
0.740390 0.930166
0.740792 0.929444
0.741597 0.928360
0.742000 0.927638
0.742402 0.926916
0.742805 0.925832
0.743207 0.925110
0.744012 0.924026
0.744415 0.923304
0.744817 0.922220
0.745220 0.921136
0.745622 0.920414
0.746427 0.918969
0.746830 0.918247
0.747232 0.917524
0.747635 0.916080
0.748037 0.914996
0.748842 0.913912
0.749245 0.913190
0.749647 0.912106
0.750050 0.911023
0.750452 0.909939
0.751257 0.908494
0.751660 0.907772
0.752062 0.906688
0.752465 0.905244
0.752867 0.904160
0.753672 0.903076
0.754075 0.901993
0.754477 0.900909
0.754880 0.899464
0.755282 0.898742
0.756087 0.897297
0.756490 0.896213
0.756892 0.895130
0.757295 0.893324
0.757697 0.892601
0.758502 0.891157
0.758905 0.890073
0.759307 0.888989
0.759710 0.887545
0.760112 0.886461
0.760917 0.884655
0.761320 0.883571
0.761722 0.882849
0.762125 0.880682
0.762527 0.879598
0.763332 0.878153
0.763735 0.877070
0.764137 0.875986
0.764540 0.874180
0.764942 0.872735
0.765747 0.870568
0.766150 0.869123
0.766552 0.867679
0.766955 0.864067
0.767357 0.862261
0.768162 0.859732
0.768565 0.856843
0.768967 0.855037
0.768967 0.839144
0.768565 0.836615
0.768162 0.833003
0.767357 0.830114
0.766955 0.827585
0.766552 0.822890
0.766150 0.821084
0.765747 0.819278
0.764942 0.816749
0.764540 0.814582
0.764137 0.811692
0.763735 0.809525
0.763332 0.807358
0.762527 0.805552
0.762125 0.804107
0.761722 0.801579
0.761320 0.800495
0.760917 0.799773
0.760112 0.797967
0.759710 0.796883
0.759307 0.794716
0.758905 0.793632
0.758502 0.792549
0.757697 0.791465
0.757295 0.790743
0.756892 0.788937
0.756490 0.788214
0.756087 0.787492
0.755282 0.786408
0.754880 0.785686
0.754075 0.784241
0.753270 0.783157
[SKELETON]
0.754096 0.787681
0.754413 0.789399
0.754413 0.789399
0.754736 0.791117
0.754736 0.791117
0.755064 0.792836
0.755064 0.792836
0.755396 0.794555
0.755396 0.794555
0.755729 0.796275
0.755729 0.796275
0.756064 0.797994
0.756064 0.797994
0.756399 0.799714
0.756399 0.799714
0.756733 0.801433
0.756733 0.801433
0.757065 0.803151
0.757065 0.803151
0.757393 0.804869
0.757716 0.806586
0.757716 0.806586
0.758033 0.808303
0.758033 0.808303
0.758344 0.810018
0.758344 0.810018
0.758646 0.811731
0.758646 0.811731
0.758938 0.813443
0.758938 0.813443
0.759220 0.815154
0.759220 0.815154
0.759490 0.816862
0.759490 0.816862
0.759747 0.818569
0.759747 0.818569
0.759990 0.820273
0.760218 0.821975
0.760218 0.821975
0.760429 0.823674
0.760429 0.823674
0.760622 0.825371
0.760622 0.825371
0.760796 0.827064
0.760796 0.827064
0.760951 0.828755
0.760951 0.828755
0.761084 0.830442
0.761084 0.830442
0.761195 0.832126
0.761195 0.832126
0.761283 0.833807
0.761283 0.833807
0.761350 0.835484
0.761350 0.835484
0.761395 0.837159
0.761418 0.838830
0.761418 0.838830
0.761419 0.840498
0.761419 0.840498
0.761399 0.842164
0.761399 0.842164
0.761357 0.843826
0.761357 0.843826
0.761293 0.845486
0.761293 0.845486
0.761208 0.847143
0.761208 0.847143
0.761101 0.848798
0.761101 0.848798
0.760973 0.850450
0.760973 0.850450
0.760823 0.852100
0.760652 0.853747
0.760652 0.853747
0.760460 0.855392
0.760460 0.855392
0.760247 0.857035
0.760247 0.857035
0.760012 0.858676
0.760012 0.858676
0.759757 0.860315
0.759757 0.860315
0.759481 0.861951
0.759481 0.861951
0.759184 0.863586
0.759184 0.863586
0.758866 0.865219
0.758866 0.865219
0.758527 0.866851
0.758527 0.866851
0.758168 0.868480
0.757787 0.870109
0.757787 0.870109
0.757387 0.871735
0.757387 0.871735
0.756966 0.873360
0.756966 0.873360
0.756525 0.874984
0.756525 0.874984
0.756065 0.876606
0.756065 0.876606
0.755586 0.878227
0.755586 0.878227
0.755089 0.879846
0.755089 0.879846
0.754576 0.881464
0.754576 0.881464
0.754045 0.883079
0.753500 0.884693
0.753500 0.884693
0.752939 0.886305
0.752939 0.886305
0.752364 0.887914
0.752364 0.887914
0.751776 0.889522
0.751776 0.889522
0.751174 0.891128
0.751174 0.891128
0.750561 0.892731
0.750561 0.892731
0.749936 0.894332
0.749936 0.894332
0.749301 0.895931
0.749301 0.895931
0.748656 0.897527
0.748656 0.897527
0.748001 0.899121
0.747338 0.900712
0.747338 0.900712
0.746668 0.902301
0.746668 0.902301
0.745990 0.903887
0.745990 0.903887
0.745306 0.905470
0.745306 0.905470
0.744616 0.907050
0.744616 0.907050
0.743922 0.908627
0.743922 0.908627
0.743223 0.910202
0.743223 0.910202
0.742521 0.911773
0.742521 0.911773
0.741816 0.913341
0.741109 0.914906
0.741109 0.914906
0.740400 0.916468
0.740400 0.916468
0.739689 0.918026
0.739689 0.918026
0.738974 0.919581
0.738974 0.919581
0.738255 0.921132
0.738255 0.921132
0.737531 0.922679
0.737531 0.922679
0.736801 0.924222
0.736801 0.924222
0.736064 0.925761
0.736064 0.925761
0.735320 0.927295
0.735320 0.927295
0.734566 0.928825
0.733804 0.930351
0.733804 0.930351
0.733030 0.931872
0.733030 0.931872
0.732246 0.933387
0.732246 0.933387
0.731450 0.934898
0.731450 0.934898
0.730640 0.936404
0.730640 0.936404
0.729817 0.937904
0.729817 0.937904
0.728979 0.939399
0.728979 0.939399
0.728126 0.940889
0.728126 0.940889
0.727255 0.942372
0.726368 0.943850
0.726368 0.943850
0.725463 0.945321
0.725463 0.945321
0.724538 0.946787
0.724538 0.946787
0.723593 0.948246
0.723593 0.948246
0.722628 0.949698
0.722628 0.949698
0.721641 0.951144
0.721641 0.951144
0.720631 0.952584
0.720631 0.952584
0.719598 0.954016
0.719598 0.954016
0.718540 0.955441
0.718540 0.955441
0.717458 0.956859
