[CONTOUR]
0.648942 0.614501
0.648494 0.614903
0.648046 0.614903
0.647599 0.615304
0.647151 0.615304
0.646703 0.615706
0.646255 0.615706
0.644465 0.617313
0.644912 0.617715
0.644912 0.618117
0.645360 0.618519
0.645360 0.618920
0.645808 0.619322
0.645808 0.620126
0.646255 0.620528
0.646255 0.623340
0.646703 0.623742
0.646703 0.624545
0.647151 0.624947
0.647151 0.625349
0.648046 0.626153
0.648494 0.626153
0.648942 0.626554
0.653867 0.626554
0.654314 0.626956
0.686998 0.626956
0.687446 0.626554
0.693714 0.626554
0.694162 0.626153
0.697743 0.626153
0.698191 0.625751
0.700877 0.625751
0.701325 0.625349
0.704907 0.625349
0.705355 0.624947
0.709832 0.624947
0.710279 0.624545
0.713414 0.624545
0.713861 0.624144
0.716995 0.624144
0.717443 0.623742
0.720577 0.623742
0.721025 0.623340
0.724607 0.623340
0.725054 0.622938
0.728188 0.622938
0.728636 0.622537
0.732218 0.622537
0.732666 0.622135
0.736695 0.622135
0.737143 0.621733
0.735800 0.620528
0.734904 0.620528
0.734456 0.620126
0.732666 0.620126
0.732218 0.619724
0.730427 0.619724
0.729979 0.619322
0.728188 0.619322
0.727741 0.618920
0.725502 0.618920
0.725054 0.618519
0.722816 0.618519
0.722368 0.618117
0.720129 0.618117
0.719682 0.617715
0.716995 0.617715
0.716548 0.617313
0.710727 0.617313
0.710279 0.616912
0.703564 0.616912
0.703116 0.616510
0.686550 0.616510
0.686103 0.616108
0.670432 0.616108
0.669985 0.615706
0.661478 0.615706
0.661030 0.615304
0.657448 0.615304
0.657001 0.614903
0.654314 0.614903
0.653867 0.614501
[CONTOUR]
0.507014 0.596420
0.507014 0.597626
0.507462 0.597626
0.507910 0.598028
0.509701 0.598429
0.510596 0.598429
0.511044 0.598831
0.511939 0.598831
0.512387 0.599233
0.513282 0.599233
0.515073 0.599635
0.515521 0.600037
0.515969 0.600037
0.516416 0.600438
0.517312 0.600438
0.517760 0.600840
0.519550 0.601242
0.519998 0.601242
0.520446 0.601644
0.521341 0.601644
0.521789 0.602045
0.522685 0.602045
0.524028 0.602447
0.524475 0.602849
0.524923 0.602849
0.525371 0.603251
0.525819 0.603251
0.526266 0.603653
0.527609 0.604054
0.528505 0.604054
0.528953 0.604456
0.529400 0.604456
0.529848 0.604858
0.530743 0.604858
0.531191 0.605260
0.532534 0.605662
0.533430 0.605662
0.533878 0.606063
0.534773 0.606063
0.535221 0.606465
0.536116 0.606465
0.537012 0.606867
0.537459 0.607269
0.538802 0.607269
0.539250 0.607670
0.540146 0.607670
0.540593 0.608072
0.541489 0.608474
0.542384 0.608474
0.542832 0.608876
0.544175 0.608876
0.544623 0.609278
0.545518 0.609278
0.546861 0.609679
0.547309 0.610081
0.548205 0.610081
0.548652 0.610483
0.549995 0.610483
0.550443 0.610885
0.551786 0.610885
0.553130 0.611287
0.553577 0.611688
0.554920 0.611688
0.555368 0.612090
0.556711 0.612090
0.557159 0.612492
0.558502 0.612894
0.559398 0.612894
0.559845 0.613295
0.561188 0.613295
0.561636 0.613697
0.563427 0.613697
0.565218 0.614099
0.565666 0.614501
0.567009 0.614501
0.567457 0.614903
0.569247 0.614903
0.569695 0.615304
0.572382 0.615706
0.574172 0.615706
0.574620 0.616108
0.575963 0.616108
0.576411 0.616510
0.577754 0.616510
0.581336 0.616912
0.581784 0.617313
0.584022 0.617313
0.584470 0.617715
0.586261 0.617715
0.586709 0.618117
0.589395 0.618117
0.593872 0.618519
0.594320 0.618920
0.597454 0.618920
0.597902 0.619322
0.600140 0.619322
0.600588 0.619724
0.603722 0.620126
0.607304 0.620126
0.607751 0.620528
0.610438 0.620528
0.610885 0.620929
0.612676 0.620929
0.614915 0.621331
0.615363 0.621733
0.618049 0.621733
0.618497 0.622135
0.620288 0.622135
0.620735 0.622537
0.622079 0.622938
0.623422 0.622938
0.623869 0.623340
0.626108 0.623340
0.626556 0.623742
0.629242 0.623742
0.629690 0.624144
0.633719 0.623742
0.634615 0.623742
0.635062 0.623340
0.635062 0.622938
0.635958 0.622135
0.635958 0.619322
0.636406 0.617313
0.635958 0.616912
0.635958 0.615304
0.635510 0.614903
0.635510 0.614099
0.635062 0.614099
0.633719 0.613295
0.632824 0.612492
0.631481 0.612492
0.631033 0.612090
0.625660 0.612090
0.625213 0.612492
0.623869 0.613295
0.623422 0.613295
0.622526 0.612492
0.621631 0.612492
0.620735 0.611688
0.620288 0.611688
0.619392 0.611287
0.618944 0.610885
0.618497 0.610885
0.618049 0.610483
0.617601 0.610483
0.617154 0.610081
0.616258 0.610081
0.614467 0.609679
0.614020 0.609278
0.612676 0.609278
0.612229 0.608876
0.610438 0.608876
0.609990 0.608474
0.608199 0.608072
0.606856 0.608072
0.606408 0.607670
0.602827 0.607670
0.602379 0.607269
0.598797 0.607269
0.596111 0.606867
0.595663 0.606465
0.592529 0.606465
0.592081 0.606063
0.588499 0.606063
0.588052 0.605662
0.584022 0.605260
0.579545 0.605260
0.579097 0.604858
0.575068 0.604858
0.574620 0.604456
0.569247 0.604456
0.568800 0.604054
0.565218 0.603653
0.562979 0.603653
0.562532 0.603251
0.560741 0.603251
0.560293 0.602849
0.557607 0.602849
0.555816 0.602447
0.555368 0.602045
0.554025 0.602045
0.553577 0.601644
0.552234 0.601644
0.551786 0.601242
0.549100 0.600840
0.547757 0.600840
0.547309 0.600438
0.545518 0.600438
0.545071 0.600037
0.543280 0.600037
0.540146 0.599635
0.539698 0.599233
0.536564 0.599233
0.536116 0.598831
0.532982 0.598831
0.532534 0.598429
0.528953 0.598028
0.526714 0.598028
0.526266 0.597626
0.526266 0.596420
[SKELETON]
0.516628 0.597492
0.518585 0.598135
0.518585 0.598135
0.520552 0.598758
0.520552 0.598758
0.522529 0.599362
0.522529 0.599362
0.524516 0.599948
0.524516 0.599948
0.526513 0.600517
0.526513 0.600517
0.528519 0.601067
0.528519 0.601067
0.530534 0.601601
0.530534 0.601601
0.532557 0.602119
0.532557 0.602119
0.534589 0.602622
0.534589 0.602622
0.536628 0.603109
0.536628 0.603109
0.538675 0.603582
0.538675 0.603582
0.540730 0.604041
0.540730 0.604041
0.542791 0.604487
0.542791 0.604487
0.544860 0.604920
0.544860 0.604920
0.546934 0.605341
0.549015 0.605750
0.549015 0.605750
0.551102 0.606148
0.551102 0.606148
0.553194 0.606536
0.553194 0.606536
0.555291 0.606914
0.555291 0.606914
0.557393 0.607283
0.557393 0.607283
0.559500 0.607643
0.559500 0.607643
0.561611 0.607994
0.561611 0.607994
0.563726 0.608338
0.563726 0.608338
0.565844 0.608675
0.565844 0.608675
0.567966 0.609006
0.567966 0.609006
0.570091 0.609331
0.570091 0.609331
0.572218 0.609650
0.572218 0.609650
0.574348 0.609965
0.574348 0.609965
0.576480 0.610275
0.578614 0.610582
0.578614 0.610582
0.580749 0.610886
0.580749 0.610886
0.582886 0.611187
0.582886 0.611187
0.585023 0.611487
0.585023 0.611487
0.587161 0.611785
0.587161 0.611785
0.589299 0.612082
0.589299 0.612082
0.591437 0.612379
0.591437 0.612379
0.593574 0.612677
0.593574 0.612677
0.595711 0.612976
0.595711 0.612976
0.597847 0.613276
0.597847 0.613276
0.599981 0.613578
0.599981 0.613578
0.602114 0.613882
0.602114 0.613882
0.604245 0.614190
0.604245 0.614190
0.606374 0.614502
0.606374 0.614502
0.608500 0.614819
0.610623 0.615140
0.610623 0.615140
0.612743 0.615466
0.612743 0.615466
0.614860 0.615799
0.614860 0.615799
0.616972 0.616138
0.616972 0.616138
0.619081 0.616485
0.619081 0.616485
0.621185 0.616839
0.621185 0.616839
0.623285 0.617202
0.623285 0.617202
0.625379 0.617574
0.625379 0.617574
0.627469 0.617955
0.627469 0.617955
0.629552 0.618346
0.629552 0.618346
0.631287 0.618513
0.631287 0.618513
0.633022 0.618680
0.633022 0.618680
0.634757 0.618847
0.634757 0.618847
0.636492 0.619014
0.636492 0.619014
0.638227 0.619181
0.639962 0.619348
0.639962 0.619348
0.641697 0.619515
0.641697 0.619515
0.643432 0.619682
0.643432 0.619682
0.645167 0.619849
0.645167 0.619849
0.646902 0.620016
0.646902 0.620016
0.648637 0.620183
0.648637 0.620183
0.650372 0.620350
0.650372 0.620350
0.652106 0.620517
0.652106 0.620517
0.654265 0.620718
0.654265 0.620718
0.656410 0.620895
0.656410 0.620895
0.658541 0.621048
0.658541 0.621048
0.660661 0.621180
0.660661 0.621180
0.662771 0.621291
0.662771 0.621291
0.664872 0.621382
0.664872 0.621382
0.666964 0.621455
0.669050 0.621511
0.669050 0.621511
0.671131 0.621551
0.671131 0.621551
0.673207 0.621576
0.673207 0.621576
0.675281 0.621587
0.675281 0.621587
0.677353 0.621586
0.677353 0.621586
0.679424 0.621575
0.679424 0.621575
0.681497 0.621553
0.681497 0.621553
0.683571 0.621522
0.683571 0.621522
0.685649 0.621485
0.685649 0.621485
0.687732 0.621440
0.687732 0.621440
0.689820 0.621391
0.689820 0.621391
0.691916 0.621338
0.691916 0.621338
0.694020 0.621282
0.694020 0.621282
0.696134 0.621225
0.698258 0.621168
0.698258 0.621168
0.700395 0.621112
0.700395 0.621112
0.702545 0.621057
0.702545 0.621057
0.704710 0.621007
0.704710 0.621007
0.706891 0.620961
0.706891 0.620961
0.709089 0.620920
0.709089 0.620920
0.711305 0.620887
0.711305 0.620887
0.713542 0.620862
0.713542 0.620862
0.715799 0.620846
0.715799 0.620846
0.718078 0.620841
0.718078 0.620841
0.720380 0.620848
0.720380 0.620848
0.722708 0.620868
0.722708 0.620868
0.725061 0.620903
0.725061 0.620903
0.727441 0.620953
0.727441 0.620953
0.729850 0.621019
