[CONTOUR]
0.904667 0.602273
0.902406 0.605114
0.901954 0.605519
0.901501 0.606737
0.901501 0.607143
0.901049 0.607955
0.900597 0.608360
0.900145 0.609984
0.900145 0.610795
0.899692 0.612013
0.899240 0.613231
0.898788 0.613636
0.898336 0.614448
0.898336 0.615260
0.897884 0.616477
0.897431 0.616883
0.896979 0.617695
0.896979 0.618912
0.896527 0.619724
0.896075 0.620942
0.895622 0.621347
0.895170 0.622565
0.895170 0.623782
0.894718 0.625000
0.894266 0.625406
0.893813 0.626623
0.893813 0.627435
0.893361 0.629058
0.892909 0.629464
0.892457 0.630276
0.892004 0.631494
0.892004 0.632305
0.891552 0.633929
0.891100 0.634334
0.890648 0.635552
0.890648 0.636364
0.890195 0.637987
0.889743 0.638393
0.889291 0.639610
0.888839 0.640828
0.888839 0.641640
0.888386 0.643263
0.887934 0.643669
0.887482 0.645292
0.887482 0.646104
0.887030 0.647727
0.886577 0.648133
0.886125 0.649756
0.885673 0.651786
0.885673 0.653003
0.885221 0.654627
0.884768 0.655032
0.884316 0.657062
0.884316 0.658685
0.883864 0.660714
0.883412 0.661120
0.882959 0.663149
0.882507 0.665584
0.882507 0.667208
0.882055 0.669237
0.881603 0.669643
0.881151 0.672078
0.881151 0.674107
0.880698 0.676542
0.880246 0.676948
0.879794 0.678977
0.879794 0.681412
0.879342 0.684253
0.878889 0.687906
0.878437 0.688312
0.877985 0.690747
0.877985 0.692776
0.877533 0.696023
0.877080 0.696429
0.876628 0.699269
0.876628 0.701299
0.876176 0.703328
0.875724 0.706169
0.875271 0.706575
0.874819 0.709416
0.874819 0.711039
0.874367 0.713474
0.873915 0.713880
0.873462 0.718344
0.873462 0.728084
0.873010 0.748782
0.873462 0.761364
0.873915 0.761769
0.873462 0.779221
0.873462 0.784497
0.873010 0.787744
0.872558 0.788149
0.872106 0.790990
0.872106 0.793019
0.871653 0.795049
0.871201 0.797078
0.870749 0.797484
0.870297 0.799513
0.870297 0.799919
0.868488 0.800325
0.868488 0.813312
0.870297 0.812906
0.870297 0.812500
0.871201 0.811282
0.871653 0.810877
0.872106 0.810065
0.872558 0.808847
0.872558 0.808442
0.873010 0.807224
0.873462 0.806818
0.873915 0.806006
0.873915 0.805601
0.874367 0.804789
0.874819 0.804383
0.875271 0.803571
0.875724 0.802354
0.875724 0.801948
0.876176 0.801136
0.876628 0.800731
0.877080 0.799919
0.877080 0.799107
0.877533 0.798295
0.877985 0.797890
0.878437 0.797078
0.878889 0.796266
0.878889 0.795455
0.879342 0.794643
0.879794 0.794237
0.880246 0.793425
0.880246 0.792614
0.880698 0.791802
0.881151 0.791396
0.881603 0.790179
0.882055 0.789367
0.882055 0.788555
0.882507 0.787338
0.882959 0.786932
0.883412 0.785714
0.883412 0.784903
0.883864 0.783279
0.884316 0.782873
0.884768 0.781250
0.884768 0.780032
0.885221 0.778409
0.885673 0.776380
0.886125 0.775974
0.886577 0.773133
0.886577 0.770292
0.887030 0.765422
0.887482 0.765016
0.887934 0.727273
0.887934 0.721185
0.888386 0.717938
0.888839 0.714692
0.889291 0.714286
0.889743 0.711039
0.889743 0.708198
0.890195 0.704951
0.890648 0.704545
0.891100 0.701705
0.891100 0.699269
0.891552 0.695211
0.892004 0.691153
0.892457 0.690747
0.892909 0.687094
0.892909 0.683847
0.893361 0.679383
0.893813 0.678977
0.894266 0.675731
0.894266 0.673295
0.894718 0.670049
0.895170 0.666802
0.895622 0.666396
0.896075 0.663149
0.896075 0.661120
0.896527 0.658685
0.896979 0.658279
0.897431 0.655438
0.897431 0.653409
0.897884 0.651380
0.898336 0.650974
0.898788 0.648945
0.899240 0.646510
0.899240 0.644481
0.899692 0.642451
0.900145 0.642045
0.900597 0.639610
0.900597 0.637581
0.901049 0.634740
0.901501 0.634334
0.901954 0.631899
0.902406 0.629058
0.902406 0.625812
0.902858 0.620536
0.903310 0.620130
0.903763 0.613231
0.903763 0.609578
0.904215 0.608360
0.904667 0.607955
0.906024 0.602273
[SKELETON]
0.903328 0.605683
0.902887 0.607556
0.902887 0.607556
0.902443 0.609430
0.902443 0.609430
0.901996 0.611304
0.901996 0.611304
0.901545 0.613179
0.901545 0.613179
0.901093 0.615055
0.901093 0.615055
0.900638 0.616930
0.900638 0.616930
0.900182 0.618807
0.900182 0.618807
0.899724 0.620684
0.899265 0.622562
0.899265 0.622562
0.898805 0.624441
0.898805 0.624441
0.898344 0.626321
0.898344 0.626321
0.897883 0.628202
0.897883 0.628202
0.897423 0.630083
0.897423 0.630083
0.896962 0.631966
0.896962 0.631966
0.896503 0.633850
0.896503 0.633850
0.896044 0.635734
0.895586 0.637620
0.895586 0.637620
0.895131 0.639508
0.895131 0.639508
0.894677 0.641396
0.894677 0.641396
0.894225 0.643286
0.894225 0.643286
0.893776 0.645177
0.893776 0.645177
0.893330 0.647069
0.893330 0.647069
0.892887 0.648963
0.892887 0.648963
0.892447 0.650859
0.892011 0.652756
0.892011 0.652756
0.891580 0.654654
0.891580 0.654654
0.891152 0.656555
0.891152 0.656555
0.890730 0.658457
0.890730 0.658457
0.890312 0.660360
0.890312 0.660360
0.889900 0.662266
0.889900 0.662266
0.889493 0.664173
0.889493 0.664173
0.889093 0.666083
0.889093 0.666083
0.888698 0.667994
0.888311 0.669907
0.888311 0.669907
0.887930 0.671822
0.887930 0.671822
0.887556 0.673740
0.887556 0.673740
0.887190 0.675659
0.887190 0.675659
0.886831 0.677581
0.886831 0.677581
0.886481 0.679505
0.886481 0.679505
0.886139 0.681432
0.886139 0.681432
0.885806 0.683360
0.885482 0.685292
0.885482 0.685292
0.885167 0.687225
0.885167 0.687225
0.884862 0.689161
0.884862 0.689161
0.884567 0.691100
0.884567 0.691100
0.884283 0.693041
0.884283 0.693041
0.884009 0.694985
0.884009 0.694985
0.883745 0.696932
0.883745 0.696932
0.883493 0.698881
0.883253 0.700833
0.883253 0.700833
0.883024 0.702788
0.883024 0.702788
0.882808 0.704746
0.882808 0.704746
0.882604 0.706707
0.882604 0.706707
0.882413 0.708671
0.882413 0.708671
0.882234 0.710638
0.882234 0.710638
0.882068 0.712607
0.882068 0.712607
0.881913 0.714579
0.881768 0.716553
0.881768 0.716553
0.881634 0.718529
0.881634 0.718529
0.881510 0.720506
0.881510 0.720506
0.881395 0.722484
0.881395 0.722484
0.881288 0.724464
0.881288 0.724464
0.881190 0.726445
0.881190 0.726445
0.881099 0.728425
0.881099 0.728425
0.881014 0.730407
0.880936 0.732388
0.880936 0.732388
0.880864 0.734369
0.880864 0.734369
0.880796 0.736349
0.880796 0.736349
0.880733 0.738329
0.880733 0.738329
0.880674 0.740307
0.880674 0.740307
0.880619 0.742285
0.880619 0.742285
0.880566 0.744260
0.880566 0.744260
0.880515 0.746234
0.880466 0.748206
0.880466 0.748206
0.880418 0.750175
0.880418 0.750175
0.880370 0.752142
0.880370 0.752142
0.880323 0.754106
0.880323 0.754106
0.880274 0.756067
0.880274 0.756067
0.880224 0.758024
0.880224 0.758024
0.880173 0.759977
0.880173 0.759977
0.880117 0.761927
0.880117 0.761927
0.880054 0.763873
0.879981 0.765814
0.879981 0.765814
0.879896 0.767751
0.879896 0.767751
0.879796 0.769682
0.879796 0.769682
0.879678 0.771609
0.879678 0.771609
0.879539 0.773531
0.879539 0.773531
0.879376 0.775447
0.879376 0.775447
0.879188 0.777357
0.879188 0.777357
0.878970 0.779261
0.878721 0.781159
0.878721 0.781159
0.878437 0.783051
0.878437 0.783051
0.878116 0.784936
0.878116 0.784936
0.877754 0.786815
0.877754 0.786815
0.877351 0.788686
0.877351 0.788686
0.876901 0.790550
0.876901 0.790550
0.876403 0.792406
0.876403 0.792406
0.875855 0.794255
0.875252 0.796096
0.875252 0.796096
0.874593 0.797928
0.874593 0.797928
0.873875 0.799752
0.873875 0.799752
0.873095 0.801568
0.873095 0.801568
0.872250 0.803374
0.872250 0.803374
0.871337 0.805171
0.871337 0.805171
0.870354 0.806960
0.870354 0.806960
0.869298 0.808738
