[CONTOUR]
0.359461 0.227315
0.359174 0.227573
0.358599 0.227573
0.358312 0.227831
0.358312 0.228088
0.356589 0.229635
0.356589 0.229892
0.356015 0.230408
0.355728 0.230923
0.355728 0.231181
0.355440 0.231439
0.355440 0.231696
0.354866 0.232212
0.354866 0.232470
0.354005 0.233243
0.354005 0.233500
0.353430 0.234016
0.353430 0.234274
0.352856 0.234789
0.352856 0.235047
0.351994 0.235820
0.351994 0.236078
0.351420 0.236851
0.350271 0.237881
0.350271 0.238139
0.349410 0.238912
0.349410 0.239170
0.348835 0.239685
0.348835 0.239943
0.347974 0.240716
0.347974 0.240974
0.347112 0.241747
0.347112 0.242005
0.346538 0.242520
0.346538 0.242778
0.346251 0.243036
0.344528 0.244840
0.344528 0.245097
0.343954 0.245613
0.343954 0.245871
0.343666 0.246128
0.343379 0.246128
0.343379 0.246386
0.342518 0.247159
0.342518 0.247417
0.340795 0.248963
0.340795 0.249221
0.339933 0.249994
0.339933 0.250252
0.339359 0.250767
0.337923 0.252313
0.337923 0.252571
0.337061 0.253344
0.337061 0.253602
0.336774 0.253860
0.336487 0.253860
0.335913 0.254375
0.335913 0.254633
0.335051 0.255406
0.335051 0.255664
0.333615 0.256952
0.333615 0.257210
0.333328 0.257468
0.333328 0.257725
0.332754 0.258498
0.332179 0.259014
0.332179 0.259272
0.331318 0.260045
0.331318 0.260302
0.330743 0.260818
0.330743 0.261075
0.330169 0.261591
0.330169 0.261849
0.328733 0.263137
0.328733 0.263395
0.327297 0.264683
0.327297 0.264941
0.325862 0.266230
0.325862 0.266487
0.320980 0.271126
0.320118 0.271899
0.320118 0.272157
0.318682 0.273446
0.318682 0.273703
0.317821 0.274476
0.317821 0.274734
0.315523 0.276796
0.315236 0.276796
0.314375 0.277569
0.314375 0.277827
0.313800 0.278342
0.313800 0.279115
0.313513 0.279373
0.313800 0.280146
0.314375 0.280662
0.314375 0.281435
0.317821 0.281435
0.317821 0.280662
0.318395 0.280146
0.318682 0.280146
0.318969 0.279888
0.319257 0.279888
0.319544 0.279631
0.319831 0.279631
0.320118 0.279373
0.320405 0.279373
0.320692 0.279115
0.321267 0.278858
0.321554 0.278858
0.322128 0.278342
0.322415 0.278342
0.322703 0.278084
0.322990 0.278084
0.323277 0.277827
0.323564 0.277827
0.324426 0.277054
0.324713 0.277054
0.325574 0.276280
0.325862 0.276280
0.326723 0.275507
0.327010 0.275507
0.328159 0.274734
0.329020 0.273961
0.329308 0.273961
0.330456 0.272930
0.330743 0.272930
0.333328 0.270611
0.333615 0.270611
0.340220 0.264683
0.340507 0.264683
0.346251 0.259529
0.346251 0.259272
0.347974 0.257725
0.348261 0.257725
0.348261 0.257468
0.351707 0.254375
0.353430 0.252571
0.353430 0.252313
0.354866 0.251025
0.354866 0.250767
0.356302 0.249478
0.356302 0.249221
0.357451 0.248190
0.357451 0.247932
0.358312 0.247159
0.358312 0.246901
0.358887 0.246386
0.358887 0.246128
0.360035 0.245097
0.360035 0.244840
0.360610 0.244067
0.361471 0.243293
0.361471 0.243036
0.362045 0.242520
0.362045 0.242263
0.362907 0.241489
0.362907 0.241232
0.363481 0.240716
0.363481 0.240459
0.364343 0.239685
0.364343 0.239428
0.364917 0.238912
0.364917 0.238655
0.365492 0.238139
0.366066 0.237366
0.366066 0.237108
0.366640 0.236593
0.366640 0.236335
0.366927 0.236078
0.366927 0.235820
0.367215 0.235562
0.367215 0.235304
0.367502 0.235047
0.367502 0.234789
0.367789 0.234531
0.367789 0.234274
0.368076 0.234016
0.368076 0.233758
0.368363 0.233243
0.368651 0.232985
0.368651 0.231696
0.368938 0.231439
0.368938 0.230666
0.368651 0.230408
0.368076 0.230408
0.367789 0.230150
0.367502 0.230408
0.366927 0.230408
0.366640 0.230150
0.366353 0.230150
0.366066 0.229892
0.365779 0.229892
0.365204 0.229635
0.364917 0.229377
0.364343 0.229377
0.363769 0.228862
0.363481 0.228862
0.362907 0.228346
0.362620 0.228346
0.361471 0.227315
[CONTOUR]
0.448772 0.147683
0.448772 0.148713
0.447911 0.149229
0.447623 0.149487
0.446475 0.150260
0.446188 0.150260
0.445326 0.150775
0.445039 0.151033
0.444752 0.151033
0.443890 0.151548
0.443603 0.151806
0.443029 0.152064
0.442454 0.152064
0.441880 0.152321
0.441593 0.152579
0.441306 0.152579
0.440731 0.152837
0.440444 0.153095
0.439583 0.153352
0.439295 0.153352
0.438434 0.153610
0.438147 0.153868
0.437860 0.153868
0.437285 0.154125
0.436998 0.154383
0.436424 0.154641
0.436136 0.154641
0.435562 0.154899
0.435275 0.155156
0.434988 0.155156
0.434413 0.155414
0.434126 0.155672
0.433552 0.155929
0.433265 0.155929
0.432690 0.156187
0.432116 0.156703
0.431829 0.156703
0.431255 0.156960
0.430967 0.157218
0.430106 0.157733
0.429819 0.157733
0.429244 0.157991
0.428957 0.158249
0.428670 0.158249
0.427808 0.158764
0.427234 0.159280
0.426660 0.159537
0.426373 0.159537
0.425798 0.159795
0.425224 0.160310
0.424937 0.160310
0.423788 0.161084
0.423214 0.161599
0.422352 0.162114
0.422065 0.162114
0.421203 0.162888
0.420055 0.163661
0.419768 0.163661
0.418619 0.164434
0.417470 0.165465
0.416321 0.166238
0.416034 0.166238
0.414886 0.167269
0.413450 0.168300
0.413163 0.168300
0.411439 0.169588
0.409142 0.171650
0.406558 0.173711
0.406270 0.173711
0.403973 0.175773
0.398804 0.180154
0.398517 0.180154
0.392486 0.185824
0.388753 0.189174
0.386742 0.191236
0.386742 0.191494
0.385307 0.192782
0.384158 0.194071
0.384158 0.194328
0.383009 0.195617
0.381861 0.196648
0.380999 0.197679
0.380999 0.197936
0.379563 0.199225
0.378989 0.199998
0.378989 0.200256
0.378414 0.201029
0.377553 0.201802
0.376979 0.202575
0.376979 0.202833
0.376404 0.203348
0.376117 0.203864
0.376117 0.204121
0.375256 0.205152
0.374968 0.205410
0.374394 0.206183
0.374394 0.206441
0.373820 0.206956
0.372958 0.207987
0.372958 0.208245
0.372671 0.208760
0.371809 0.209533
0.371235 0.210306
0.371235 0.210564
0.370374 0.211337
0.370086 0.211853
0.370086 0.212110
0.369225 0.213141
0.368651 0.213657
0.368076 0.214430
0.368076 0.214687
0.367789 0.214945
0.367502 0.215461
0.367502 0.215976
0.367215 0.216491
0.366927 0.216749
0.367215 0.218038
0.367215 0.218295
0.367502 0.218553
0.368076 0.218811
0.368363 0.218811
0.368938 0.219069
0.369512 0.219584
0.370374 0.220099
0.370661 0.220099
0.370948 0.220357
0.371809 0.220615
0.372097 0.220615
0.372671 0.220873
0.372958 0.221130
0.373532 0.221388
0.373820 0.221388
0.374107 0.221646
0.374681 0.221903
0.376117 0.221903
0.376979 0.221388
0.380425 0.218295
0.381286 0.217265
0.381286 0.217007
0.382435 0.215976
0.383584 0.214687
0.383584 0.214430
0.384732 0.213141
0.385594 0.212368
0.386455 0.211337
0.386455 0.211080
0.387317 0.210306
0.387891 0.209533
0.387891 0.209276
0.388753 0.208245
0.389614 0.207472
0.389614 0.207214
0.390189 0.206441
0.391050 0.205668
0.391624 0.204894
0.391624 0.204637
0.392486 0.203606
0.393060 0.203091
0.393060 0.202833
0.393922 0.201802
0.394496 0.201287
0.395358 0.200256
0.395358 0.199998
0.395932 0.199225
0.396794 0.198452
0.396794 0.198194
0.397655 0.197163
0.398517 0.196390
0.399378 0.195359
0.399378 0.195101
0.400527 0.193813
0.401388 0.193040
0.401388 0.192782
0.402537 0.191494
0.403973 0.190205
0.405696 0.188401
0.405696 0.188143
0.408281 0.185566
0.419768 0.175258
0.419768 0.175000
0.421778 0.172938
0.423788 0.171134
0.425224 0.170103
0.425511 0.170103
0.426947 0.169073
0.432690 0.163918
0.432978 0.163918
0.436424 0.161084
0.438721 0.159022
0.440731 0.157476
0.441018 0.157476
0.442454 0.156445
0.444177 0.154899
0.444465 0.154899
0.447049 0.152837
0.447336 0.152579
0.451070 0.148971
0.451357 0.148971
0.451931 0.148713
0.451931 0.147683
[SKELETON]
0.448770 0.150343
0.447608 0.150961
0.447608 0.150961
0.446448 0.151590
0.445291 0.152227
0.444137 0.152875
0.444137 0.152875
0.442985 0.153531
0.441836 0.154196
0.441836 0.154196
0.440689 0.154871
0.439546 0.155554
0.438406 0.156247
0.438406 0.156247
0.437269 0.156948
0.436136 0.157657
0.436136 0.157657
0.435006 0.158375
0.433879 0.159102
0.433879 0.159102
0.432756 0.159836
0.431637 0.160579
0.430521 0.161330
0.430521 0.161330
0.429410 0.162089
0.428302 0.162855
0.428302 0.162855
0.427199 0.163630
0.426099 0.164412
0.425004 0.165201
0.425004 0.165201
0.423914 0.165997
0.422828 0.166801
0.422828 0.166801
0.421747 0.167612
0.420670 0.168430
0.419598 0.169255
0.419598 0.169255
0.418531 0.170087
0.417469 0.170926
0.417469 0.170926
0.416412 0.171771
0.415361 0.172622
0.415361 0.172622
0.414315 0.173480
0.413274 0.174344
0.412238 0.175214
0.412238 0.175214
0.411209 0.176091
0.410185 0.176973
0.410185 0.176973
0.409166 0.177861
0.408154 0.178754
0.407148 0.179654
0.407148 0.179654
0.406148 0.180558
0.405154 0.181468
0.405154 0.181468
0.404166 0.182383
0.403185 0.183304
0.402210 0.184229
0.402210 0.184229
0.401242 0.185159
0.400281 0.186094
0.400281 0.186094
0.399327 0.187034
0.398379 0.187978
0.398379 0.187978
0.397438 0.188927
0.396505 0.189880
0.395579 0.190838
0.395579 0.190838
0.394660 0.191799
0.393748 0.192764
0.393748 0.192764
0.392844 0.193734
0.391948 0.194707
0.391060 0.195684
0.391060 0.195684
0.390179 0.196664
0.389306 0.197648
0.389306 0.197648
0.388441 0.198635
0.387584 0.199625
0.386736 0.200619
0.386736 0.200619
0.385896 0.201615
0.385064 0.202615
0.385064 0.202615
0.384241 0.203617
0.383426 0.204622
0.383426 0.204622
0.382620 0.205629
0.381823 0.206639
0.381035 0.207651
0.381035 0.207651
0.380256 0.208665
0.379486 0.209682
0.379486 0.209682
0.378725 0.210700
0.377974 0.211721
0.377232 0.212743
0.377232 0.212743
0.376500 0.213766
0.375777 0.214792
0.375777 0.214792
0.375064 0.215818
0.373783 0.216808
0.372503 0.217798
0.372503 0.217798
0.371222 0.218788
0.369941 0.219778
0.369941 0.219778
0.368661 0.220768
0.367380 0.221758
0.367380 0.221758
0.366099 0.222748
0.364819 0.223738
0.363538 0.224728
0.363538 0.224728
0.362257 0.225718
0.360977 0.226708
0.360977 0.226708
0.359696 0.227698
0.358416 0.228688
0.359199 0.229735
0.359199 0.229735
0.359734 0.230780
0.360042 0.231822
0.360042 0.231822
0.360141 0.232861
0.360053 0.233897
0.359797 0.234929
0.359797 0.234929
0.359393 0.235958
0.358860 0.236984
0.358860 0.236984
0.358221 0.238005
0.357493 0.239022
0.357493 0.239022
0.356697 0.240035
0.355854 0.241044
0.354983 0.242047
0.354983 0.242047
0.354101 0.243046
0.353212 0.244040
0.353212 0.244040
0.352317 0.245030
0.351416 0.246016
0.350511 0.246998
0.350511 0.246998
0.349601 0.247977
0.348687 0.248953
0.348687 0.248953
0.347771 0.249927
0.346852 0.250898
0.345931 0.251867
0.345931 0.251867
0.345010 0.252834
0.344088 0.253800
0.344088 0.253800
0.343166 0.254765
0.342245 0.255729
0.342245 0.255729
0.341324 0.256692
0.340404 0.257653
0.339481 0.258612
0.339481 0.258612
0.338558 0.259569
0.337631 0.260523
0.337631 0.260523
0.336701 0.261474
0.335767 0.262421
0.334828 0.263363
0.334828 0.263363
0.333883 0.264300
0.332932 0.265232
0.332932 0.265232
0.331974 0.266159
0.331007 0.267079
0.330032 0.267992
0.330032 0.267992
0.329048 0.268899
0.328053 0.269797
0.328053 0.269797
0.327048 0.270688
0.326030 0.271570
0.326030 0.271570
0.325000 0.272443
0.323957 0.273306
0.322900 0.274160
0.322900 0.274160
0.321828 0.275003
0.320741 0.275835
0.320741 0.275835
0.319637 0.276655
0.318517 0.277464
0.317378 0.278261
0.317378 0.278261
0.316221 0.279044
