[CONTOUR]
0.514522 0.082979
0.512993 0.083322
0.512611 0.083665
0.511464 0.084008
0.511082 0.084008
0.510318 0.084351
0.509554 0.084694
0.509171 0.085037
0.508407 0.085379
0.508025 0.085379
0.506879 0.086065
0.506496 0.086408
0.504968 0.087094
0.504204 0.087437
0.503821 0.087437
0.503057 0.087780
0.502675 0.088123
0.501911 0.088466
0.501146 0.088809
0.500764 0.088809
0.499618 0.089152
0.499236 0.089495
0.498471 0.089838
0.497707 0.090181
0.497325 0.090181
0.496561 0.090524
0.496179 0.090866
0.495414 0.091209
0.494650 0.091209
0.493886 0.091552
0.492739 0.091895
0.492357 0.092238
0.491593 0.092581
0.490829 0.092581
0.490064 0.092924
0.489300 0.093267
0.488918 0.093610
0.487771 0.093953
0.487389 0.093953
0.486243 0.094296
0.485096 0.094639
0.484714 0.094982
0.483950 0.095325
0.483568 0.095325
0.482421 0.095668
0.482039 0.096011
0.481275 0.096353
0.480128 0.096696
0.479364 0.096696
0.478600 0.097039
0.478218 0.097382
0.477071 0.097725
0.475925 0.098068
0.475161 0.098068
0.474396 0.098411
0.474014 0.098754
0.472868 0.099097
0.471721 0.099440
0.470957 0.099440
0.470193 0.099783
0.469811 0.100126
0.468664 0.100469
0.468282 0.100469
0.467135 0.100812
0.465989 0.101155
0.465607 0.101498
0.464460 0.101841
0.463696 0.101841
0.462932 0.102183
0.461785 0.102526
0.461403 0.102869
0.460257 0.103212
0.459110 0.103212
0.457964 0.103555
0.456818 0.103898
0.456435 0.104241
0.454907 0.104584
0.454143 0.104584
0.452614 0.104927
0.452232 0.105270
0.451085 0.105613
0.448793 0.105956
0.443825 0.105956
0.441150 0.106299
0.440767 0.105956
0.432742 0.106299
0.427392 0.106642
0.424335 0.106642
0.422807 0.106985
0.422807 0.113157
0.424335 0.113500
0.425482 0.113843
0.426246 0.113843
0.427010 0.114186
0.427392 0.114529
0.428539 0.114872
0.429685 0.114872
0.431214 0.115215
0.432742 0.115558
0.433125 0.115901
0.435417 0.116244
0.436946 0.116244
0.442678 0.116587
0.449175 0.116930
0.449557 0.117273
0.450703 0.116930
0.455289 0.116930
0.458346 0.116587
0.458728 0.116244
0.462168 0.115901
0.464078 0.115558
0.465607 0.115558
0.467518 0.115215
0.467900 0.114872
0.470193 0.114529
0.471721 0.114186
0.472486 0.114186
0.474014 0.113843
0.474396 0.113500
0.475925 0.113157
0.477453 0.112815
0.477836 0.112815
0.478982 0.112472
0.479364 0.112129
0.480511 0.111786
0.481275 0.111786
0.482421 0.111443
0.483186 0.111100
0.483568 0.110757
0.485096 0.110414
0.485478 0.110414
0.486243 0.110071
0.487389 0.109728
0.487771 0.109385
0.488918 0.109042
0.489300 0.109042
0.490446 0.108699
0.491211 0.108356
0.491593 0.108013
0.492739 0.107670
0.493121 0.107670
0.494268 0.106985
0.494650 0.106642
0.495796 0.106299
0.496561 0.105956
0.496943 0.105956
0.497707 0.105613
0.498089 0.105270
0.498854 0.104927
0.499618 0.104584
0.500000 0.104584
0.500764 0.104241
0.501146 0.103898
0.502293 0.103555
0.503057 0.103212
0.503439 0.103212
0.504586 0.102869
0.504968 0.102526
0.505732 0.102183
0.506114 0.102183
0.506879 0.101841
0.507643 0.101498
0.508025 0.101155
0.508789 0.100812
0.509171 0.100812
0.510318 0.100126
0.511082 0.099783
0.511464 0.099440
0.512229 0.099097
0.512611 0.099097
0.513375 0.098754
0.514139 0.098411
0.514522 0.098068
0.515286 0.097725
0.515668 0.097725
0.516432 0.097382
0.516814 0.097039
0.517961 0.096353
0.518725 0.096011
0.519489 0.096011
0.520254 0.095668
0.521018 0.094982
0.522547 0.093953
0.522929 0.092924
0.522929 0.092581
0.522547 0.091552
0.522164 0.091209
0.521018 0.089838
0.520636 0.089495
0.520254 0.089152
0.519872 0.088466
0.519872 0.088123
0.519489 0.087437
0.519107 0.087094
0.518725 0.086408
0.518343 0.085722
0.518343 0.085379
0.517961 0.084694
0.516432 0.083322
0.515668 0.082979
[CONTOUR]
0.498471 0.071662
0.498089 0.072005
0.497707 0.072005
0.497325 0.072348
0.497325 0.073377
0.496943 0.073720
0.497707 0.073720
0.498471 0.073034
0.498854 0.073034
0.499236 0.072691
0.499236 0.072005
0.498854 0.071662
[CONTOUR]
0.504968 0.063774
0.504586 0.064117
0.504204 0.064117
0.502675 0.065489
0.502675 0.065832
0.502293 0.066175
0.502293 0.068575
0.502675 0.068918
0.503057 0.068918
0.503439 0.069261
0.503821 0.069261
0.504204 0.068918
0.504586 0.068918
0.504968 0.068575
0.505350 0.068575
0.505732 0.068233
0.505732 0.067890
0.506496 0.067204
0.506879 0.067204
0.507261 0.066861
0.507261 0.066518
0.508407 0.065489
0.508025 0.065146
0.507643 0.065146
0.506496 0.064117
0.505732 0.064117
0.505350 0.063774
[CONTOUR]
0.604326 0.041140
0.603944 0.042512
0.603179 0.042512
0.600886 0.042855
0.600504 0.043198
0.598594 0.043541
0.596683 0.043884
0.594772 0.043884
0.592861 0.044227
0.590951 0.044570
0.590568 0.044913
0.588658 0.045256
0.587511 0.045256
0.585983 0.045599
0.585218 0.045942
0.584836 0.046284
0.583308 0.046627
0.582543 0.046627
0.581015 0.046970
0.579868 0.047313
0.579486 0.047656
0.578340 0.047999
0.577576 0.047999
0.576429 0.048342
0.575665 0.048685
0.575283 0.049028
0.574136 0.049371
0.572990 0.049714
0.572225 0.049714
0.571079 0.050057
0.570697 0.050400
0.569933 0.050743
0.568786 0.051086
0.568022 0.051086
0.567258 0.051429
0.566875 0.051772
0.566111 0.052114
0.564965 0.052457
0.564583 0.052457
0.563436 0.052800
0.562672 0.053143
0.562290 0.053486
0.561525 0.053829
0.561143 0.053829
0.559997 0.054515
0.559233 0.054858
0.558850 0.055201
0.558086 0.055544
0.557704 0.055544
0.556940 0.055887
0.555793 0.056573
0.555411 0.056916
0.554265 0.057601
0.553883 0.057601
0.553118 0.057944
0.552354 0.058287
0.551590 0.058973
0.550825 0.059316
0.549679 0.060002
0.549297 0.060002
0.548532 0.060345
0.547768 0.061031
0.547004 0.061374
0.546240 0.061717
0.545857 0.061717
0.544329 0.062746
0.543947 0.063088
0.542800 0.063774
0.542036 0.064117
0.541654 0.064117
0.540125 0.065146
0.538979 0.065832
0.538215 0.066518
0.537068 0.067204
0.536686 0.067204
0.535157 0.068233
0.534011 0.068918
0.533247 0.069604
0.531336 0.070976
0.530954 0.070976
0.529807 0.071662
0.527514 0.074062
0.527132 0.074405
0.528279 0.076806
0.528279 0.077149
0.529425 0.078521
0.530572 0.079892
0.531718 0.080921
0.532100 0.082293
0.532482 0.082636
0.532865 0.082979
0.534393 0.084694
0.534775 0.084351
0.536686 0.084008
0.537450 0.083665
0.537832 0.083665
0.538979 0.082979
0.540507 0.081607
0.544329 0.078521
0.547004 0.076463
0.547386 0.076463
0.548532 0.075777
0.550061 0.074748
0.551207 0.073720
0.552354 0.073034
0.552736 0.073034
0.554265 0.072005
0.555411 0.071319
0.556175 0.070633
0.557322 0.069947
0.557704 0.069947
0.558468 0.069604
0.559615 0.068918
0.560379 0.068233
0.561143 0.067890
0.561908 0.067547
0.562290 0.067547
0.563436 0.066861
0.563818 0.066518
0.564583 0.066175
0.565729 0.065489
0.566111 0.065489
0.566875 0.065146
0.567258 0.064803
0.568022 0.064460
0.569168 0.063774
0.569550 0.063774
0.570315 0.063431
0.571079 0.062746
0.571843 0.062403
0.572608 0.062060
0.572990 0.062060
0.573754 0.061717
0.574518 0.061374
0.574901 0.061031
0.575665 0.060688
0.576047 0.060688
0.576811 0.060345
0.577576 0.060002
0.577958 0.059659
0.578722 0.059316
0.579104 0.059316
0.579868 0.058973
0.580633 0.058630
0.581015 0.058287
0.581779 0.057944
0.582543 0.057601
0.582926 0.057601
0.583690 0.057259
0.584072 0.056916
0.584836 0.056573
0.585601 0.056230
0.585983 0.056230
0.586747 0.055887
0.587129 0.055544
0.587893 0.055201
0.588658 0.054858
0.589040 0.054858
0.589804 0.054515
0.590186 0.054172
0.590951 0.053829
0.591715 0.053486
0.592097 0.053486
0.592861 0.053143
0.593626 0.052800
0.594008 0.052457
0.595154 0.051772
0.595536 0.051772
0.596301 0.051429
0.597065 0.051086
0.597829 0.050400
0.598594 0.050057
0.598976 0.050057
0.599740 0.049714
0.600504 0.049371
0.600886 0.049028
0.601651 0.048685
0.602797 0.047999
0.603179 0.047999
0.603944 0.047656
0.604326 0.047313
0.605090 0.046970
0.605854 0.046627
0.606619 0.046627
0.607383 0.046284
0.607765 0.045942
0.608529 0.045599
0.609294 0.045256
0.609676 0.045256
0.610440 0.044913
0.610822 0.044570
0.611586 0.044227
0.612351 0.043884
0.612733 0.043884
0.613497 0.043541
0.614261 0.043198
0.614644 0.042855
0.615408 0.042512
0.615790 0.042512
0.616172 0.041140
[SKELETON]
0.427361 0.110055
0.429273 0.110381
0.429273 0.110381
0.431178 0.110659
0.431178 0.110659
0.433075 0.110892
0.433075 0.110892
0.434965 0.111080
0.434965 0.111080
0.436847 0.111224
0.436847 0.111224
0.438722 0.111326
0.440589 0.111386
0.440589 0.111386
0.442449 0.111406
0.442449 0.111406
0.444302 0.111387
0.444302 0.111387
0.446148 0.111330
0.446148 0.111330
0.447986 0.111236
0.449817 0.111106
0.449817 0.111106
0.451641 0.110942
0.451641 0.110942
0.453458 0.110743
0.453458 0.110743
0.455267 0.110513
0.455267 0.110513
0.457070 0.110251
0.457070 0.110251
0.458866 0.109959
0.460654 0.109638
0.460654 0.109638
0.462436 0.109288
0.462436 0.109288
0.464211 0.108912
0.464211 0.108912
0.465979 0.108510
0.465979 0.108510
0.467740 0.108084
0.467740 0.108084
0.469495 0.107633
0.471243 0.107161
0.471243 0.107161
0.472984 0.106667
0.472984 0.106667
0.474718 0.106153
0.474718 0.106153
0.476446 0.105620
0.476446 0.105620
0.478168 0.105069
0.478168 0.105069
0.479882 0.104501
0.481591 0.103917
0.481591 0.103917
0.483292 0.103318
0.483292 0.103318
0.484988 0.102707
0.484988 0.102707
0.486677 0.102082
0.486677 0.102082
0.488360 0.101447
0.490036 0.100801
0.490036 0.100801
0.491706 0.100146
0.491706 0.100146
0.493370 0.099484
0.493370 0.099484
0.495028 0.098814
0.495028 0.098814
0.496680 0.098139
0.496680 0.098139
0.498326 0.097459
0.499965 0.096776
0.499965 0.096776
0.501599 0.096090
0.501599 0.096090
0.503226 0.095404
0.503226 0.095404
0.504848 0.094717
0.504848 0.094717
0.506464 0.094031
0.506464 0.094031
0.508074 0.093347
0.509678 0.092666
0.509678 0.092666
0.511276 0.091990
0.511276 0.091990
0.512869 0.091319
0.512869 0.091319
0.514679 0.090140
0.514679 0.090140
0.516489 0.088961
0.516489 0.088961
0.518300 0.087782
0.520110 0.086603
0.520110 0.086603
0.521921 0.085424
0.521921 0.085424
0.523731 0.084245
0.523731 0.084245
0.525541 0.083067
0.525541 0.083067
0.527352 0.081888
0.529162 0.080709
0.529162 0.080709
0.530972 0.079530
0.530972 0.079530
0.532783 0.078351
0.532783 0.078351
0.534593 0.077172
0.534593 0.077172
0.536403 0.075993
0.536403 0.075993
0.537855 0.074906
0.539317 0.073843
0.539317 0.073843
0.540790 0.072803
0.540790 0.072803
0.542273 0.071785
0.542273 0.071785
0.543766 0.070790
0.543766 0.070790
0.545269 0.069816
0.545269 0.069816
0.546782 0.068862
0.548304 0.067930
0.548304 0.067930
0.549836 0.067017
0.549836 0.067017
0.551376 0.066124
0.551376 0.066124
0.552926 0.065249
0.552926 0.065249
0.554483 0.064394
0.554483 0.064394
0.556050 0.063556
0.557624 0.062735
0.557624 0.062735
0.559206 0.061932
0.559206 0.061932
0.560795 0.061145
0.560795 0.061145
0.562392 0.060374
0.562392 0.060374
0.563997 0.059619
0.565608 0.058878
0.565608 0.058878
0.567225 0.058153
0.567225 0.058153
0.568850 0.057441
0.568850 0.057441
0.570480 0.056742
0.570480 0.056742
0.572117 0.056057
0.572117 0.056057
0.573759 0.055384
0.575407 0.054723
0.575407 0.054723
0.577060 0.054073
0.577060 0.054073
0.578718 0.053435
0.578718 0.053435
0.580381 0.052807
0.580381 0.052807
0.582048 0.052189
0.582048 0.052189
0.583720 0.051580
0.585396 0.050981
0.585396 0.050981
0.587076 0.050390
0.587076 0.050390
0.588760 0.049807
0.588760 0.049807
0.590447 0.049231
0.590447 0.049231
0.592138 0.048663
0.592138 0.048663
0.593831 0.048101
0.595527 0.047545
0.595527 0.047545
0.597226 0.046994
0.597226 0.046994
0.598927 0.046448
0.598927 0.046448
0.600630 0.045907
0.600630 0.045907
0.602335 0.045370
0.604042 0.044837
0.604042 0.044837
0.605750 0.044306
0.605750 0.044306
0.607459 0.043778
0.607459 0.043778
0.609169 0.043252
0.609169 0.043252
0.610880 0.042728
0.610880 0.042728
0.612591 0.042204
