[CONTOUR]
-0.000330 0.449006
0.000708 0.455526
0.002438 0.457388
0.003475 0.458630
0.005205 0.460493
0.009357 0.464529
0.019736 0.473533
0.020428 0.474464
0.028039 0.480984
0.042570 0.493713
0.045337 0.496508
0.046721 0.498060
0.048105 0.499612
0.049143 0.500854
0.049835 0.501786
0.050527 0.502717
0.051219 0.503649
0.051911 0.504580
0.052257 0.505201
0.052949 0.506132
0.053641 0.507064
0.053987 0.507685
0.054332 0.508306
0.055024 0.509237
0.055370 0.509858
0.055716 0.510479
0.056408 0.511410
0.056754 0.512031
0.057100 0.512652
0.057446 0.513273
0.057792 0.513894
0.058138 0.514515
0.058484 0.515136
0.058830 0.515757
0.059176 0.516378
0.059522 0.517309
0.059868 0.517930
0.060214 0.518551
0.060560 0.519483
0.060906 0.520414
0.061252 0.521345
0.061598 0.521966
0.061944 0.522898
0.062290 0.523829
0.062636 0.524761
0.062982 0.525692
0.063328 0.526623
0.063674 0.527865
0.064020 0.528797
0.064366 0.530039
0.064711 0.531591
0.065057 0.533454
0.065403 0.538421
0.065749 0.548046
0.066095 0.559223
0.066441 0.562328
0.066787 0.563880
0.067133 0.565122
0.067479 0.566364
0.067825 0.567606
0.068171 0.568537
0.068517 0.569158
0.068863 0.570089
0.069209 0.570710
0.069555 0.571331
0.069901 0.571952
0.070247 0.572573
0.070593 0.573194
0.070939 0.573815
0.071631 0.574746
0.071977 0.575367
0.073015 0.576609
0.074399 0.578162
0.079242 0.582819
0.080972 0.584060
0.082702 0.585302
0.084086 0.586234
0.085123 0.586855
0.086161 0.587476
0.087199 0.588097
0.088237 0.588718
0.089275 0.589338
0.090313 0.589959
0.091351 0.590580
0.092389 0.591201
0.093427 0.591822
0.094811 0.592754
0.096540 0.593996
0.098616 0.595548
0.101038 0.597411
0.106227 0.601757
0.108303 0.603931
0.110379 0.606104
0.111417 0.606725
0.112109 0.606414
0.111763 0.604862
0.111417 0.603931
0.111071 0.603310
0.110725 0.602378
0.110379 0.601757
0.110033 0.600826
0.109687 0.600205
0.109341 0.599584
0.108995 0.598963
0.108303 0.598032
0.107957 0.597411
0.107265 0.596479
0.106919 0.595858
0.106227 0.594927
0.105535 0.593996
0.104498 0.592754
0.103114 0.591201
0.100692 0.588718
0.095502 0.584371
0.087545 0.576920
0.086161 0.575367
0.085469 0.574436
0.084777 0.573504
0.084432 0.572884
0.084086 0.572263
0.083740 0.571642
0.083394 0.571021
0.083048 0.570089
0.082702 0.569158
0.082356 0.567916
0.082010 0.566674
0.081664 0.565122
0.081318 0.562638
0.080972 0.540595
0.080626 0.535937
0.080280 0.532833
0.079934 0.530349
0.079588 0.528486
0.079242 0.526623
0.078896 0.525381
0.078550 0.524140
0.078204 0.522587
0.077858 0.521656
0.077512 0.520724
0.077166 0.519483
0.076820 0.518551
0.076474 0.517620
0.076128 0.516688
0.075782 0.516067
0.075436 0.515136
0.075090 0.514515
0.074744 0.513584
0.074399 0.512963
0.074053 0.512342
0.073707 0.511410
0.073361 0.510789
0.073015 0.510168
0.072669 0.509547
0.072323 0.508927
0.071977 0.508306
0.071631 0.507685
0.071285 0.507064
0.070593 0.506132
0.070247 0.505511
0.069901 0.504890
0.069209 0.503959
0.068863 0.503338
0.068171 0.502407
0.067479 0.501475
0.066787 0.500544
0.066095 0.499612
0.065403 0.498681
0.064711 0.497750
0.063674 0.496508
0.062636 0.495266
0.061598 0.494024
0.059868 0.492161
0.049835 0.483468
0.047413 0.481605
0.045337 0.480053
0.043262 0.478500
0.041532 0.477259
0.039456 0.475706
0.037380 0.474154
0.035304 0.472601
0.033575 0.471360
0.031499 0.469807
0.029769 0.468565
0.028039 0.467323
0.026309 0.466082
0.024579 0.464840
0.023196 0.463908
0.021466 0.462666
0.020082 0.461735
0.018352 0.460493
0.017314 0.459872
0.015930 0.458941
0.014546 0.458009
0.013163 0.457078
0.011779 0.456147
0.010049 0.454905
0.008665 0.453973
0.006935 0.452731
0.004859 0.450558
0.004513 0.449006
[SKELETON]
0.002260 0.452797
0.003393 0.453806
0.003393 0.453806
0.004544 0.454812
0.004544 0.454812
0.005711 0.455817
0.006892 0.456821
0.006892 0.456821
0.008088 0.457823
0.009298 0.458825
0.009298 0.458825
0.010519 0.459826
0.010519 0.459826
0.011752 0.460826
0.012996 0.461827
0.012996 0.461827
0.014249 0.462828
0.015511 0.463829
0.015511 0.463829
0.016780 0.464830
0.016780 0.464830
0.018057 0.465833
0.019339 0.466837
0.019339 0.466837
0.020626 0.467843
0.021918 0.468850
0.021918 0.468850
0.023212 0.469859
0.023212 0.469859
0.024509 0.470871
0.025807 0.471885
0.025807 0.471885
0.027106 0.472902
0.028404 0.473921
0.028404 0.473921
0.029701 0.474945
0.029701 0.474945
0.030995 0.475972
0.032286 0.477002
0.032286 0.477002
0.033573 0.478037
0.034855 0.479076
0.034855 0.479076
0.036131 0.480120
0.036131 0.480120
0.037399 0.481169
0.038660 0.482223
0.038660 0.482223
0.039913 0.483282
0.041155 0.484347
0.041155 0.484347
0.042387 0.485418
0.042387 0.485418
0.043607 0.486496
0.044815 0.487579
0.044815 0.487579
0.046010 0.488670
0.047190 0.489768
0.047190 0.489768
0.048355 0.490872
0.048355 0.490872
0.049504 0.491985
0.050636 0.493105
0.050636 0.493105
0.051750 0.494233
0.052845 0.495370
0.052845 0.495370
0.053920 0.496515
0.053920 0.496515
0.054974 0.497669
0.056007 0.498832
0.056007 0.498832
0.057017 0.500005
0.057017 0.500005
0.058004 0.501187
0.058967 0.502379
0.058967 0.502379
0.059904 0.503581
0.060815 0.504794
0.060815 0.504794
0.061698 0.506017
0.061698 0.506017
0.062554 0.507252
0.063381 0.508497
0.063381 0.508497
0.064177 0.509754
0.064943 0.511023
0.064943 0.511023
0.065677 0.512304
0.065677 0.512304
0.066379 0.513597
0.067047 0.514903
0.067047 0.514903
0.067680 0.516222
0.068278 0.517553
0.068278 0.517553
0.068840 0.518898
0.068840 0.518898
0.069364 0.520257
0.069850 0.521629
0.069850 0.521629
0.070297 0.523016
0.070704 0.524416
0.070704 0.524416
0.071070 0.525832
0.071070 0.525832
0.071395 0.527262
0.071679 0.528707
0.071679 0.528707
0.071927 0.530165
0.072140 0.531635
0.072140 0.531635
0.072322 0.533116
0.072322 0.533116
0.072474 0.534607
0.072601 0.536108
0.072601 0.536108
0.072704 0.537617
0.072786 0.539133
0.072786 0.539133
0.072851 0.540655
0.072851 0.540655
0.072900 0.542182
0.072937 0.543714
0.072937 0.543714
0.072965 0.545249
0.072985 0.546787
0.072985 0.546787
0.073003 0.548325
0.073003 0.548325
0.073023 0.549861
0.073052 0.551395
0.073052 0.551395
0.073095 0.552923
0.073095 0.552923
0.073158 0.554443
0.073246 0.555953
0.073246 0.555953
0.073366 0.557452
0.073523 0.558936
0.073523 0.558936
0.073723 0.560404
0.073723 0.560404
0.073971 0.561854
0.074274 0.563283
0.074274 0.563283
0.074637 0.564690
0.075066 0.566072
0.075066 0.566072
0.075562 0.567428
0.075562 0.567428
0.076123 0.568760
0.076747 0.570067
0.076747 0.570067
0.077432 0.571351
0.078175 0.572611
0.078175 0.572611
0.078975 0.573849
0.078975 0.573849
0.079830 0.575065
0.080736 0.576260
0.080736 0.576260
0.081692 0.577434
0.082696 0.578587
0.082696 0.578587
0.083746 0.579722
0.083746 0.579722
0.084839 0.580837
0.085973 0.581933
0.085973 0.581933
0.087147 0.583012
0.088357 0.584074
0.088357 0.584074
0.089602 0.585119
0.089602 0.585119
0.090877 0.586149
0.092175 0.587168
0.092175 0.587168
0.093491 0.588179
0.094817 0.589185
0.094817 0.589185
0.096148 0.590189
0.096148 0.590189
0.097478 0.591195
0.098799 0.592204
0.098799 0.592204
0.100105 0.593222
0.101391 0.594250
0.101391 0.594250
0.102649 0.595292
0.102649 0.595292
0.103873 0.596352
0.105058 0.597431
0.105058 0.597431
0.106196 0.598534
0.107282 0.599664
0.107282 0.599664
0.108308 0.600823
0.108308 0.600823
0.109270 0.602015
