[CONTOUR]
0.763245 0.255769
0.762302 0.257452
0.761988 0.258293
0.761988 0.258714
0.761674 0.259555
0.761360 0.260397
0.761045 0.261238
0.760417 0.262079
0.760102 0.262921
0.759788 0.263762
0.759474 0.264603
0.759474 0.265024
0.759159 0.265865
0.758845 0.266707
0.758531 0.267548
0.757902 0.268389
0.757588 0.269231
0.757274 0.270072
0.756959 0.270913
0.756645 0.271755
0.756645 0.272175
0.756331 0.273017
0.756017 0.273858
0.755702 0.274700
0.755388 0.275120
0.755074 0.275962
0.754759 0.277224
0.754445 0.278486
0.754445 0.278906
0.754131 0.280168
0.753816 0.281010
0.753502 0.282692
0.753188 0.283113
0.752874 0.284796
0.752559 0.286058
0.752245 0.287320
0.752245 0.287740
0.751931 0.288582
0.751616 0.289844
0.751302 0.290685
0.750988 0.291526
0.750673 0.291947
0.750359 0.292788
0.750045 0.293630
0.749731 0.294471
0.749731 0.294892
0.749416 0.295733
0.749102 0.296575
0.748788 0.297416
0.748159 0.298257
0.747845 0.299519
0.747531 0.300361
0.747216 0.301202
0.747216 0.302043
0.746902 0.303305
0.746588 0.304147
0.746273 0.304988
0.744702 0.305829
0.744702 0.344952
0.745959 0.345373
0.746273 0.346214
0.746588 0.347897
0.746588 0.349579
0.746902 0.351683
0.747216 0.355048
0.747531 0.359255
0.747845 0.359675
0.748159 0.363462
0.748473 0.374399
0.748788 0.381971
0.748788 0.391647
0.749102 0.397957
0.749416 0.405529
0.749731 0.409736
0.750045 0.412680
0.750359 0.413101
0.750673 0.415625
0.750988 0.417728
0.751302 0.419411
0.751302 0.420673
0.751616 0.421935
0.751931 0.423197
0.752245 0.424459
0.752559 0.424880
0.752874 0.425721
0.753188 0.426563
0.753502 0.427825
0.753502 0.428245
0.753816 0.429087
0.754131 0.429928
0.754759 0.431190
0.755074 0.432031
0.755702 0.432873
0.756331 0.434135
0.757274 0.435817
0.758217 0.437500
0.758217 0.437921
0.759474 0.440024
0.760417 0.441707
0.761988 0.444231
0.763874 0.446755
0.765760 0.449700
0.768274 0.453486
0.772046 0.458954
0.772046 0.459375
0.777389 0.466106
0.778017 0.468209
0.780532 0.466947
0.781474 0.465685
0.781789 0.464844
0.782417 0.463582
0.783360 0.461899
0.781789 0.461058
0.781789 0.460216
0.781474 0.458954
0.781160 0.458113
0.780846 0.457272
0.780532 0.456851
0.780217 0.456010
0.779903 0.454748
0.779589 0.453906
0.779589 0.453486
0.779274 0.452644
0.778646 0.451382
0.778332 0.450541
0.778017 0.450120
0.777703 0.449279
0.777074 0.448017
0.776760 0.447175
0.776131 0.445913
0.776131 0.445493
0.775817 0.444651
0.775189 0.443389
0.774874 0.442548
0.774560 0.442127
0.773931 0.440865
0.773303 0.439603
0.772989 0.438762
0.772989 0.438341
0.772360 0.437079
0.771731 0.435817
0.771417 0.434976
0.770788 0.434135
0.770160 0.432873
0.769531 0.431611
0.768903 0.430349
0.768274 0.429087
0.768274 0.428666
0.767645 0.427404
0.767331 0.426563
0.766703 0.425300
0.766388 0.424880
0.766074 0.424038
0.765760 0.423197
0.765131 0.421935
0.765131 0.421514
0.764817 0.420252
0.764503 0.419411
0.764188 0.418149
0.763874 0.417728
0.763560 0.416466
0.763245 0.414784
0.762931 0.412260
0.762617 0.408894
0.762617 0.405108
0.762302 0.400060
0.761988 0.392488
0.761674 0.382392
0.761360 0.381971
0.761045 0.369772
0.760731 0.360096
0.760417 0.354207
0.760417 0.350841
0.760102 0.347476
0.759788 0.344111
0.759474 0.339904
0.759159 0.339483
0.758845 0.336118
0.758531 0.332332
0.758217 0.327284
0.758217 0.312139
0.758531 0.308353
0.758845 0.303726
0.759159 0.300361
0.759474 0.297416
0.759788 0.296995
0.760102 0.294050
0.760417 0.291526
0.760731 0.289002
0.760731 0.285637
0.761045 0.281851
0.761360 0.278486
0.761674 0.275541
0.761988 0.275120
0.762302 0.271755
0.762617 0.268810
0.762931 0.265865
0.762931 0.263762
0.763245 0.260817
0.763560 0.256190
[SKELETON]
0.761302 0.263781
0.760928 0.265657
0.760928 0.265657
0.760552 0.267548
0.760552 0.267548
0.760174 0.269454
0.760174 0.269454
0.759793 0.271370
0.759793 0.271370
0.759409 0.273295
0.759409 0.273295
0.759023 0.275227
0.759023 0.275227
0.758632 0.277163
0.758632 0.277163
0.758237 0.279101
0.757838 0.281038
0.757838 0.281038
0.757434 0.282974
0.757434 0.282974
0.757025 0.284904
0.757025 0.284904
0.756610 0.286827
0.756610 0.286827
0.756189 0.288741
0.756189 0.288741
0.755763 0.290645
0.755763 0.290645
0.755334 0.292538
0.755334 0.292538
0.754907 0.294422
0.754485 0.296299
0.754485 0.296299
0.754073 0.298170
0.754073 0.298170
0.753674 0.300037
0.753674 0.300037
0.753292 0.301900
0.753292 0.301900
0.752932 0.303762
0.752932 0.303762
0.752597 0.305623
0.752597 0.305623
0.752291 0.307486
0.752291 0.307486
0.752018 0.309350
0.751782 0.311219
0.751782 0.311219
0.751586 0.313092
0.751586 0.313092
0.751435 0.314972
0.751435 0.314972
0.751326 0.316858
0.751326 0.316858
0.751257 0.318750
0.751257 0.318750
0.751225 0.320648
0.751225 0.320648
0.751227 0.322552
0.751227 0.322552
0.751262 0.324461
0.751262 0.324461
0.751325 0.326375
0.751415 0.328294
0.751415 0.328294
0.751529 0.330218
0.751529 0.330218
0.751665 0.332147
0.751665 0.332147
0.751819 0.334080
0.751819 0.334080
0.751989 0.336016
0.751989 0.336016
0.752172 0.337957
0.752172 0.337957
0.752366 0.339901
0.752366 0.339901
0.752568 0.341849
0.752776 0.343800
0.752776 0.343800
0.752986 0.345753
0.752986 0.345753
0.753196 0.347709
0.753196 0.347709
0.753404 0.349668
0.753404 0.349668
0.753607 0.351629
0.753607 0.351629
0.753802 0.353592
0.753802 0.353592
0.753986 0.355556
0.753986 0.355556
0.754158 0.357523
0.754313 0.359490
0.754313 0.359490
0.754450 0.361459
0.754450 0.361459
0.754566 0.363428
0.754566 0.363428
0.754662 0.365398
0.754662 0.365398
0.754739 0.367368
0.754739 0.367368
0.754799 0.369339
0.754799 0.369339
0.754847 0.371310
0.754847 0.371310
0.754882 0.373281
0.754909 0.375251
0.754909 0.375251
0.754929 0.377221
0.754929 0.377221
0.754946 0.379191
0.754946 0.379191
0.754960 0.381159
0.754960 0.381159
0.754975 0.383127
0.754975 0.383127
0.754993 0.385093
0.754993 0.385093
0.755017 0.387058
0.755017 0.387058
0.755049 0.389022
0.755091 0.390984
0.755091 0.390984
0.755145 0.392944
0.755145 0.392944
0.755215 0.394902
0.755215 0.394902
0.755302 0.396858
0.755302 0.396858
0.755409 0.398811
0.755409 0.398811
0.755538 0.400762
0.755538 0.400762
0.755692 0.402710
0.755692 0.402710
0.755872 0.404655
0.756083 0.406597
0.756083 0.406597
0.756325 0.408536
0.756325 0.408536
0.756601 0.410471
0.756601 0.410471
0.756915 0.412402
0.756915 0.412402
0.757266 0.414330
0.757266 0.414330
0.757657 0.416251
0.757657 0.416251
0.758086 0.418164
0.758086 0.418164
0.758553 0.420066
0.758553 0.420066
0.759059 0.421956
0.759604 0.423831
0.759604 0.423831
0.760186 0.425689
0.760186 0.425689
0.760807 0.427528
0.760807 0.427528
0.761466 0.429346
0.761466 0.429346
0.762162 0.431141
0.762162 0.431141
0.762896 0.432910
0.762896 0.432910
0.763668 0.434652
0.763668 0.434652
0.764478 0.436364
0.765325 0.438043
0.765325 0.438043
0.766207 0.439691
0.766207 0.439691
0.767120 0.441312
0.767120 0.441312
0.768055 0.442910
0.768055 0.442910
0.769008 0.444493
0.769008 0.444493
0.769972 0.446065
0.769972 0.446065
0.770939 0.447632
0.770939 0.447632
0.771904 0.449200
0.772860 0.450774
0.772860 0.450774
0.773800 0.452360
0.773800 0.452360
0.774718 0.453963
0.774718 0.453963
0.775609 0.455590
0.775609 0.455590
0.776464 0.457245
0.776464 0.457245
0.777278 0.458934
0.777278 0.458934
0.778044 0.460664
0.778044 0.460664
0.778756 0.462439
