[CONTOUR]
0.838221 0.814379
0.837835 0.815767
0.836675 0.816114
0.834355 0.816461
0.832035 0.816808
0.828168 0.817155
0.826621 0.817502
0.824688 0.817849
0.823141 0.818196
0.821208 0.818543
0.819661 0.818890
0.818115 0.819237
0.816181 0.819584
0.815021 0.819931
0.813475 0.820278
0.811928 0.820972
0.810768 0.821319
0.809221 0.821666
0.808061 0.822013
0.806901 0.822360
0.805741 0.822707
0.804195 0.823054
0.803421 0.823401
0.802261 0.823748
0.799941 0.824095
0.799168 0.824442
0.798008 0.824789
0.796848 0.825136
0.795301 0.825483
0.794528 0.825830
0.793755 0.826177
0.792595 0.826524
0.791435 0.826871
0.790661 0.827218
0.789115 0.827912
0.788341 0.828259
0.787181 0.828606
0.786408 0.828953
0.785634 0.829300
0.784474 0.829647
0.783701 0.829994
0.782928 0.830341
0.782154 0.830688
0.780221 0.831035
0.779448 0.831382
0.778288 0.831729
0.777514 0.832076
0.776354 0.832423
0.775194 0.832770
0.774421 0.833117
0.773261 0.833464
0.772101 0.833811
0.770941 0.834158
0.769394 0.834852
0.768234 0.835199
0.767074 0.835546
0.765914 0.835893
0.764754 0.836240
0.763594 0.836587
0.762048 0.836934
0.760501 0.837281
0.759341 0.837628
0.756634 0.837975
0.755474 0.838322
0.753928 0.838669
0.752381 0.839016
0.750448 0.839363
0.748901 0.839710
0.747354 0.840057
0.745808 0.840404
0.743874 0.840751
0.742328 0.841098
0.740008 0.841792
0.738074 0.842139
0.736141 0.842486
0.734594 0.842833
0.733048 0.843180
0.731501 0.843527
0.729568 0.843874
0.728021 0.844221
0.726474 0.844568
0.723768 0.844915
0.722608 0.845262
0.721448 0.845609
0.719901 0.845956
0.718741 0.846303
0.717581 0.846650
0.716034 0.846997
0.714874 0.847344
0.713328 0.847691
0.712168 0.848038
0.710234 0.848732
0.708688 0.849079
0.707528 0.849426
0.706368 0.849773
0.705208 0.850120
0.704048 0.850467
0.704434 0.851161
0.705594 0.851508
0.706368 0.851855
0.729181 0.851855
0.733821 0.851508
0.738461 0.851161
0.741168 0.850814
0.743874 0.850467
0.746581 0.850120
0.748901 0.849773
0.751221 0.849426
0.753154 0.849079
0.755861 0.848385
0.757794 0.848038
0.759341 0.847691
0.761274 0.847344
0.762821 0.846997
0.764368 0.846650
0.765914 0.846303
0.767461 0.845956
0.769008 0.845609
0.770554 0.845262
0.772488 0.844915
0.774034 0.844568
0.775194 0.844221
0.776354 0.843874
0.777514 0.843527
0.778674 0.843180
0.779834 0.842833
0.780994 0.842486
0.781768 0.842139
0.783314 0.841445
0.784474 0.841098
0.785634 0.840751
0.786408 0.840404
0.787568 0.840057
0.788728 0.839710
0.789501 0.839363
0.790661 0.839016
0.791821 0.838669
0.792595 0.838322
0.794141 0.837975
0.795301 0.837628
0.796461 0.837281
0.797235 0.836934
0.798395 0.836587
0.799555 0.836240
0.800328 0.835893
0.801488 0.835546
0.802648 0.835199
0.804195 0.834505
0.804968 0.834158
0.806128 0.833811
0.807288 0.833464
0.808448 0.833117
0.809608 0.832770
0.810768 0.832423
0.811928 0.832076
0.813475 0.831729
0.814635 0.831382
0.816568 0.831035
0.818115 0.830688
0.819661 0.830341
0.820821 0.829994
0.822755 0.829647
0.824301 0.829300
0.825848 0.828953
0.827395 0.828606
0.828941 0.828259
0.831261 0.827565
0.833195 0.827218
0.835128 0.826871
0.837061 0.826524
0.839381 0.826177
0.841701 0.825830
0.843635 0.825483
0.845955 0.825136
0.848275 0.824789
0.850595 0.824442
0.854848 0.824095
0.857555 0.823748
0.864901 0.823401
0.871861 0.823054
0.881528 0.822707
0.886555 0.822360
0.889261 0.822013
0.891581 0.821666
0.893515 0.821319
0.896222 0.820625
0.897768 0.820278
0.899702 0.819931
0.900862 0.819584
0.902408 0.818890
0.903182 0.818543
0.903568 0.818196
0.901635 0.817849
0.893515 0.817502
0.887715 0.817155
0.883461 0.816808
0.880755 0.816461
0.878435 0.816114
0.877275 0.815767
0.876888 0.814379
[SKELETON]
0.896769 0.820210
0.894899 0.820020
0.894899 0.820020
0.893030 0.819840
0.893030 0.819840
0.891162 0.819671
0.891162 0.819671
0.889295 0.819514
0.889295 0.819514
0.887430 0.819368
0.887430 0.819368
0.885566 0.819233
0.885566 0.819233
0.883703 0.819111
0.883703 0.819111
0.881842 0.819002
0.879983 0.818906
0.879983 0.818906
0.878125 0.818823
0.878125 0.818823
0.876269 0.818753
0.876269 0.818753
0.874416 0.818698
0.874416 0.818698
0.872564 0.818657
0.872564 0.818657
0.870715 0.818630
0.870715 0.818630
0.868867 0.818619
0.868867 0.818619
0.867023 0.818624
0.865180 0.818644
0.865180 0.818644
0.863341 0.818680
0.863341 0.818680
0.861504 0.818733
0.861504 0.818733
0.859669 0.818802
0.859669 0.818802
0.857838 0.818889
0.857838 0.818889
0.856009 0.818994
0.856009 0.818994
0.854184 0.819116
0.854184 0.819116
0.852362 0.819256
0.850543 0.819416
0.850543 0.819416
0.848727 0.819594
0.848727 0.819594
0.846915 0.819791
0.846915 0.819791
0.845106 0.820007
0.845106 0.820007
0.843301 0.820241
0.843301 0.820241
0.841499 0.820493
0.841499 0.820493
0.839701 0.820762
0.839701 0.820762
0.837906 0.821047
0.837906 0.821047
0.836114 0.821348
0.834326 0.821665
0.834326 0.821665
0.832541 0.821997
0.832541 0.821997
0.830760 0.822344
0.830760 0.822344
0.828982 0.822704
0.828982 0.822704
0.827207 0.823079
0.827207 0.823079
0.825436 0.823466
0.825436 0.823466
0.823669 0.823866
0.823669 0.823866
0.821904 0.824277
0.820143 0.824701
0.820143 0.824701
0.818386 0.825135
0.818386 0.825135
0.816632 0.825580
0.816632 0.825580
0.814881 0.826035
0.814881 0.826035
0.813134 0.826499
0.813134 0.826499
0.811390 0.826973
0.811390 0.826973
0.809649 0.827454
0.809649 0.827454
0.807912 0.827944
0.806179 0.828441
0.806179 0.828441
0.804448 0.828946
0.804448 0.828946
0.802721 0.829456
0.802721 0.829456
0.800998 0.829973
0.800998 0.829973
0.799277 0.830495
0.799277 0.830495
0.797559 0.831021
0.797559 0.831021
0.795844 0.831552
0.795844 0.831552
0.794131 0.832086
0.792419 0.832622
0.792419 0.832622
0.790709 0.833160
0.790709 0.833160
0.789000 0.833700
0.789000 0.833700
0.787292 0.834240
0.787292 0.834240
0.785585 0.834780
0.785585 0.834780
0.783877 0.835319
0.783877 0.835319
0.782169 0.835857
0.782169 0.835857
0.780461 0.836392
0.778751 0.836925
0.778751 0.836925
0.777041 0.837454
0.777041 0.837454
0.775329 0.837979
0.775329 0.837979
0.773615 0.838499
0.773615 0.838499
0.771898 0.839014
0.771898 0.839014
0.770179 0.839522
0.770179 0.839522
0.768457 0.840024
0.768457 0.840024
0.766732 0.840518
0.765004 0.841004
0.765004 0.841004
0.763271 0.841481
0.763271 0.841481
0.761534 0.841948
0.761534 0.841948
0.759793 0.842405
0.759793 0.842405
0.758047 0.842851
0.758047 0.842851
0.756295 0.843285
0.756295 0.843285
0.754538 0.843707
0.754538 0.843707
0.752775 0.844117
0.752775 0.844117
0.751006 0.844513
0.749232 0.844897
0.749232 0.844897
0.747452 0.845269
0.747452 0.845269
0.745666 0.845628
0.745666 0.845628
0.743875 0.845976
0.743875 0.845976
0.742079 0.846311
0.742079 0.846311
0.740277 0.846635
0.740277 0.846635
0.738471 0.846947
0.738471 0.846947
0.736659 0.847248
0.734842 0.847537
0.734842 0.847537
0.733021 0.847815
0.733021 0.847815
0.731195 0.848083
0.731195 0.848083
0.729364 0.848339
0.729364 0.848339
0.727528 0.848585
0.727528 0.848585
0.725688 0.848820
0.725688 0.848820
0.723843 0.849045
0.723843 0.849045
0.721994 0.849260
0.720141 0.849465
0.720141 0.849465
0.718284 0.849661
0.718284 0.849661
0.716423 0.849846
0.716423 0.849846
0.714558 0.850022
0.714558 0.850022
0.712689 0.850189
0.712689 0.850189
0.710816 0.850346
0.710816 0.850346
0.708939 0.850495
0.708939 0.850495
0.707059 0.850635
