[CONTOUR]
0.543858 0.245355
0.543496 0.250192
0.543135 0.277284
0.542773 0.281638
0.542412 0.284056
0.542051 0.285992
0.541689 0.287927
0.541328 0.289378
0.540966 0.290829
0.540605 0.291797
0.540243 0.292764
0.539882 0.293732
0.539159 0.295183
0.537713 0.297602
0.535906 0.300505
0.535906 0.300989
0.527593 0.312599
0.525786 0.315502
0.524701 0.317437
0.523617 0.319372
0.522894 0.320823
0.522533 0.321791
0.521810 0.323242
0.521448 0.324210
0.521087 0.325177
0.520726 0.326145
0.520364 0.327112
0.520003 0.328080
0.519641 0.329047
0.518918 0.330499
0.517111 0.331466
0.518557 0.365331
0.518918 0.366298
0.519641 0.367749
0.520003 0.368717
0.520364 0.369684
0.520726 0.370652
0.521087 0.371620
0.521448 0.372587
0.522171 0.374038
0.522894 0.375490
0.523617 0.376941
0.524340 0.378392
0.525786 0.380328
0.527232 0.382746
0.528677 0.385165
0.531207 0.389035
0.534099 0.393389
0.537352 0.398227
0.538798 0.400646
0.540243 0.403065
0.540966 0.404516
0.541689 0.405968
0.542051 0.406935
0.542412 0.407903
0.542773 0.408870
0.543135 0.409838
0.543496 0.411289
0.543858 0.412257
0.544219 0.413224
0.544581 0.414675
0.544942 0.418062
0.545304 0.423383
0.544942 0.430156
0.544581 0.436929
0.544219 0.440316
0.543858 0.442734
0.543496 0.445153
0.543135 0.447572
0.542773 0.453861
0.543135 0.466439
0.543496 0.470309
0.543496 0.471277
0.543858 0.473212
0.544219 0.474663
0.544581 0.476599
0.544942 0.477566
0.545304 0.479017
0.545665 0.479985
0.546026 0.480953
0.546388 0.481920
0.546749 0.482888
0.547111 0.483855
0.547472 0.484823
0.547834 0.485790
0.548195 0.486758
0.548918 0.488209
0.550725 0.492563
0.554340 0.491112
0.554701 0.490144
0.555424 0.482404
0.555062 0.471277
0.555424 0.465472
0.555785 0.459666
0.556147 0.457248
0.556508 0.454829
0.556870 0.452410
0.557231 0.449991
0.557592 0.448056
0.557954 0.446121
0.558315 0.445637
0.558677 0.443218
0.559038 0.440799
0.559400 0.438864
0.559761 0.436929
0.560123 0.434510
0.560484 0.433059
0.561568 0.418062
0.560123 0.417578
0.559761 0.416127
0.559400 0.414192
0.559038 0.412740
0.558677 0.411773
0.558315 0.409838
0.557954 0.408386
0.557592 0.407419
0.557231 0.405968
0.556870 0.405000
0.556508 0.403549
0.555785 0.402097
0.555424 0.400646
0.554701 0.399195
0.554340 0.398227
0.553978 0.397260
0.553255 0.395808
0.552532 0.394357
0.551809 0.392906
0.551087 0.391454
0.551087 0.390971
0.550002 0.389035
0.548918 0.387100
0.547472 0.384681
0.545665 0.381779
0.543858 0.378876
0.541689 0.375490
0.540243 0.373071
0.539159 0.371136
0.538075 0.369201
0.537352 0.367749
0.536990 0.366782
0.536268 0.365331
0.535906 0.364363
0.535545 0.363395
0.535183 0.362428
0.534822 0.361460
0.534460 0.360009
0.534099 0.358558
0.533737 0.356623
0.533376 0.355171
0.533015 0.352269
0.532653 0.339691
0.533015 0.337272
0.533376 0.335337
0.533737 0.333885
0.534099 0.332434
0.534460 0.331466
0.534822 0.330499
0.535183 0.330015
0.535545 0.329047
0.535906 0.328080
0.536629 0.326629
0.536990 0.325661
0.538075 0.323726
0.538798 0.322275
0.539882 0.320340
0.541328 0.317921
0.542412 0.315986
0.543496 0.314050
0.544219 0.312599
0.545304 0.310664
0.546026 0.309213
0.546749 0.307761
0.547111 0.306794
0.547834 0.305343
0.548556 0.303891
0.549279 0.301956
0.549641 0.300989
0.550002 0.299537
0.550364 0.298086
0.550725 0.297118
0.551087 0.295667
0.551448 0.293732
0.551809 0.290346
0.551448 0.280670
0.551087 0.277284
0.551087 0.274865
0.550725 0.272930
0.550364 0.271478
0.550002 0.269543
0.549641 0.268092
0.549279 0.266641
0.548918 0.265189
0.548556 0.263738
0.548195 0.261803
0.547834 0.259868
0.547472 0.255998
0.547111 0.252611
0.546749 0.250192
0.546388 0.248741
0.546026 0.245355
[SKELETON]
0.544468 0.251646
0.544790 0.253896
0.544790 0.253896
0.545133 0.256181
0.545133 0.256181
0.545487 0.258493
0.545487 0.258493
0.545841 0.260828
0.546185 0.263178
0.546185 0.263178
0.546508 0.265537
0.546508 0.265537
0.546800 0.267900
0.546800 0.267900
0.547051 0.270259
0.547051 0.270259
0.547251 0.272609
0.547388 0.274944
0.547388 0.274944
0.547453 0.277257
0.547453 0.277257
0.547435 0.279543
0.547435 0.279543
0.547324 0.281794
0.547113 0.284007
0.547113 0.284007
0.546806 0.286183
0.546806 0.286183
0.546410 0.288325
0.546410 0.288325
0.545929 0.290433
0.545929 0.290433
0.545369 0.292512
0.544737 0.294562
0.544737 0.294562
0.544038 0.296587
0.544038 0.296587
0.543278 0.298589
0.543278 0.298589
0.542462 0.300569
0.541598 0.302530
0.541598 0.302530
0.540689 0.304474
0.540689 0.304474
0.539743 0.306404
0.539743 0.306404
0.538765 0.308322
0.538765 0.308322
0.537761 0.310230
0.536737 0.312130
0.536737 0.312130
0.535700 0.314025
0.535700 0.314025
0.534659 0.315916
0.534659 0.315916
0.533622 0.317807
0.532599 0.319700
0.532599 0.319700
0.531597 0.321597
0.531597 0.321597
0.530624 0.323501
0.530624 0.323501
0.529690 0.325413
0.529690 0.325413
0.528803 0.327336
0.527971 0.329273
0.527971 0.329273
0.527202 0.331226
0.527202 0.331226
0.526506 0.333197
0.526506 0.333197
0.525891 0.335189
0.525365 0.337204
0.525365 0.337204
0.524937 0.339245
0.524937 0.339245
0.524613 0.341312
0.524613 0.341312
0.524396 0.343404
0.524396 0.343404
0.524281 0.345516
0.524265 0.347642
0.524265 0.347642
0.524347 0.349778
0.524347 0.349778
0.524522 0.351919
0.524522 0.351919
0.524788 0.354060
0.525143 0.356196
0.525143 0.356196
0.525582 0.358323
0.525582 0.358323
0.526104 0.360436
0.526104 0.360436
0.526705 0.362529
0.526705 0.362529
0.527383 0.364598
0.528134 0.366639
0.528134 0.366639
0.528956 0.368645
0.528956 0.368645
0.529845 0.370614
0.529845 0.370614
0.530795 0.372547
0.531798 0.374448
0.531798 0.374448
0.532846 0.376322
0.532846 0.376322
0.533931 0.378173
0.533931 0.378173
0.535046 0.380006
0.535046 0.380006
0.536183 0.381824
0.537333 0.383633
0.537333 0.383633
0.538489 0.385437
0.538489 0.385437
0.539643 0.387240
0.539643 0.387240
0.540787 0.389046
0.541913 0.390860
0.541913 0.390860
0.543014 0.392687
0.543014 0.392687
0.544081 0.394531
0.544081 0.394531
0.545107 0.396396
0.545107 0.396396
0.546084 0.398286
0.547004 0.400206
0.547004 0.400206
0.547864 0.402156
0.547864 0.402156
0.548662 0.404136
0.548662 0.404136
0.549397 0.406143
0.550068 0.408177
0.550068 0.408177
0.550673 0.410235
0.550673 0.410235
0.551210 0.412318
0.551210 0.412318
0.551680 0.414422
0.551680 0.414422
0.552079 0.416547
0.552407 0.418692
0.552407 0.418692
0.552662 0.420855
0.552662 0.420855
0.552843 0.423035
0.552843 0.423035
0.552949 0.425230
0.552979 0.427439
0.552979 0.427439
0.552930 0.429661
0.552930 0.429661
0.552810 0.431895
0.552810 0.431895
0.552628 0.434140
0.552628 0.434140
0.552394 0.436396
0.552117 0.438662
0.552117 0.438662
0.551809 0.440937
0.551809 0.440937
0.551479 0.443221
0.551479 0.443221
0.551136 0.445514
0.550792 0.447814
0.550792 0.447814
0.550455 0.450122
0.550455 0.450122
0.550137 0.452436
0.550137 0.452436
0.549846 0.454756
0.549846 0.454756
0.549593 0.457081
0.549388 0.459411
0.549388 0.459411
0.549238 0.461744
0.549238 0.461744
0.549149 0.464077
0.549149 0.464077
0.549125 0.466409
0.549172 0.468736
0.549172 0.468736
0.549295 0.471056
0.549295 0.471056
0.549501 0.473367
0.549501 0.473367
0.549793 0.475666
0.549793 0.475666
0.550178 0.477950
0.550661 0.480217
0.550661 0.480217
0.551246 0.482465
0.551246 0.482465
0.551941 0.484691
0.551941 0.484691
0.552749 0.486892
