[CONTOUR]
0.135307 0.353868
0.134768 0.355317
0.134499 0.358939
0.133961 0.362802
0.133423 0.364734
0.133154 0.366907
0.132616 0.367873
0.132078 0.369564
0.131809 0.371496
0.131270 0.372703
0.131001 0.374152
0.130463 0.375842
0.129925 0.376808
0.129656 0.378498
0.129118 0.379706
0.128580 0.381879
0.128310 0.383328
0.127772 0.384294
0.127503 0.385743
0.126965 0.387675
0.126427 0.388640
0.126158 0.389848
0.125620 0.390814
0.125081 0.392504
0.124812 0.393711
0.124274 0.394677
0.124005 0.395643
0.123467 0.396851
0.122929 0.397575
0.122660 0.398541
0.122121 0.399265
0.121583 0.400473
0.121045 0.401680
0.120507 0.402405
0.120238 0.403371
0.119431 0.404336
0.118892 0.405302
0.118623 0.406027
0.118085 0.406993
0.117547 0.407959
0.117009 0.408925
0.116471 0.409649
0.115933 0.410615
0.115125 0.411581
0.114318 0.412788
0.113780 0.413754
0.112704 0.414961
0.112165 0.415927
0.111089 0.417376
0.109744 0.418825
0.108936 0.420032
0.107322 0.421723
0.105169 0.424138
0.103555 0.426069
0.098173 0.431140
0.095482 0.433072
0.092791 0.435004
0.091177 0.436211
0.089831 0.436936
0.088217 0.438143
0.087140 0.438626
0.085257 0.439834
0.083911 0.440800
0.083104 0.441041
0.082028 0.441765
0.080952 0.442248
0.080144 0.442490
0.079337 0.442973
0.078530 0.443214
0.077453 0.443697
0.076377 0.444180
0.075570 0.444422
0.074493 0.444905
0.073417 0.445388
0.072341 0.445629
0.071264 0.446112
0.070188 0.446353
0.068574 0.446836
0.067497 0.447319
0.066152 0.447561
0.065076 0.448044
0.063192 0.448527
0.061308 0.448768
0.059963 0.449251
0.057810 0.449493
0.055388 0.449976
0.053505 0.450459
0.050007 0.450700
0.047854 0.451183
0.044087 0.451425
0.040051 0.451907
0.037629 0.452390
0.033593 0.452632
0.031440 0.453115
0.027673 0.453598
0.024713 0.453839
0.023098 0.454322
0.020407 0.454564
0.017717 0.455047
0.016371 0.455530
0.014219 0.455771
0.012873 0.456254
0.010720 0.456737
0.008837 0.456978
0.007760 0.457461
0.005877 0.457703
0.003993 0.458186
0.002648 0.458669
0.001572 0.458910
0.001033 0.459393
0.001302 0.460359
0.005070 0.460601
0.007491 0.461084
0.020138 0.461325
0.037629 0.461325
0.044894 0.460842
0.050007 0.460601
0.052698 0.460118
0.057272 0.459876
0.061577 0.459393
0.063730 0.458910
0.066152 0.458669
0.067497 0.458186
0.069919 0.457703
0.071534 0.457461
0.072879 0.456978
0.074224 0.456737
0.075839 0.456254
0.076915 0.455771
0.078261 0.455530
0.079068 0.455047
0.080413 0.454564
0.081490 0.454322
0.082297 0.453839
0.083373 0.453598
0.084450 0.453115
0.085257 0.452632
0.086064 0.452390
0.086871 0.451907
0.088217 0.451183
0.089024 0.450942
0.090100 0.450217
0.090908 0.449976
0.091984 0.449251
0.093329 0.448527
0.094406 0.448044
0.095751 0.447078
0.096828 0.446595
0.098711 0.445388
0.100864 0.443697
0.102209 0.442973
0.105438 0.440317
0.114318 0.432348
0.115663 0.430657
0.118623 0.427760
0.119431 0.426552
0.120776 0.424862
0.121852 0.423655
0.122391 0.422689
0.123198 0.421723
0.124005 0.420515
0.124543 0.419550
0.125350 0.418584
0.125620 0.417859
0.126427 0.416652
0.127234 0.415686
0.127503 0.414961
0.128041 0.414237
0.128580 0.413271
0.128849 0.412305
0.129387 0.411581
0.129656 0.410615
0.130194 0.409890
0.130732 0.408925
0.131001 0.407959
0.131539 0.406993
0.131809 0.405785
0.132347 0.404578
0.132885 0.403612
0.133154 0.402405
0.133692 0.401197
0.134230 0.399507
0.134499 0.398058
0.135038 0.396851
0.135307 0.394919
0.135845 0.392504
0.136383 0.391297
0.136652 0.389123
0.137190 0.387433
0.137728 0.384294
0.137997 0.380913
0.138536 0.379464
0.138536 0.365942
0.137997 0.363768
0.137459 0.362078
0.137190 0.360146
0.136652 0.358939
0.136114 0.356765
0.135845 0.355075
0.135307 0.354351
[SKELETON]
0.135949 0.358305
0.135955 0.359475
0.135949 0.360642
0.135949 0.360642
0.135930 0.361805
0.135899 0.362965
0.135855 0.364121
0.135855 0.364121
0.135799 0.365273
0.135731 0.366422
0.135651 0.367567
0.135559 0.368709
0.135559 0.368709
0.135455 0.369847
0.135340 0.370981
0.135214 0.372112
0.135076 0.373239
0.135076 0.373239
0.134927 0.374363
0.134766 0.375483
0.134595 0.376599
0.134595 0.376599
0.134413 0.377712
0.134221 0.378822
0.134018 0.379927
0.133804 0.381029
0.133804 0.381029
0.133580 0.382128
0.133345 0.383224
0.133098 0.384316
0.132840 0.385405
0.132840 0.385405
0.132570 0.386492
0.132288 0.387575
0.131994 0.388656
0.131994 0.388656
0.131688 0.389735
0.131369 0.390811
0.131037 0.391885
0.130693 0.392956
0.130693 0.392956
0.130334 0.394026
0.129963 0.395094
0.129578 0.396160
0.129578 0.396160
0.129178 0.397224
0.128765 0.398288
0.128337 0.399349
0.127894 0.400410
0.127894 0.400410
0.127437 0.401469
0.126965 0.402526
0.126479 0.403581
0.125978 0.404634
0.125978 0.404634
0.125463 0.405684
0.124933 0.406731
0.124390 0.407775
0.124390 0.407775
0.123832 0.408814
0.123260 0.409850
0.122674 0.410881
0.122074 0.411908
0.122074 0.411908
0.121460 0.412929
0.120832 0.413945
0.120191 0.414955
0.119536 0.415958
0.119536 0.415958
0.118867 0.416956
0.118185 0.417946
0.117489 0.418929
0.117489 0.418929
0.116781 0.419905
0.116058 0.420873
0.115323 0.421832
0.114574 0.422783
0.114574 0.422783
0.113813 0.423726
0.113038 0.424658
0.112251 0.425582
0.112251 0.425582
0.111451 0.426495
0.110638 0.427398
0.109812 0.428291
0.108973 0.429172
0.108973 0.429172
0.108123 0.430043
0.107259 0.430901
0.106383 0.431748
0.105495 0.432582
0.105495 0.432582
0.104595 0.433404
0.103683 0.434213
0.102758 0.435008
0.102758 0.435008
0.101821 0.435790
0.100873 0.436557
0.099912 0.437310
0.098940 0.438049
0.098940 0.438049
0.097956 0.438772
0.096961 0.439481
0.095953 0.440173
0.094935 0.440849
0.094935 0.440849
0.093905 0.441510
0.092864 0.442154
0.091812 0.442783
0.091812 0.442783
0.090750 0.443396
0.089677 0.443994
0.088595 0.444577
0.087503 0.445144
0.087503 0.445144
0.086401 0.445697
0.085290 0.446234
0.084170 0.446757
0.083041 0.447264
0.083041 0.447264
0.081903 0.447758
0.080758 0.448237
0.079604 0.448702
0.079604 0.448702
0.078442 0.449152
0.077273 0.449589
0.076097 0.450012
0.074914 0.450420
0.074914 0.450420
0.073724 0.450816
0.072527 0.451198
0.071324 0.451566
0.071324 0.451566
0.070115 0.451921
0.068900 0.452264
0.067680 0.452593
0.066454 0.452909
0.066454 0.452909
0.065224 0.453213
0.063988 0.453504
0.062748 0.453782
0.061504 0.454049
0.061504 0.454049
0.060255 0.454303
0.059003 0.454545
0.057748 0.454775
0.057748 0.454775
0.056489 0.454993
0.055226 0.455200
0.053962 0.455395
0.052694 0.455578
0.052694 0.455578
0.051424 0.455751
0.050153 0.455912
0.048879 0.456062
0.047604 0.456202
0.047604 0.456202
0.046327 0.456332
0.045048 0.456452
0.043768 0.456565
0.043768 0.456565
0.042487 0.456669
0.041205 0.456767
0.039921 0.456859
0.038637 0.456945
0.038637 0.456945
0.037351 0.457026
0.036064 0.457103
0.034777 0.457176
0.034777 0.457176
0.033489 0.457247
0.032200 0.457316
0.030910 0.457383
0.029620 0.457450
0.029620 0.457450
0.028330 0.457517
0.027039 0.457585
0.025748 0.457655
0.024457 0.457727
0.024457 0.457727
0.023166 0.457802
0.021874 0.457880
0.020583 0.457963
0.020583 0.457963
0.019292 0.458051
0.018001 0.458145
0.016711 0.458246
0.015421 0.458353
0.015421 0.458353
0.014131 0.458469
0.012842 0.458593
0.011553 0.458727
0.010266 0.458871
0.010266 0.458871
0.008979 0.459026
0.007693 0.459192
0.006408 0.459370
0.006408 0.459370
0.005124 0.459562
0.003841 0.459767
