[CONTOUR]
0.729323 0.166705
0.732435 0.169846
0.736713 0.173336
0.744103 0.179269
0.748770 0.182760
0.753437 0.186250
0.756548 0.188693
0.759660 0.190787
0.761216 0.191485
0.763938 0.193231
0.765883 0.194627
0.768216 0.196023
0.769772 0.196721
0.772106 0.198117
0.773661 0.199164
0.775995 0.200560
0.777551 0.201258
0.779495 0.202305
0.781051 0.203352
0.782996 0.204399
0.784551 0.205097
0.786496 0.206144
0.788052 0.207192
0.789996 0.208239
0.791163 0.208588
0.793108 0.209635
0.794275 0.210333
0.796997 0.211729
0.798164 0.212078
0.799720 0.212776
0.801275 0.213474
0.802442 0.214172
0.803998 0.214870
0.805165 0.215219
0.806720 0.215917
0.807887 0.216615
0.809832 0.217313
0.810999 0.217662
0.812943 0.218360
0.814110 0.219058
0.816055 0.219756
0.817221 0.220106
0.819166 0.220804
0.820333 0.221502
0.822277 0.222200
0.823833 0.222549
0.826167 0.223247
0.827723 0.223945
0.829667 0.224643
0.831612 0.224992
0.833556 0.225690
0.835112 0.226388
0.837446 0.227086
0.839001 0.227435
0.841335 0.228133
0.842891 0.228831
0.845224 0.229529
0.847558 0.230227
0.849891 0.230576
0.852225 0.231274
0.853781 0.231972
0.856503 0.232670
0.858448 0.233019
0.861170 0.233718
0.862726 0.234416
0.865838 0.235114
0.868171 0.235463
0.871283 0.236161
0.873227 0.236859
0.875561 0.237557
0.878283 0.237906
0.881006 0.238604
0.882950 0.239302
0.885284 0.240000
0.887229 0.240349
0.889562 0.241047
0.891118 0.241745
0.893840 0.242443
0.896174 0.242792
0.899674 0.243490
0.901619 0.244188
0.904730 0.244886
0.907453 0.245235
0.910564 0.245933
0.924566 0.247330
0.923010 0.245584
0.920677 0.244537
0.918343 0.244188
0.916398 0.243490
0.914843 0.242792
0.912898 0.242094
0.911731 0.241745
0.910175 0.241047
0.909009 0.240349
0.907453 0.239651
0.906286 0.239302
0.904730 0.238604
0.903564 0.237906
0.902008 0.237208
0.900841 0.236859
0.899285 0.236161
0.898119 0.235463
0.896563 0.234765
0.895396 0.234416
0.893840 0.233718
0.892285 0.233019
0.890729 0.232321
0.889173 0.231972
0.887229 0.231274
0.885673 0.230576
0.883728 0.229878
0.882173 0.229529
0.880228 0.228831
0.878672 0.228133
0.876339 0.227435
0.874394 0.226737
0.872449 0.226388
0.870116 0.225690
0.868560 0.224992
0.866615 0.224294
0.864671 0.223945
0.862726 0.223247
0.861559 0.222549
0.859226 0.221851
0.857670 0.221502
0.855336 0.220804
0.853781 0.220106
0.851836 0.219407
0.850280 0.219058
0.847947 0.218360
0.846780 0.217662
0.844835 0.216964
0.843280 0.216615
0.841335 0.215917
0.839779 0.215219
0.837835 0.214521
0.836279 0.214172
0.834334 0.213474
0.833168 0.212776
0.831223 0.212078
0.829667 0.211729
0.827723 0.211031
0.826556 0.210333
0.824611 0.209635
0.822666 0.208937
0.821111 0.208588
0.819555 0.207890
0.817999 0.207192
0.816055 0.206494
0.814499 0.206144
0.812554 0.205446
0.811387 0.204748
0.809832 0.204050
0.808276 0.203701
0.806720 0.203003
0.805554 0.202305
0.803609 0.201607
0.802053 0.201258
0.800497 0.200560
0.799331 0.199862
0.797775 0.199164
0.796608 0.198815
0.795052 0.198117
0.793497 0.197070
0.791941 0.196372
0.790774 0.196023
0.789219 0.195325
0.787663 0.194278
0.786107 0.193580
0.784940 0.193231
0.782996 0.192183
0.781051 0.191136
0.779884 0.190438
0.777940 0.189391
0.776773 0.189042
0.774439 0.187646
0.773272 0.186948
0.771328 0.185901
0.769772 0.185203
0.767827 0.184156
0.766272 0.183109
0.764327 0.182062
0.763160 0.181713
0.760827 0.180317
0.759271 0.179269
0.757326 0.178222
0.756160 0.177873
0.754215 0.176826
0.752659 0.175779
0.750715 0.174732
0.749548 0.174383
0.747603 0.173336
0.746436 0.172638
0.744492 0.171591
0.743325 0.171242
0.741769 0.170544
0.740602 0.169846
0.739047 0.169148
0.737880 0.168799
0.736324 0.166705
[SKELETON]
0.734180 0.167546
0.735619 0.168687
0.735619 0.168687
0.737065 0.169814
0.737065 0.169814
0.738516 0.170929
0.738516 0.170929
0.739973 0.172031
0.741437 0.173120
0.741437 0.173120
0.742905 0.174197
0.742905 0.174197
0.744380 0.175262
0.744380 0.175262
0.745860 0.176314
0.745860 0.176314
0.747346 0.177355
0.748837 0.178383
0.748837 0.178383
0.750334 0.179400
0.750334 0.179400
0.751836 0.180405
0.751836 0.180405
0.753343 0.181399
0.754855 0.182381
0.754855 0.182381
0.756373 0.183352
0.756373 0.183352
0.757896 0.184312
0.757896 0.184312
0.759424 0.185261
0.759424 0.185261
0.760957 0.186199
0.762495 0.187126
0.762495 0.187126
0.764037 0.188043
0.764037 0.188043
0.765585 0.188950
0.765585 0.188950
0.767137 0.189846
0.768694 0.190732
0.768694 0.190732
0.770256 0.191608
0.770256 0.191608
0.771822 0.192474
0.771822 0.192474
0.773392 0.193331
0.773392 0.193331
0.774967 0.194178
0.776547 0.195016
0.776547 0.195016
0.778130 0.195844
0.778130 0.195844
0.779718 0.196663
0.779718 0.196663
0.781310 0.197473
0.782906 0.198274
0.782906 0.198274
0.784506 0.199067
0.784506 0.199067
0.786111 0.199850
0.786111 0.199850
0.787719 0.200626
0.787719 0.200626
0.789330 0.201393
0.790946 0.202151
0.790946 0.202151
0.792566 0.202902
0.792566 0.202902
0.794189 0.203645
0.794189 0.203645
0.795815 0.204380
0.797445 0.205107
0.797445 0.205107
0.799079 0.205827
0.799079 0.205827
0.800716 0.206540
0.800716 0.206540
0.802357 0.207245
0.802357 0.207245
0.804000 0.207943
0.805647 0.208634
0.805647 0.208634
0.807297 0.209319
0.807297 0.209319
0.808950 0.209996
0.808950 0.209996
0.810607 0.210667
0.812266 0.211332
0.812266 0.211332
0.813928 0.211990
0.813928 0.211990
0.815593 0.212643
0.815593 0.212643
0.817260 0.213289
0.817260 0.213289
0.818931 0.213929
0.820604 0.214564
0.820604 0.214564
0.822279 0.215193
0.822279 0.215193
0.823957 0.215817
0.823957 0.215817
0.825638 0.216435
0.827321 0.217048
0.827321 0.217048
0.829006 0.217656
0.829006 0.217656
0.830693 0.218259
0.830693 0.218259
0.832383 0.218858
0.832383 0.218858
0.834075 0.219452
0.835769 0.220041
0.835769 0.220041
0.837465 0.220626
0.837465 0.220626
0.839163 0.221207
0.839163 0.221207
0.840862 0.221783
0.842564 0.222356
0.842564 0.222356
0.844267 0.222925
0.844267 0.222925
0.845972 0.223490
0.845972 0.223490
0.847679 0.224052
0.847679 0.224052
0.849387 0.224610
0.851097 0.225165
0.851097 0.225165
0.852808 0.225717
0.852808 0.225717
0.854521 0.226266
0.854521 0.226266
0.856234 0.226812
0.857950 0.227356
0.857950 0.227356
0.859666 0.227896
0.859666 0.227896
0.861383 0.228435
0.861383 0.228435
0.863102 0.228971
0.863102 0.228971
0.864821 0.229505
0.866542 0.230037
0.866542 0.230037
0.868263 0.230567
0.868263 0.230567
0.869985 0.231095
0.869985 0.231095
0.871708 0.231622
0.873431 0.232147
0.873431 0.232147
0.875155 0.232671
0.875155 0.232671
0.876880 0.233194
0.876880 0.233194
0.878605 0.233716
0.878605 0.233716
0.880331 0.234237
0.882056 0.234757
0.882056 0.234757
0.883783 0.235276
0.883783 0.235276
0.885509 0.235795
0.885509 0.235795
0.887236 0.236313
0.888962 0.236831
0.888962 0.236831
0.890689 0.237350
0.890689 0.237350
0.892416 0.237868
0.892416 0.237868
0.894143 0.238386
0.894143 0.238386
0.895869 0.238905
0.897595 0.239424
0.897595 0.239424
0.899321 0.239944
0.899321 0.239944
0.901047 0.240464
0.901047 0.240464
0.902772 0.240986
0.904497 0.241508
0.904497 0.241508
0.906221 0.242031
0.906221 0.242031
0.907945 0.242556
0.907945 0.242556
0.909668 0.243082
0.909668 0.243082
0.911391 0.243610
0.913112 0.244140
0.913112 0.244140
0.914833 0.244671
0.914833 0.244671
0.916553 0.245204
0.916553 0.245204
0.918271 0.245739
