[CONTOUR]
0.969747 0.724314
0.969347 0.726828
0.968947 0.727547
0.968546 0.728265
0.968947 0.732934
0.969347 0.738322
0.969747 0.749815
0.970147 0.754844
0.970548 0.760950
0.970948 0.765260
0.971348 0.771006
0.970948 0.788606
0.970548 0.793275
0.970548 0.796149
0.970147 0.799381
0.969747 0.802254
0.969347 0.804769
0.968947 0.807283
0.968546 0.810156
0.968146 0.813030
0.967746 0.815185
0.967346 0.817699
0.966946 0.820572
0.966545 0.823086
0.966145 0.825601
0.965745 0.827397
0.965345 0.829911
0.964944 0.831707
0.964544 0.833502
0.964144 0.835298
0.963744 0.837094
0.963343 0.838890
0.962943 0.840686
0.962543 0.842482
0.962143 0.844278
0.961742 0.846073
0.961342 0.847869
0.960942 0.849306
0.960542 0.849665
0.960142 0.851461
0.959741 0.853257
0.959341 0.854694
0.958941 0.856130
0.958541 0.858285
0.958140 0.860081
0.957740 0.861877
0.957340 0.863314
0.956940 0.865469
0.956539 0.867265
0.956139 0.868701
0.955739 0.870497
0.955339 0.872293
0.954938 0.874448
0.954538 0.875885
0.954138 0.877681
0.953738 0.879476
0.953338 0.881272
0.952937 0.882709
0.952537 0.884505
0.952137 0.885942
0.951737 0.887378
0.951336 0.888815
0.950936 0.890611
0.950936 0.891688
0.950536 0.893484
0.950136 0.894562
0.949735 0.895998
0.949335 0.897435
0.948935 0.898872
0.948535 0.899949
0.948134 0.901027
0.947734 0.902104
0.947334 0.903182
0.946934 0.904259
0.946534 0.905337
0.944532 0.906055
0.945733 0.913239
0.946133 0.912520
0.946534 0.911802
0.946934 0.911084
0.947734 0.910006
0.948134 0.909288
0.948535 0.908569
0.948935 0.907851
0.949335 0.907133
0.950136 0.906055
0.950536 0.905337
0.951336 0.904259
0.951737 0.903900
0.952537 0.902823
0.952937 0.902104
0.953738 0.901027
0.954138 0.900308
0.954938 0.899231
0.955339 0.898513
0.955739 0.897794
0.956139 0.897076
0.956539 0.896358
0.956940 0.895639
0.957340 0.894921
0.957740 0.894203
0.958140 0.893484
0.958541 0.892407
0.958941 0.891329
0.959341 0.890611
0.959741 0.889533
0.960142 0.888456
0.960542 0.887378
0.960942 0.886301
0.961342 0.885582
0.961742 0.884505
0.962143 0.883427
0.962143 0.883068
0.962543 0.881991
0.962943 0.880913
0.963343 0.879836
0.963744 0.879117
0.964144 0.878040
0.964544 0.876962
0.964944 0.875885
0.965345 0.874807
0.965745 0.873730
0.966145 0.872652
0.966545 0.871575
0.966946 0.870497
0.967346 0.869420
0.967746 0.868342
0.968146 0.867265
0.968546 0.866187
0.968947 0.865110
0.969347 0.864032
0.969747 0.862595
0.970147 0.861518
0.970548 0.860081
0.970948 0.859004
0.971348 0.857567
0.971748 0.856130
0.972149 0.855771
0.972549 0.854694
0.972949 0.853257
0.973349 0.851461
0.973750 0.850024
0.974150 0.848228
0.974550 0.846433
0.974950 0.844637
0.975350 0.842841
0.975751 0.841404
0.976151 0.839968
0.976551 0.837813
0.976951 0.836376
0.977352 0.834580
0.977752 0.832784
0.978152 0.830629
0.978552 0.828474
0.978953 0.825960
0.979353 0.823086
0.979753 0.819495
0.980153 0.816262
0.980554 0.813030
0.980954 0.810156
0.981354 0.806924
0.981754 0.804050
0.981754 0.801895
0.982154 0.799022
0.982555 0.797226
0.984156 0.796867
0.982955 0.771725
0.982555 0.770288
0.982154 0.768492
0.981754 0.766696
0.981354 0.764901
0.980954 0.763105
0.980554 0.761309
0.980153 0.759513
0.979753 0.757358
0.979353 0.755562
0.978953 0.753766
0.978552 0.752330
0.978152 0.750534
0.977752 0.749097
0.977352 0.747301
0.976951 0.745864
0.976551 0.744428
0.976151 0.742991
0.975751 0.741914
0.975350 0.740836
0.974950 0.739759
0.974550 0.739399
0.974150 0.738322
0.973750 0.737244
0.973349 0.736167
0.972949 0.735089
0.972549 0.734012
0.972149 0.732934
0.971748 0.731857
0.971348 0.730779
0.970948 0.729702
0.970548 0.728624
0.970147 0.727547
0.969747 0.725751
[SKELETON]
0.969320 0.730846
0.969834 0.732535
0.969834 0.732535
0.970332 0.734228
0.970332 0.734228
0.970813 0.735923
0.970813 0.735923
0.971278 0.737622
0.971278 0.737622
0.971725 0.739323
0.971725 0.739323
0.972156 0.741028
0.972156 0.741028
0.972570 0.742735
0.972570 0.742735
0.972967 0.744444
0.973346 0.746156
0.973346 0.746156
0.973708 0.747870
0.973708 0.747870
0.974053 0.749586
0.974053 0.749586
0.974380 0.751304
0.974380 0.751304
0.974689 0.753024
0.974689 0.753024
0.974981 0.754745
0.974981 0.754745
0.975254 0.756468
0.975254 0.756468
0.975510 0.758192
0.975747 0.759918
0.975747 0.759918
0.975966 0.761645
0.975966 0.761645
0.976167 0.763373
0.976167 0.763373
0.976349 0.765101
0.976349 0.765101
0.976512 0.766831
0.976512 0.766831
0.976657 0.768561
0.976657 0.768561
0.976783 0.770291
0.976783 0.770291
0.976890 0.772022
0.976977 0.773753
0.976977 0.773753
0.977046 0.775484
0.977046 0.775484
0.977095 0.777215
0.977095 0.777215
0.977126 0.778945
0.977126 0.778945
0.977137 0.780676
0.977137 0.780676
0.977131 0.782406
0.977131 0.782406
0.977107 0.784136
0.977107 0.784136
0.977067 0.785865
0.977067 0.785865
0.977009 0.787594
0.976935 0.789323
0.976935 0.789323
0.976846 0.791051
0.976846 0.791051
0.976742 0.792778
0.976742 0.792778
0.976622 0.794504
0.976622 0.794504
0.976489 0.796230
0.976489 0.796230
0.976341 0.797955
0.976341 0.797955
0.976181 0.799679
0.976181 0.799679
0.976007 0.801402
0.975821 0.803124
0.975821 0.803124
0.975623 0.804845
0.975623 0.804845
0.975414 0.806565
0.975414 0.806565
0.975193 0.808283
0.975193 0.808283
0.974962 0.810001
0.974962 0.810001
0.974721 0.811717
0.974721 0.811717
0.974470 0.813431
0.974470 0.813431
0.974211 0.815144
0.973942 0.816856
0.973942 0.816856
0.973666 0.818566
0.973666 0.818566
0.973381 0.820275
0.973381 0.820275
0.973090 0.821981
0.973090 0.821981
0.972791 0.823686
0.972791 0.823686
0.972484 0.825390
0.972484 0.825390
0.972170 0.827091
0.972170 0.827091
0.971849 0.828791
0.971521 0.830488
0.971521 0.830488
0.971185 0.832184
0.971185 0.832184
0.970842 0.833878
0.970842 0.833878
0.970491 0.835569
0.970491 0.835569
0.970134 0.837258
0.970134 0.837258
0.969769 0.838946
0.969769 0.838946
0.969397 0.840631
0.969397 0.840631
0.969017 0.842313
0.968630 0.843994
0.968630 0.843994
0.968236 0.845672
0.968236 0.845672
0.967835 0.847347
0.967835 0.847347
0.967427 0.849021
0.967427 0.849021
0.967011 0.850691
0.967011 0.850691
0.966588 0.852359
0.966588 0.852359
0.966158 0.854025
0.966158 0.854025
0.965721 0.855687
0.965276 0.857347
0.965276 0.857347
0.964825 0.859005
0.964825 0.859005
0.964366 0.860659
0.964366 0.860659
0.963900 0.862311
0.963900 0.862311
0.963427 0.863959
0.963427 0.863959
0.962947 0.865605
0.962947 0.865605
0.962460 0.867248
0.962460 0.867248
0.961965 0.868887
0.961965 0.868887
0.961464 0.870524
0.960955 0.872157
0.960955 0.872157
0.960439 0.873787
0.960439 0.873787
0.959917 0.875414
0.959917 0.875414
0.959387 0.877038
0.959387 0.877038
0.958850 0.878658
0.958850 0.878658
0.958306 0.880275
0.958306 0.880275
0.957755 0.881888
0.957755 0.881888
0.957197 0.883498
0.956632 0.885105
0.956632 0.885105
0.956060 0.886707
0.956060 0.886707
0.955481 0.888306
0.955481 0.888306
0.954895 0.889902
0.954895 0.889902
0.954302 0.891493
0.954302 0.891493
0.953702 0.893081
0.953702 0.893081
0.953095 0.894665
0.953095 0.894665
0.952481 0.896245
0.951860 0.897821
0.951860 0.897821
0.951232 0.899393
0.951232 0.899393
0.950598 0.900962
0.950598 0.900962
0.949956 0.902526
0.949956 0.902526
0.949307 0.904085
0.949307 0.904085
0.948652 0.905641
0.948652 0.905641
0.947990 0.907192
0.947990 0.907192
0.947321 0.908740
