[CONTOUR]
0.404589 0.439712
0.402137 0.443462
0.395133 0.452837
0.393032 0.456118
0.388829 0.462212
0.387778 0.464555
0.385677 0.467837
0.384626 0.469712
0.383576 0.472055
0.382175 0.474399
0.381474 0.476274
0.380774 0.477680
0.379723 0.479555
0.379373 0.480962
0.378673 0.482368
0.378323 0.483774
0.377972 0.486118
0.377272 0.488462
0.376922 0.502524
0.377272 0.507680
0.377972 0.511430
0.378323 0.516587
0.379023 0.519399
0.379373 0.521274
0.379723 0.525493
0.380424 0.528305
0.380774 0.531587
0.381124 0.534868
0.381825 0.537680
0.382175 0.544712
0.382175 0.551743
0.381825 0.559243
0.381474 0.561587
0.380774 0.564399
0.380424 0.566743
0.379723 0.568618
0.379373 0.570024
0.379023 0.571430
0.378323 0.572837
0.377622 0.574712
0.377272 0.575649
0.376221 0.577524
0.375171 0.579868
0.370968 0.585962
0.368517 0.588774
0.366415 0.590649
0.364314 0.592993
0.362563 0.594399
0.361512 0.595337
0.359761 0.597212
0.358360 0.598149
0.356609 0.600024
0.355559 0.600962
0.353807 0.602368
0.349955 0.607055
0.346103 0.612212
0.344702 0.614555
0.343301 0.616899
0.342601 0.618774
0.341900 0.620180
0.341550 0.621587
0.340849 0.622993
0.340149 0.624868
0.339799 0.626743
0.339098 0.628149
0.338748 0.630024
0.338398 0.632368
0.337698 0.634243
0.337347 0.637524
0.336997 0.638930
0.336297 0.641274
0.335946 0.645493
0.335246 0.647837
0.334896 0.650180
0.334546 0.653930
0.333845 0.655805
0.333495 0.659555
0.333145 0.661430
0.332444 0.663774
0.332094 0.665649
0.330693 0.690962
0.332094 0.690493
0.333145 0.688618
0.333845 0.686743
0.334896 0.684868
0.335596 0.683462
0.335946 0.682055
0.336997 0.680180
0.337347 0.678774
0.338048 0.677368
0.338398 0.676430
0.338748 0.675024
0.339449 0.673618
0.339799 0.672212
0.340149 0.670805
0.340849 0.669399
0.341200 0.667993
0.341900 0.666587
0.342250 0.665649
0.342601 0.664243
0.343301 0.662368
0.343651 0.660962
0.344001 0.660024
0.344702 0.658618
0.345052 0.657212
0.345753 0.655337
0.346103 0.654399
0.346453 0.652524
0.347153 0.651118
0.347504 0.649243
0.347854 0.648305
0.348554 0.646899
0.348904 0.645024
0.349605 0.643618
0.349955 0.641743
0.350305 0.640805
0.351006 0.639399
0.351356 0.637993
0.352056 0.636587
0.352407 0.635649
0.352757 0.634243
0.353807 0.632368
0.354508 0.630493
0.355559 0.628618
0.360111 0.622055
0.362213 0.620180
0.364664 0.617368
0.365715 0.616430
0.367466 0.615024
0.369567 0.612680
0.370618 0.612212
0.372019 0.610805
0.373770 0.608930
0.375521 0.607524
0.377972 0.604712
0.379723 0.602837
0.386027 0.594399
0.388829 0.590180
0.390230 0.587368
0.390930 0.585962
0.392331 0.583618
0.393032 0.581743
0.393732 0.580337
0.394432 0.578462
0.394783 0.577524
0.395483 0.576118
0.395833 0.574243
0.396534 0.571899
0.396884 0.570493
0.397234 0.566743
0.397935 0.563462
0.398285 0.547993
0.397935 0.543774
0.397234 0.539555
0.396884 0.534868
0.396184 0.532524
0.395833 0.530180
0.395483 0.526899
0.394783 0.524555
0.394432 0.521274
0.394082 0.519868
0.393382 0.517993
0.393032 0.514712
0.392331 0.512837
0.391981 0.510962
0.391631 0.508149
0.390930 0.505805
0.390580 0.501587
0.390230 0.499243
0.389529 0.495493
0.389880 0.485649
0.390580 0.483305
0.390930 0.480962
0.391281 0.479555
0.391981 0.478149
0.392331 0.475805
0.393032 0.474399
0.393382 0.472993
0.393732 0.471118
0.394432 0.469712
0.394783 0.467368
0.395133 0.466430
0.395833 0.465024
0.396184 0.463149
0.396884 0.461743
0.397234 0.460805
0.397584 0.459399
0.398285 0.457993
0.398635 0.456587
0.398985 0.455649
0.400036 0.453774
0.400386 0.452368
0.401437 0.450493
0.402137 0.449087
0.402487 0.447680
0.403188 0.446274
0.403538 0.444868
0.404239 0.442993
0.405639 0.440649
0.404939 0.439712
[SKELETON]
0.401900 0.446183
0.400902 0.447881
0.400902 0.447881
0.399889 0.449600
0.399889 0.449600
0.398868 0.451338
0.397843 0.453096
0.397843 0.453096
0.396819 0.454874
0.395802 0.456672
0.395802 0.456672
0.394796 0.458491
0.394796 0.458491
0.393806 0.460330
0.392838 0.462189
0.392838 0.462189
0.391897 0.464069
0.390988 0.465969
0.390988 0.465969
0.390115 0.467890
0.390115 0.467890
0.389285 0.469832
0.388501 0.471795
0.388501 0.471795
0.387770 0.473779
0.387770 0.473779
0.387096 0.475784
0.386484 0.477810
0.386484 0.477810
0.385936 0.479856
0.385452 0.481922
0.385452 0.481922
0.385030 0.484005
0.385030 0.484005
0.384671 0.486104
0.384372 0.488217
0.384372 0.488217
0.384133 0.490343
0.384133 0.490343
0.383953 0.492481
0.383831 0.494628
0.383831 0.494628
0.383766 0.496784
0.383757 0.498946
0.383757 0.498946
0.383803 0.501114
0.383803 0.501114
0.383904 0.503286
0.384058 0.505459
0.384058 0.505459
0.384265 0.507634
0.384521 0.509808
0.384521 0.509808
0.384821 0.511983
0.384821 0.511983
0.385159 0.514159
0.385528 0.516337
0.385528 0.516337
0.385921 0.518519
0.385921 0.518519
0.386331 0.520705
0.386753 0.522896
0.386753 0.522896
0.387179 0.525094
0.387603 0.527298
0.387603 0.527298
0.388018 0.529511
0.388018 0.529511
0.388419 0.531732
0.388797 0.533963
0.388797 0.533963
0.389147 0.536205
0.389462 0.538459
0.389462 0.538459
0.389736 0.540725
0.389736 0.540725
0.389964 0.543001
0.390146 0.545282
0.390146 0.545282
0.390277 0.547564
0.390277 0.547564
0.390356 0.549844
0.390379 0.552116
0.390379 0.552116
0.390345 0.554378
0.390251 0.556623
0.390251 0.556623
0.390094 0.558850
0.390094 0.558850
0.389872 0.561052
0.389582 0.563227
0.389582 0.563227
0.389221 0.565369
0.389221 0.565369
0.388787 0.567475
0.388278 0.569541
0.388278 0.569541
0.387693 0.571564
0.387036 0.573545
0.387036 0.573545
0.386308 0.575485
0.386308 0.575485
0.385515 0.577384
0.384660 0.579243
0.384660 0.579243
0.383746 0.581064
0.382777 0.582847
0.382777 0.582847
0.381757 0.584594
0.381757 0.584594
0.380688 0.586305
0.379575 0.587981
0.379575 0.587981
0.378421 0.589623
0.378421 0.589623
0.377230 0.591232
0.376005 0.592809
0.376005 0.592809
0.374749 0.594355
0.373467 0.595870
0.373467 0.595870
0.372162 0.597356
0.372162 0.597356
0.370837 0.598814
0.369497 0.600246
0.369497 0.600246
0.368145 0.601657
0.368145 0.601657
0.366786 0.603052
0.365425 0.604436
0.365425 0.604436
0.364066 0.605813
0.362713 0.607189
0.362713 0.607189
0.361371 0.608568
0.361371 0.608568
0.360045 0.609957
0.358739 0.611359
0.358739 0.611359
0.357456 0.612779
0.356203 0.614223
0.356203 0.614223
0.354983 0.615696
0.354983 0.615696
0.353800 0.617202
0.352660 0.618746
0.352660 0.618746
0.351566 0.620334
0.351566 0.620334
0.350523 0.621971
0.349536 0.623661
0.349536 0.623661
0.348607 0.625407
0.347733 0.627207
0.347733 0.627207
0.346912 0.629057
0.346912 0.629057
0.346140 0.630953
0.345412 0.632890
0.345412 0.632890
0.344726 0.634865
0.344077 0.636874
0.344077 0.636874
0.343463 0.638912
0.343463 0.638912
0.342878 0.640977
0.342321 0.643062
0.342321 0.643062
0.341787 0.645165
0.341787 0.645165
0.341272 0.647282
0.340772 0.649408
0.340772 0.649408
0.340285 0.651540
0.339807 0.653673
0.339807 0.653673
0.339333 0.655804
0.339333 0.655804
0.338862 0.657929
0.338392 0.660049
0.338392 0.660049
0.337919 0.662160
0.337919 0.662160
0.337443 0.664261
0.336962 0.666352
0.336962 0.666352
0.336472 0.668429
0.335973 0.670493
0.335973 0.670493
0.335463 0.672540
0.335463 0.672540
0.334938 0.674570
0.334399 0.676581
0.334399 0.676581
0.333841 0.678572
0.333264 0.680541
0.333264 0.680541
0.332665 0.682486
0.332665 0.682486
0.332042 0.684406
