[CONTOUR]
0.322472 0.907007
0.321947 0.908179
0.321422 0.908648
0.320721 0.908882
0.319846 0.909351
0.319320 0.909820
0.318620 0.910054
0.318094 0.910523
0.317569 0.910757
0.317044 0.911226
0.316343 0.911460
0.315643 0.912163
0.314767 0.912867
0.314242 0.913101
0.313191 0.914273
0.312141 0.915210
0.308639 0.920132
0.308288 0.921070
0.307413 0.922476
0.307063 0.923413
0.306537 0.924585
0.306187 0.925288
0.305837 0.926226
0.305487 0.926929
0.305136 0.927867
0.304786 0.928570
0.304611 0.929273
0.304261 0.930210
0.303736 0.931148
0.303561 0.931851
0.303035 0.932788
0.302860 0.933492
0.302160 0.934663
0.301459 0.936070
0.299883 0.937945
0.299008 0.938648
0.298307 0.938882
0.297607 0.939351
0.296381 0.939585
0.291128 0.939585
0.287626 0.939351
0.286750 0.939351
0.284649 0.939585
0.283948 0.940054
0.282372 0.942398
0.282197 0.943804
0.283423 0.945913
0.283948 0.946617
0.285524 0.948492
0.286925 0.949898
0.287976 0.950835
0.288501 0.951304
0.289202 0.951773
0.289727 0.952242
0.290427 0.952476
0.291128 0.952945
0.291828 0.953179
0.292529 0.953648
0.293930 0.954117
0.295155 0.954351
0.296206 0.954820
0.298307 0.954585
0.299358 0.954117
0.300409 0.953882
0.301284 0.953413
0.302335 0.953179
0.303385 0.952710
0.303911 0.952242
0.304611 0.952007
0.305136 0.951538
0.305662 0.951304
0.306362 0.950601
0.306888 0.950367
0.308288 0.948960
0.311966 0.944273
0.313016 0.942398
0.314242 0.940523
0.314592 0.939585
0.315293 0.938413
0.315643 0.937476
0.316168 0.936538
0.316694 0.935367
0.316869 0.934663
0.317394 0.933726
0.317744 0.932788
0.318270 0.931851
0.319320 0.929976
0.320546 0.928570
0.321422 0.927867
0.322122 0.927398
0.322647 0.926929
0.323173 0.926695
0.323698 0.926226
0.324573 0.925992
0.325449 0.925523
0.329126 0.925288
0.331928 0.925757
0.333504 0.926226
0.335605 0.926460
0.337006 0.926929
0.338757 0.927163
0.339808 0.927632
0.341384 0.927867
0.342434 0.928335
0.344361 0.928804
0.345586 0.929038
0.346462 0.929507
0.347688 0.929742
0.348388 0.930210
0.348913 0.930445
0.349789 0.931148
0.352240 0.933960
0.352766 0.935132
0.353641 0.936538
0.354167 0.937710
0.355042 0.939117
0.355568 0.940288
0.356268 0.941460
0.356618 0.942398
0.356968 0.943335
0.357319 0.944038
0.357494 0.944976
0.357844 0.945913
0.358019 0.947085
0.358369 0.948023
0.358544 0.949195
0.358895 0.949898
0.359245 0.951304
0.359420 0.952007
0.359770 0.952945
0.359945 0.953648
0.360295 0.954585
0.360471 0.955288
0.360821 0.955992
0.361171 0.956929
0.361346 0.957632
0.361696 0.958335
0.361871 0.959038
0.362222 0.959742
0.362397 0.960679
0.362747 0.961382
0.362922 0.962320
0.363272 0.963257
0.363622 0.963960
0.364148 0.965132
0.364848 0.966304
0.365023 0.967710
0.369051 0.966304
0.369226 0.964898
0.370627 0.962788
0.370452 0.958570
0.370277 0.957867
0.369926 0.956929
0.369751 0.955523
0.369751 0.952242
0.369926 0.945913
0.369576 0.944742
0.369226 0.943570
0.369051 0.942398
0.368701 0.941695
0.368526 0.940523
0.368175 0.939351
0.368000 0.938179
0.367650 0.937242
0.367475 0.935835
0.367125 0.934663
0.366774 0.933726
0.366599 0.932788
0.366249 0.932085
0.366074 0.931148
0.365724 0.930445
0.365549 0.929507
0.365198 0.928804
0.364673 0.927632
0.364498 0.926929
0.363973 0.925992
0.363798 0.925288
0.363097 0.924117
0.362747 0.923179
0.361871 0.921773
0.360471 0.919429
0.358019 0.916148
0.356618 0.914507
0.355918 0.914038
0.355217 0.913335
0.354517 0.912867
0.353992 0.912398
0.353466 0.912163
0.352766 0.911695
0.352240 0.911226
0.351715 0.910992
0.351015 0.910523
0.350314 0.910288
0.349614 0.909820
0.348913 0.909585
0.348213 0.909117
0.346987 0.908648
0.345937 0.908413
0.345061 0.907945
0.344711 0.907007
[SKELETON]
0.285926 0.943016
0.286616 0.943602
0.286616 0.943602
0.287340 0.944149
0.288094 0.944655
0.288094 0.944655
0.288873 0.945117
0.289675 0.945534
0.289675 0.945534
0.290495 0.945904
0.291330 0.946225
0.291330 0.946225
0.292175 0.946494
0.293027 0.946709
0.293027 0.946709
0.293883 0.946868
0.294738 0.946970
0.294738 0.946970
0.295588 0.947012
0.296431 0.946991
0.296431 0.946991
0.297261 0.946907
0.298076 0.946756
0.298076 0.946756
0.298872 0.946537
0.299645 0.946249
0.300396 0.945895
0.300396 0.945895
0.301126 0.945477
0.301835 0.945000
0.301835 0.945000
0.302524 0.944467
0.303193 0.943880
0.303193 0.943880
0.303843 0.943244
0.304474 0.942562
0.304474 0.942562
0.305088 0.941836
0.305684 0.941071
0.305684 0.941071
0.306263 0.940269
0.306826 0.939434
0.306826 0.939434
0.307374 0.938569
0.307906 0.937678
0.307906 0.937678
0.308424 0.936763
0.308928 0.935829
0.308928 0.935829
0.309419 0.934878
0.309896 0.933913
0.309896 0.933913
0.310362 0.932939
0.310820 0.931959
0.310820 0.931959
0.311272 0.930978
0.311723 0.930001
0.311723 0.930001
0.312177 0.929031
0.312638 0.928074
0.312638 0.928074
0.313109 0.927134
0.313595 0.926216
0.313595 0.926216
0.314099 0.925324
0.314625 0.924462
0.314625 0.924462
0.315175 0.923634
0.315747 0.922842
0.315747 0.922842
0.316343 0.922090
0.316962 0.921379
0.316962 0.921379
0.317602 0.920711
0.318265 0.920090
0.318950 0.919518
0.318950 0.919518
0.319656 0.918997
0.320384 0.918529
0.320384 0.918529
0.321132 0.918116
0.321899 0.917754
0.321899 0.917754
0.322684 0.917439
0.323484 0.917170
0.323484 0.917170
0.324299 0.916943
0.325127 0.916755
0.325127 0.916755
0.325966 0.916603
0.326814 0.916483
0.326814 0.916483
0.327671 0.916394
0.328535 0.916331
0.328535 0.916331
0.329404 0.916291
0.330276 0.916273
0.330276 0.916273
0.331151 0.916272
0.332026 0.916285
0.332026 0.916285
0.332899 0.916310
0.333771 0.916345
0.333771 0.916345
0.334640 0.916390
0.335506 0.916447
0.335506 0.916447
0.336368 0.916517
0.337227 0.916602
0.337227 0.916602
0.338081 0.916703
0.338932 0.916821
0.338932 0.916821
0.339777 0.916958
0.340617 0.917116
0.340617 0.917116
0.341452 0.917295
0.342281 0.917497
0.342281 0.917497
0.343104 0.917723
0.343920 0.917975
0.343920 0.917975
0.344730 0.918255
0.345533 0.918563
0.345533 0.918563
0.346328 0.918901
0.347114 0.919269
0.347892 0.919667
0.347892 0.919667
0.348659 0.920095
0.349415 0.920552
0.349415 0.920552
0.350159 0.921040
0.350891 0.921557
0.350891 0.921557
0.351608 0.922104
0.352311 0.922681
0.352311 0.922681
0.352998 0.923287
0.353669 0.923922
0.353669 0.923922
0.354322 0.924586
0.354957 0.925280
0.354957 0.925280
0.355572 0.926003
0.356168 0.926755
0.356168 0.926755
0.356742 0.927535
0.357294 0.928345
0.357294 0.928345
0.357823 0.929183
0.358329 0.930050
0.358329 0.930050
0.358811 0.930944
0.359271 0.931863
0.359271 0.931863
0.359709 0.932805
0.360127 0.933769
0.360127 0.933769
0.360524 0.934752
0.360902 0.935753
0.360902 0.935753
0.361262 0.936769
0.361605 0.937800
0.361605 0.937800
0.361930 0.938842
0.362240 0.939894
0.362240 0.939894
0.362534 0.940955
0.362814 0.942021
0.362814 0.942021
0.363081 0.943093
0.363335 0.944166
0.363335 0.944166
0.363577 0.945241
0.363808 0.946314
0.364029 0.947384
0.364029 0.947384
0.364240 0.948450
0.364444 0.949514
0.364444 0.949514
0.364642 0.950575
0.364835 0.951634
0.364835 0.951634
0.365025 0.952691
0.365214 0.953748
0.365214 0.953748
0.365402 0.954805
0.365591 0.955861
0.365591 0.955861
0.365783 0.956918
0.365979 0.957977
0.365979 0.957977
0.366180 0.959038
0.366389 0.960101
0.366389 0.960101
0.366606 0.961167
0.366834 0.962236
0.366834 0.962236
0.367072 0.963310
