[CONTOUR]
0.529620 0.628684
0.533596 0.641262
0.537210 0.646584
0.537933 0.647551
0.541909 0.652389
0.543716 0.653840
0.544801 0.654808
0.546608 0.656743
0.547692 0.657227
0.548776 0.658194
0.550222 0.659645
0.551307 0.660129
0.552391 0.661097
0.553114 0.661581
0.554198 0.662064
0.555644 0.663516
0.557090 0.664483
0.558535 0.664967
0.559620 0.665934
0.560704 0.666418
0.561427 0.666902
0.562873 0.667870
0.563957 0.668353
0.564680 0.668837
0.566126 0.669805
0.567210 0.670288
0.568294 0.671256
0.569379 0.671740
0.570463 0.672224
0.571909 0.673191
0.572632 0.673675
0.573716 0.674159
0.575162 0.675126
0.576246 0.675610
0.576969 0.676094
0.578415 0.677061
0.579860 0.677545
0.580583 0.678029
0.582029 0.678996
0.583475 0.679480
0.584921 0.680448
0.586005 0.680931
0.587451 0.681415
0.588896 0.682383
0.589981 0.682867
0.591788 0.683350
0.593234 0.684318
0.595764 0.684802
0.597210 0.685285
0.600101 0.686253
0.601908 0.688188
0.604438 0.686737
0.606968 0.685769
0.610221 0.685285
0.612029 0.684318
0.613474 0.683834
0.614920 0.683350
0.616366 0.682383
0.617450 0.681899
0.618534 0.681415
0.619619 0.680448
0.620703 0.679964
0.621426 0.679480
0.622510 0.678513
0.623956 0.677545
0.625040 0.676578
0.626848 0.674642
0.628655 0.673191
0.631185 0.670288
0.633715 0.667386
0.636245 0.664967
0.639859 0.660613
0.641667 0.658678
0.643835 0.656743
0.646365 0.653840
0.647450 0.653356
0.648895 0.651905
0.649980 0.650938
0.651064 0.650454
0.652510 0.649486
0.653594 0.648519
0.654679 0.648035
0.656486 0.647067
0.657570 0.646584
0.659739 0.646100
0.662269 0.645132
0.665522 0.644648
0.674558 0.645132
0.679618 0.646100
0.687570 0.646584
0.693353 0.647067
0.698413 0.648035
0.708895 0.648519
0.711786 0.648035
0.711425 0.647067
0.710340 0.646584
0.708895 0.645616
0.707087 0.645132
0.703473 0.644648
0.701304 0.643681
0.699497 0.643197
0.697328 0.642713
0.695883 0.641746
0.694798 0.641262
0.692991 0.640778
0.691545 0.639811
0.690100 0.639327
0.689015 0.638843
0.687570 0.637876
0.686485 0.637392
0.685401 0.636908
0.684317 0.635941
0.682871 0.635457
0.681787 0.634489
0.680702 0.634005
0.679256 0.633522
0.678172 0.632554
0.677088 0.632070
0.675642 0.631587
0.674558 0.630619
0.673835 0.628684
0.651064 0.630135
0.649257 0.631587
0.647811 0.632070
0.647088 0.632554
0.645643 0.633522
0.644558 0.634005
0.643112 0.634973
0.642028 0.635941
0.640944 0.636424
0.639859 0.637392
0.639137 0.637876
0.638052 0.638359
0.636245 0.640294
0.634799 0.641262
0.633715 0.642230
0.631185 0.645132
0.629378 0.646584
0.627570 0.648519
0.624318 0.652389
0.621787 0.654808
0.619257 0.657710
0.617812 0.659162
0.616366 0.660129
0.614920 0.661581
0.614197 0.662064
0.612751 0.663032
0.611306 0.663999
0.609860 0.664483
0.608776 0.664967
0.606607 0.665934
0.602631 0.666418
0.599017 0.665934
0.596848 0.664967
0.595041 0.664483
0.593595 0.663516
0.592511 0.663032
0.591065 0.662548
0.589619 0.661581
0.588535 0.661097
0.587089 0.660613
0.586005 0.659645
0.584198 0.659162
0.583475 0.658678
0.582390 0.657710
0.580583 0.657227
0.579860 0.656743
0.578415 0.655775
0.576969 0.655291
0.575885 0.654324
0.574800 0.653840
0.573354 0.653356
0.571909 0.652389
0.571186 0.651905
0.569379 0.651421
0.568294 0.650454
0.566487 0.649970
0.565403 0.649486
0.564318 0.648519
0.562511 0.648035
0.561427 0.647551
0.560343 0.646584
0.558535 0.646100
0.557451 0.645132
0.556367 0.644648
0.554921 0.644165
0.553837 0.643197
0.552752 0.642713
0.551668 0.642230
0.550222 0.641262
0.549138 0.640778
0.548415 0.640294
0.546969 0.638843
0.545885 0.638359
0.545162 0.637876
0.543355 0.635941
0.541909 0.634973
0.540102 0.633038
0.538656 0.631587
0.537210 0.628684
[SKELETON]
0.534134 0.635160
0.535516 0.636627
0.535516 0.636627
0.536906 0.638050
0.536906 0.638050
0.538304 0.639431
0.538304 0.639431
0.539710 0.640772
0.539710 0.640772
0.541124 0.642074
0.542546 0.643340
0.542546 0.643340
0.543976 0.644571
0.543976 0.644571
0.545413 0.645768
0.545413 0.645768
0.546858 0.646933
0.546858 0.646933
0.548311 0.648069
0.549772 0.649177
0.549772 0.649177
0.551240 0.650258
0.551240 0.650258
0.552716 0.651314
0.552716 0.651314
0.554200 0.652347
0.554200 0.652347
0.555691 0.653359
0.555691 0.653359
0.557190 0.654352
0.558696 0.655326
0.558696 0.655326
0.560209 0.656285
0.560209 0.656285
0.561730 0.657229
0.561730 0.657229
0.563259 0.658160
0.563259 0.658160
0.564794 0.659080
0.566337 0.659991
0.566337 0.659991
0.567888 0.660895
0.567888 0.660895
0.569445 0.661792
0.569445 0.661792
0.571010 0.662686
0.571010 0.662686
0.572581 0.663577
0.574160 0.664468
0.574160 0.664468
0.575746 0.665359
0.575746 0.665359
0.577339 0.666254
0.577339 0.666254
0.578939 0.667149
0.578939 0.667149
0.580544 0.668037
0.582156 0.668912
0.582156 0.668912
0.583772 0.669763
0.583772 0.669763
0.585392 0.670584
0.585392 0.670584
0.587015 0.671366
0.587015 0.671366
0.588641 0.672101
0.588641 0.672101
0.590269 0.672781
0.591899 0.673399
0.591899 0.673399
0.593529 0.673945
0.593529 0.673945
0.595159 0.674413
0.595159 0.674413
0.596789 0.674793
0.596789 0.674793
0.598417 0.675079
0.600042 0.675262
0.600042 0.675262
0.601665 0.675342
0.601665 0.675342
0.603283 0.675319
0.603283 0.675319
0.604895 0.675193
0.604895 0.675193
0.606500 0.674966
0.608096 0.674637
0.608096 0.674637
0.609682 0.674208
0.609682 0.674208
0.611257 0.673680
0.611257 0.673680
0.612819 0.673052
0.612819 0.673052
0.614367 0.672326
0.615900 0.671502
0.615900 0.671502
0.617417 0.670580
0.617417 0.670580
0.618915 0.669563
0.618915 0.669563
0.620395 0.668450
0.620395 0.668450
0.621856 0.667249
0.621856 0.667249
0.623302 0.665971
0.624735 0.664626
0.624735 0.664626
0.626156 0.663225
0.626156 0.663225
0.627568 0.661778
0.627568 0.661778
0.628973 0.660296
0.628973 0.660296
0.630373 0.658790
0.631771 0.657269
0.631771 0.657269
0.633168 0.655745
0.633168 0.655745
0.634568 0.654227
0.634568 0.654227
0.635971 0.652727
0.635971 0.652727
0.637381 0.651255
0.638800 0.649822
0.638800 0.649822
0.640229 0.648438
0.640229 0.648438
0.641670 0.647113
0.641670 0.647113
0.643127 0.645855
0.643127 0.645855
0.644597 0.644668
0.646080 0.643553
0.646080 0.643553
0.647577 0.642513
0.647577 0.642513
0.649087 0.641552
0.649087 0.641552
0.650610 0.640671
0.650610 0.640671
0.652146 0.639874
0.652146 0.639874
0.653694 0.639163
0.655253 0.638540
0.655253 0.638540
0.656825 0.638009
0.656825 0.638009
0.658407 0.637572
0.658407 0.637572
0.660001 0.637232
0.660001 0.637232
0.661605 0.636991
0.663220 0.636851
0.663220 0.636851
0.664845 0.636808
0.664845 0.636808
0.666479 0.636855
0.666479 0.636855
0.668121 0.636984
0.668121 0.636984
0.669770 0.637190
0.671427 0.637464
0.671427 0.637464
0.673089 0.637800
0.673089 0.637800
0.674756 0.638192
0.674756 0.638192
0.676428 0.638631
0.676428 0.638631
0.678104 0.639111
0.679782 0.639625
0.679782 0.639625
0.681463 0.640166
0.681463 0.640166
0.683145 0.640728
0.683145 0.640728
0.684828 0.641302
0.684828 0.641302
0.686511 0.641882
0.686511 0.641882
0.688192 0.642462
0.689872 0.643034
0.689872 0.643034
0.691550 0.643591
0.691550 0.643591
0.693224 0.644126
0.693224 0.644126
0.694895 0.644632
0.694895 0.644632
0.696561 0.645102
0.698221 0.645530
0.698221 0.645530
0.699875 0.645908
0.699875 0.645908
0.701522 0.646229
0.701522 0.646229
0.703161 0.646487
0.703161 0.646487
0.704792 0.646674
