[CONTOUR]
0.388610 0.483673
0.387613 0.485463
0.385951 0.486656
0.383624 0.488446
0.382295 0.489042
0.380633 0.490235
0.379303 0.491130
0.377973 0.491727
0.374650 0.494412
0.359027 0.508431
0.354373 0.512906
0.340080 0.526031
0.336091 0.529014
0.333100 0.531400
0.330108 0.533787
0.328114 0.534980
0.325455 0.537068
0.324125 0.537963
0.322463 0.538858
0.319471 0.541244
0.317809 0.542139
0.316147 0.543332
0.313488 0.545420
0.311826 0.546315
0.310164 0.547508
0.307837 0.549298
0.306175 0.550193
0.303849 0.551983
0.302851 0.552579
0.301522 0.553176
0.299860 0.554369
0.298530 0.554966
0.297865 0.555264
0.296203 0.556457
0.295206 0.556755
0.293877 0.557650
0.293212 0.557948
0.292215 0.558247
0.291217 0.558843
0.290553 0.559142
0.289555 0.559440
0.288558 0.560037
0.287229 0.560633
0.286564 0.560931
0.285567 0.561528
0.284569 0.561826
0.283572 0.562423
0.282575 0.563019
0.281578 0.563318
0.280581 0.563914
0.279916 0.564213
0.278919 0.564511
0.277921 0.565108
0.276592 0.565704
0.275927 0.566002
0.274930 0.566599
0.273933 0.566897
0.272603 0.567792
0.271938 0.568091
0.270941 0.568389
0.269612 0.569284
0.268614 0.569880
0.267617 0.570179
0.265955 0.571372
0.264958 0.571670
0.263961 0.572267
0.262299 0.573460
0.260969 0.574056
0.259307 0.575250
0.258310 0.575846
0.256980 0.576443
0.254986 0.577934
0.253989 0.578531
0.252327 0.579426
0.250000 0.581216
0.248006 0.582409
0.246344 0.583602
0.241690 0.587480
0.227729 0.600008
0.224073 0.603588
0.222743 0.605079
0.221414 0.606869
0.216760 0.611343
0.215763 0.612537
0.219087 0.612537
0.221414 0.610747
0.222743 0.610150
0.223741 0.609554
0.225735 0.608062
0.227397 0.607167
0.229391 0.605676
0.230388 0.605079
0.231718 0.604483
0.233712 0.602991
0.235042 0.602096
0.236704 0.601201
0.239031 0.599412
0.240693 0.598517
0.241690 0.597920
0.244017 0.596130
0.245346 0.595534
0.247008 0.594341
0.248338 0.593446
0.249335 0.593147
0.250997 0.591954
0.251994 0.591656
0.252992 0.591059
0.253989 0.590463
0.255318 0.589866
0.255983 0.589568
0.257313 0.588673
0.258310 0.588375
0.259307 0.587778
0.259972 0.587480
0.260969 0.587181
0.261966 0.586585
0.262964 0.586287
0.263628 0.585988
0.264626 0.585392
0.265955 0.584795
0.266620 0.584497
0.267617 0.583900
0.268614 0.583602
0.269944 0.582707
0.270609 0.582409
0.271606 0.582110
0.272936 0.581216
0.273933 0.580917
0.274930 0.580321
0.275927 0.579724
0.276924 0.579426
0.277589 0.579127
0.278586 0.578531
0.279916 0.577934
0.280913 0.577338
0.281578 0.577039
0.282575 0.576741
0.283572 0.576144
0.284569 0.575846
0.285567 0.575250
0.286564 0.574653
0.287561 0.574355
0.288226 0.574056
0.289223 0.573460
0.290220 0.573162
0.291550 0.572267
0.292215 0.571968
0.293212 0.571670
0.294209 0.571073
0.295539 0.570477
0.296203 0.570179
0.297201 0.569582
0.298198 0.569284
0.298863 0.568985
0.300192 0.568091
0.301189 0.567792
0.302187 0.567196
0.302851 0.566897
0.304181 0.566301
0.305511 0.565406
0.306508 0.565108
0.307505 0.564511
0.309167 0.563318
0.310497 0.562721
0.311494 0.562125
0.313156 0.560931
0.314818 0.560037
0.317477 0.557948
0.319471 0.556457
0.321798 0.554966
0.325787 0.551684
0.327781 0.550491
0.330108 0.548701
0.334097 0.545420
0.337753 0.542735
0.353044 0.528716
0.356035 0.525733
0.358362 0.523048
0.362018 0.519468
0.363680 0.517679
0.365010 0.515889
0.368002 0.512906
0.369331 0.511116
0.370993 0.509326
0.373320 0.506940
0.374317 0.505448
0.375979 0.503659
0.376976 0.502466
0.377641 0.501272
0.378971 0.499781
0.379635 0.498886
0.380633 0.497394
0.382295 0.495605
0.383624 0.493815
0.384289 0.492920
0.386948 0.490235
0.387613 0.489042
0.389607 0.486954
0.390272 0.486059
0.391602 0.483673
[SKELETON]
0.387878 0.485659
0.386843 0.486767
0.386843 0.486767
0.385806 0.487876
0.384766 0.488987
0.384766 0.488987
0.383724 0.490098
0.382678 0.491210
0.381630 0.492322
0.381630 0.492322
0.380580 0.493435
0.379527 0.494548
0.379527 0.494548
0.378470 0.495661
0.377411 0.496773
0.377411 0.496773
0.376349 0.497885
0.375284 0.498997
0.375284 0.498997
0.374217 0.500108
0.373146 0.501219
0.372072 0.502328
0.372072 0.502328
0.370995 0.503436
0.369915 0.504543
0.369915 0.504543
0.368831 0.505648
0.367745 0.506751
0.367745 0.506751
0.366655 0.507853
0.365562 0.508953
0.365562 0.508953
0.364465 0.510050
0.363365 0.511145
0.362262 0.512238
0.362262 0.512238
0.361155 0.513328
0.360045 0.514415
0.360045 0.514415
0.358931 0.515499
0.357814 0.516580
0.357814 0.516580
0.356693 0.517658
0.355568 0.518732
0.354440 0.519802
0.354440 0.519802
0.353308 0.520869
0.352172 0.521932
0.352172 0.521932
0.351032 0.522990
0.349889 0.524044
0.349889 0.524044
0.348741 0.525094
0.347590 0.526139
0.347590 0.526139
0.346434 0.527179
0.345275 0.528214
0.344111 0.529244
0.344111 0.529244
0.342944 0.530268
0.341772 0.531287
0.341772 0.531287
0.340596 0.532301
0.339416 0.533309
0.339416 0.533309
0.338231 0.534310
0.337042 0.535306
0.337042 0.535306
0.335849 0.536295
0.334652 0.537277
0.333450 0.538253
0.333450 0.538253
0.332243 0.539222
0.331032 0.540185
0.331032 0.540185
0.329817 0.541140
0.328597 0.542087
0.328597 0.542087
0.327372 0.543027
0.326143 0.543960
0.326143 0.543960
0.324908 0.544884
0.323669 0.545801
0.322426 0.546710
0.322426 0.546710
0.321177 0.547610
0.319924 0.548502
0.319924 0.548502
0.318665 0.549385
0.317402 0.550259
0.317402 0.550259
0.316134 0.551124
0.314860 0.551980
0.314860 0.551980
0.313582 0.552827
0.312299 0.553664
0.311010 0.554492
0.311010 0.554492
0.309716 0.555309
0.308417 0.556117
0.308417 0.556117
0.307112 0.556915
0.305803 0.557702
0.305803 0.557702
0.304487 0.558479
0.303167 0.559246
0.301842 0.560004
0.301842 0.560004
0.300513 0.560752
0.299179 0.561492
0.299179 0.561492
0.297841 0.562225
0.296499 0.562950
0.296499 0.562950
0.295154 0.563668
0.293805 0.564379
0.293805 0.564379
0.292453 0.565085
0.291099 0.565786
0.289742 0.566481
0.289742 0.566481
0.288383 0.567173
0.287022 0.567860
0.287022 0.567860
0.285659 0.568545
0.284295 0.569226
0.284295 0.569226
0.282929 0.569905
0.281563 0.570583
0.281563 0.570583
0.280196 0.571259
0.278828 0.571935
0.277461 0.572611
0.277461 0.572611
0.276093 0.573287
0.274726 0.573963
0.274726 0.573963
0.273359 0.574641
0.271994 0.575321
0.271994 0.575321
0.270629 0.576004
0.269266 0.576689
0.269266 0.576689
0.267904 0.577378
0.266545 0.578070
0.265187 0.578767
0.265187 0.578767
0.263832 0.579469
0.262480 0.580177
0.262480 0.580177
0.261131 0.580891
0.259785 0.581611
0.259785 0.581611
0.258442 0.582338
0.257103 0.583072
0.257103 0.583072
0.255769 0.583815
0.254438 0.584567
0.253112 0.585327
0.253112 0.585327
0.251791 0.586097
0.250474 0.586877
0.250474 0.586877
0.249164 0.587668
0.247858 0.588470
0.247858 0.588470
0.246559 0.589283
0.245265 0.590109
0.243978 0.590948
0.243978 0.590948
0.242698 0.591799
0.241424 0.592665
0.241424 0.592665
0.240158 0.593544
0.238898 0.594439
0.238898 0.594439
0.237647 0.595349
0.236403 0.596274
0.236403 0.596274
0.235168 0.597216
0.233941 0.598174
0.232723 0.599150
0.232723 0.599150
0.231513 0.600144
0.230313 0.601156
0.230313 0.601156
0.229123 0.602187
0.227942 0.603238
0.227942 0.603238
0.226771 0.604308
0.225610 0.605399
0.225610 0.605399
0.224460 0.606511
0.223321 0.607644
0.222192 0.608799
0.222192 0.608799
0.221075 0.609977
0.219969 0.611177
0.219969 0.611177
0.218876 0.612401
