[CONTOUR]
0.330157 0.747025
0.329786 0.747852
0.329169 0.748182
0.328552 0.748347
0.327934 0.748678
0.327440 0.749008
0.326823 0.749339
0.326452 0.749669
0.325959 0.750000
0.325465 0.750331
0.324847 0.750826
0.324353 0.751157
0.323613 0.751818
0.322748 0.752644
0.321514 0.753966
0.319785 0.756115
0.319415 0.756611
0.317809 0.759090
0.317069 0.760412
0.316822 0.761073
0.316328 0.762064
0.315957 0.762891
0.315710 0.763552
0.315340 0.764213
0.315093 0.764874
0.314846 0.765535
0.314599 0.766196
0.314476 0.766692
0.314229 0.767518
0.313982 0.768344
0.313735 0.769171
0.313488 0.769832
0.313241 0.770328
0.312994 0.770989
0.312623 0.771980
0.312377 0.772972
0.312253 0.774129
0.312006 0.778425
0.312253 0.780904
0.312500 0.782227
0.312747 0.783053
0.312994 0.783879
0.313241 0.784540
0.313611 0.785532
0.313735 0.786193
0.313982 0.786854
0.314352 0.787680
0.314723 0.789333
0.314352 0.789663
0.313488 0.789994
0.311389 0.790325
0.310154 0.790655
0.309413 0.790820
0.308672 0.791151
0.307931 0.791481
0.307438 0.791812
0.306944 0.792142
0.306450 0.792473
0.305956 0.792803
0.305339 0.793299
0.304474 0.794126
0.303980 0.794456
0.302252 0.796770
0.301511 0.798092
0.301017 0.799084
0.300770 0.799579
0.300523 0.800240
0.300276 0.800901
0.300029 0.801728
0.299906 0.802224
0.299659 0.802885
0.299412 0.803546
0.299165 0.804207
0.298918 0.804703
0.298671 0.805529
0.298424 0.806190
0.298177 0.807016
0.298054 0.807843
0.297807 0.808834
0.297560 0.809660
0.297313 0.811809
0.297313 0.814453
0.297560 0.815610
0.297807 0.816436
0.298301 0.817428
0.298424 0.817924
0.298918 0.818915
0.300276 0.818585
0.300893 0.817428
0.301264 0.816602
0.301511 0.815941
0.301758 0.815279
0.302128 0.814453
0.302375 0.813792
0.302746 0.813131
0.302993 0.812470
0.303239 0.811809
0.303610 0.810983
0.303733 0.810487
0.303980 0.809826
0.304227 0.809165
0.304598 0.808338
0.304968 0.807677
0.305585 0.806520
0.306820 0.805198
0.307438 0.804703
0.308055 0.804537
0.308919 0.804207
0.311018 0.803876
0.314352 0.803876
0.315340 0.804207
0.316451 0.804537
0.317315 0.804868
0.318180 0.805198
0.319044 0.805529
0.319661 0.805694
0.320402 0.806025
0.321020 0.806355
0.321761 0.806686
0.322254 0.807016
0.322872 0.807347
0.323489 0.807677
0.324107 0.808008
0.324724 0.808173
0.325341 0.808504
0.326082 0.808834
0.327070 0.809165
0.327564 0.809495
0.328552 0.809826
0.329663 0.810156
0.337565 0.810156
0.340158 0.809991
0.341763 0.809660
0.342998 0.809330
0.344109 0.808999
0.344603 0.808669
0.345467 0.808338
0.345961 0.808008
0.346579 0.807677
0.346949 0.807512
0.347443 0.807181
0.348060 0.806686
0.348801 0.806025
0.349542 0.805364
0.350900 0.803711
0.354234 0.799249
0.354851 0.798092
0.355469 0.796935
0.355716 0.796274
0.356210 0.795282
0.356580 0.794456
0.356827 0.793795
0.357074 0.793299
0.357444 0.792473
0.357691 0.791812
0.357938 0.790986
0.358062 0.790325
0.358309 0.789498
0.358556 0.788672
0.358803 0.787515
0.359049 0.786854
0.359296 0.785532
0.359667 0.784375
0.359420 0.776442
0.359296 0.775616
0.359049 0.774624
0.358803 0.773468
0.358556 0.772476
0.358309 0.771650
0.358062 0.770658
0.357815 0.769666
0.357568 0.768840
0.357321 0.767849
0.357197 0.767188
0.356950 0.766361
0.356703 0.765700
0.356457 0.765039
0.356210 0.764543
0.355963 0.763882
0.355716 0.763221
0.355469 0.762560
0.355222 0.761899
0.354975 0.761238
0.354481 0.760246
0.353987 0.759255
0.353370 0.758263
0.352382 0.756611
0.350900 0.754297
0.349295 0.752479
0.348431 0.751653
0.347690 0.750992
0.346949 0.750331
0.346332 0.749835
0.345961 0.749504
0.345467 0.749174
0.344850 0.748843
0.344356 0.748513
0.343739 0.748347
0.343245 0.748017
0.342628 0.747025
[SKELETON]
0.299445 0.816776
0.299492 0.816096
0.299556 0.815400
0.299738 0.813970
0.299855 0.813240
0.299989 0.812503
0.300141 0.811761
0.300310 0.811016
0.300699 0.809525
0.300919 0.808783
0.301155 0.808047
0.301409 0.807319
0.301679 0.806599
0.301965 0.805892
0.302588 0.804521
0.302924 0.803861
0.303276 0.803221
0.303645 0.802604
0.304029 0.802010
0.304846 0.800905
0.305278 0.800397
0.305726 0.799921
0.306189 0.799481
0.306669 0.799077
0.307673 0.798388
0.308199 0.798107
0.308739 0.797871
0.309294 0.797676
0.309861 0.797517
0.311025 0.797280
0.311619 0.797190
0.312218 0.797110
0.312821 0.797034
0.313426 0.796957
0.314032 0.796872
0.315238 0.796652
0.315835 0.796506
0.316425 0.796326
0.317007 0.796112
0.317582 0.795876
0.318707 0.795393
0.319256 0.795174
0.319798 0.794989
0.320331 0.794851
0.320854 0.794774
0.321867 0.794859
0.322352 0.795046
0.322823 0.795335
0.323285 0.795700
0.323746 0.796110
0.324687 0.796955
0.325173 0.797361
0.325669 0.797754
0.326174 0.798133
0.326688 0.798499
0.327741 0.799184
0.328278 0.799502
0.328822 0.799803
0.329372 0.800087
0.329928 0.800352
0.330489 0.800598
0.331624 0.801029
0.332197 0.801214
0.332773 0.801376
0.333351 0.801515
0.333931 0.801632
0.335095 0.801791
0.335678 0.801833
0.336260 0.801849
0.336842 0.801838
0.337422 0.801800
0.338577 0.801637
0.339150 0.801512
0.339720 0.801356
0.340285 0.801170
0.340846 0.800952
0.341952 0.800428
0.342495 0.800123
0.343031 0.799791
0.343559 0.799432
0.344079 0.799048
0.344589 0.798639
0.345579 0.797749
0.346058 0.797270
0.346524 0.796770
0.346979 0.796249
0.347420 0.795709
0.348260 0.794572
0.348657 0.793978
0.349039 0.793367
0.349404 0.792740
0.349752 0.792099
0.350395 0.790777
0.350687 0.790097
0.350960 0.789406
0.351213 0.788705
0.351444 0.787994
0.351841 0.786547
0.352005 0.785813
0.352146 0.785073
0.352262 0.784327
0.352354 0.783577
0.352422 0.782823
0.352493 0.781304
0.352497 0.780540
0.352481 0.779774
0.352447 0.779006
0.352395 0.778237
0.352242 0.776697
0.352143 0.775928
0.352029 0.775158
0.351903 0.774390
0.351764 0.773624
0.351449 0.772100
0.351273 0.771344
0.351082 0.770595
0.350878 0.769853
0.350659 0.769120
0.350176 0.767682
0.349910 0.766980
0.349629 0.766292
0.349330 0.765617
0.349015 0.764958
0.348681 0.764316
0.347959 0.763085
0.347570 0.762498
0.347164 0.761932
0.346742 0.761387
0.346305 0.760863
0.345389 0.759884
0.344912 0.759430
0.344424 0.759000
0.343926 0.758596
0.343419 0.758217
0.342382 0.757539
0.341853 0.757241
0.341320 0.756973
0.340782 0.756733
0.340241 0.756523
0.339153 0.756193
0.338606 0.756073
0.338057 0.755982
0.337507 0.755920
0.336956 0.755886
0.336404 0.755882
0.335299 0.755957
0.334747 0.756036
0.334195 0.756142
0.333644 0.756276
0.333093 0.756437
0.331996 0.756837
0.331451 0.757077
0.330909 0.757341
0.330370 0.757630
0.329836 0.757943
0.328784 0.758638
0.328267 0.759020
0.327758 0.759423
0.327256 0.759847
0.326763 0.760292
0.325807 0.761241
0.325344 0.761745
0.324893 0.762266
0.324455 0.762805
0.324029 0.763361
0.323219 0.764523
0.322836 0.765127
0.322469 0.765746
0.322118 0.766380
0.321785 0.767027
0.321469 0.767687
0.320895 0.769045
0.320637 0.769741
0.320400 0.770448
0.320184 0.771165
0.319991 0.771893
0.319673 0.773373
0.319550 0.774126
0.319450 0.774885
0.319374 0.775649
0.319321 0.776417
0.319284 0.777961
0.319300 0.778734
0.319339 0.779506
0.319400 0.780277
0.319484 0.781044
0.319718 0.782565
0.319868 0.783316
0.320039 0.784060
0.320229 0.784796
0.320429 0.785528
0.320636 0.786258
0.321038 0.787723
0.321221 0.788463
0.321384 0.789211
0.321520 0.789970
0.321624 0.790742
0.321706 0.792335
0.321672 0.793162
0.321579 0.794012
