[CONTOUR]
0.084608 0.072431
0.084151 0.073251
0.083009 0.073661
0.081867 0.074071
0.080497 0.074276
0.079355 0.074685
0.077756 0.074890
0.076843 0.075300
0.075244 0.075710
0.076158 0.075915
0.078213 0.076325
0.085293 0.076530
0.087120 0.076940
0.089861 0.077350
0.092145 0.077555
0.093515 0.077965
0.095570 0.078170
0.096712 0.078580
0.098768 0.078989
0.100595 0.079194
0.101737 0.079604
0.103335 0.079809
0.104249 0.080219
0.105848 0.080629
0.107446 0.080834
0.108588 0.081244
0.109730 0.081449
0.110644 0.081859
0.112014 0.082064
0.113384 0.082474
0.114298 0.082884
0.115668 0.083088
0.116581 0.083498
0.117723 0.083703
0.118865 0.084113
0.119550 0.084523
0.120464 0.084728
0.121149 0.085138
0.121834 0.085343
0.122748 0.085753
0.123433 0.086163
0.124347 0.086368
0.125032 0.086778
0.125717 0.086983
0.126630 0.087392
0.127544 0.088007
0.128229 0.088212
0.129143 0.088827
0.129828 0.089032
0.130970 0.089647
0.131883 0.090262
0.132568 0.090467
0.133710 0.091287
0.134395 0.091491
0.135537 0.092106
0.136451 0.092721
0.137364 0.093131
0.138278 0.093746
0.139191 0.094156
0.140333 0.094771
0.141247 0.095386
0.141932 0.095591
0.143074 0.096410
0.143759 0.096615
0.145358 0.097640
0.146271 0.098255
0.147185 0.098665
0.148098 0.099280
0.149012 0.099690
0.150154 0.100304
0.151067 0.100919
0.151981 0.101329
0.152894 0.101944
0.153580 0.102149
0.154493 0.102559
0.155407 0.103174
0.156092 0.103379
0.156777 0.103789
0.157690 0.104198
0.158376 0.104608
0.159289 0.105018
0.159974 0.105223
0.160659 0.105633
0.161345 0.105838
0.162030 0.106248
0.162943 0.106658
0.163857 0.106863
0.164542 0.107273
0.165455 0.107478
0.166141 0.107888
0.167511 0.108297
0.168424 0.108502
0.169110 0.108912
0.170251 0.109117
0.170937 0.109527
0.172079 0.109937
0.172992 0.110142
0.173677 0.110552
0.174591 0.110757
0.175504 0.111167
0.176646 0.111577
0.177560 0.111782
0.178473 0.112192
0.179387 0.112397
0.180072 0.112806
0.180985 0.113216
0.182127 0.113421
0.183041 0.113831
0.184183 0.114036
0.185553 0.114446
0.186695 0.113421
0.186238 0.112806
0.185781 0.111987
0.184640 0.110757
0.183726 0.110347
0.182127 0.109322
0.180985 0.108502
0.179844 0.107888
0.178702 0.107068
0.178016 0.106863
0.176646 0.106043
0.175733 0.105428
0.175047 0.105223
0.174134 0.104608
0.173220 0.104198
0.172535 0.103789
0.171393 0.103174
0.170480 0.102764
0.169795 0.102354
0.169110 0.102149
0.168196 0.101534
0.167282 0.101124
0.166369 0.100714
0.165684 0.100304
0.164999 0.100099
0.164085 0.099485
0.163172 0.099075
0.162486 0.098870
0.161573 0.098255
0.160888 0.098050
0.159974 0.097435
0.158832 0.096820
0.157919 0.096410
0.156777 0.095591
0.156092 0.095386
0.154950 0.094566
0.153808 0.093951
0.153123 0.093746
0.152438 0.093336
0.151524 0.092926
0.150839 0.092516
0.149469 0.091696
0.148555 0.091287
0.147642 0.090672
0.146728 0.090262
0.145814 0.089647
0.144673 0.089032
0.143987 0.088827
0.143074 0.088212
0.142389 0.088007
0.141475 0.087392
0.140333 0.086778
0.139648 0.086573
0.138735 0.085958
0.138049 0.085753
0.137136 0.085138
0.135994 0.084523
0.135309 0.084318
0.134395 0.083703
0.133710 0.083498
0.132797 0.082884
0.131883 0.082474
0.130970 0.082064
0.130284 0.081654
0.129599 0.081449
0.128914 0.081039
0.128229 0.080834
0.127087 0.080219
0.126402 0.079809
0.125717 0.079604
0.125032 0.079194
0.124347 0.078989
0.123433 0.078580
0.122748 0.078170
0.121834 0.077965
0.121149 0.077555
0.120007 0.077350
0.118865 0.076940
0.117723 0.076530
0.116581 0.076325
0.115668 0.075915
0.114298 0.075710
0.112471 0.075300
0.111100 0.074890
0.109273 0.074685
0.108131 0.074276
0.106076 0.074071
0.104706 0.073661
0.103564 0.073251
0.103107 0.072431
[SKELETON]
0.079951 0.075243
0.081124 0.075135
0.081124 0.075135
0.082289 0.075045
0.082289 0.075045
0.083448 0.074972
0.083448 0.074972
0.084599 0.074916
0.084599 0.074916
0.085744 0.074877
0.085744 0.074877
0.086882 0.074855
0.086882 0.074855
0.088013 0.074849
0.088013 0.074849
0.089138 0.074859
0.090256 0.074886
0.090256 0.074886
0.091368 0.074927
0.091368 0.074927
0.092474 0.074985
0.092474 0.074985
0.093573 0.075057
0.093573 0.075057
0.094667 0.075144
0.094667 0.075144
0.095754 0.075246
0.095754 0.075246
0.096836 0.075362
0.096836 0.075362
0.097912 0.075492
0.098982 0.075636
0.098982 0.075636
0.100047 0.075793
0.100047 0.075793
0.101106 0.075964
0.101106 0.075964
0.102161 0.076148
0.102161 0.076148
0.103209 0.076344
0.103209 0.076344
0.104253 0.076553
0.104253 0.076553
0.105292 0.076774
0.105292 0.076774
0.106326 0.077007
0.107355 0.077252
0.107355 0.077252
0.108380 0.077509
0.108380 0.077509
0.109399 0.077776
0.109399 0.077776
0.110415 0.078054
0.110415 0.078054
0.111426 0.078344
0.111426 0.078344
0.112433 0.078643
0.112433 0.078643
0.113435 0.078953
0.113435 0.078953
0.114434 0.079272
0.114434 0.079272
0.115428 0.079601
0.116419 0.079940
0.116419 0.079940
0.117406 0.080287
0.117406 0.080287
0.118389 0.080643
0.118389 0.080643
0.119369 0.081008
0.119369 0.081008
0.120346 0.081382
0.120346 0.081382
0.121319 0.081763
0.121319 0.081763
0.122289 0.082152
0.122289 0.082152
0.123255 0.082548
0.124219 0.082952
0.124219 0.082952
0.125180 0.083363
0.125180 0.083363
0.126138 0.083781
0.126138 0.083781
0.127093 0.084205
0.127093 0.084205
0.128046 0.084635
0.128046 0.084635
0.128996 0.085071
0.128996 0.085071
0.129944 0.085513
0.129944 0.085513
0.130889 0.085961
0.131833 0.086413
0.131833 0.086413
0.132774 0.086871
0.132774 0.086871
0.133713 0.087333
0.133713 0.087333
0.134651 0.087799
0.134651 0.087799
0.135586 0.088270
0.135586 0.088270
0.136520 0.088744
0.136520 0.088744
0.137453 0.089222
0.137453 0.089222
0.138384 0.089704
0.139313 0.090188
0.139313 0.090188
0.140242 0.090676
0.140242 0.090676
0.141169 0.091166
0.141169 0.091166
0.142095 0.091658
0.142095 0.091658
0.143021 0.092152
0.143021 0.092152
0.143945 0.092648
0.143945 0.092648
0.144869 0.093146
0.144869 0.093146
0.145792 0.093644
0.146715 0.094144
0.146715 0.094144
0.147637 0.094645
0.147637 0.094645
0.148559 0.095146
0.148559 0.095146
0.149481 0.095647
0.149481 0.095647
0.150402 0.096148
0.150402 0.096148
0.151324 0.096649
0.151324 0.096649
0.152246 0.097149
0.152246 0.097149
0.153168 0.097649
0.154090 0.098147
0.154090 0.098147
0.155013 0.098644
0.155013 0.098644
0.155936 0.099139
0.155936 0.099139
0.156860 0.099633
0.156860 0.099633
0.157785 0.100124
0.157785 0.100124
0.158710 0.100613
0.158710 0.100613
0.159636 0.101099
0.159636 0.101099
0.160564 0.101582
0.160564 0.101582
0.161493 0.102063
0.162422 0.102539
0.162422 0.102539
0.163354 0.103012
0.163354 0.103012
0.164286 0.103481
0.164286 0.103481
0.165221 0.103946
0.165221 0.103946
0.166157 0.104406
0.166157 0.104406
0.167095 0.104862
0.167095 0.104862
0.168034 0.105312
0.168034 0.105312
0.168976 0.105758
0.169920 0.106197
0.169920 0.106197
0.170865 0.106631
0.170865 0.106631
0.171814 0.107059
0.171814 0.107059
0.172764 0.107481
0.172764 0.107481
0.173717 0.107896
0.173717 0.107896
0.174673 0.108304
0.174673 0.108304
0.175632 0.108705
0.175632 0.108705
0.176593 0.109098
0.177557 0.109484
0.177557 0.109484
0.178525 0.109862
0.178525 0.109862
0.179495 0.110232
0.179495 0.110232
0.180469 0.110594
0.180469 0.110594
0.181446 0.110947
0.181446 0.110947
0.182426 0.111291
0.182426 0.111291
0.183410 0.111625
0.183410 0.111625
0.184398 0.111951
