[CONTOUR]
0.590358 0.536140
0.590008 0.537399
0.588606 0.537713
0.587905 0.538028
0.586853 0.538342
0.585451 0.538971
0.584400 0.539286
0.583699 0.539600
0.582647 0.539915
0.581245 0.540229
0.579844 0.540858
0.579143 0.541173
0.577741 0.542116
0.577040 0.542431
0.576339 0.542746
0.574937 0.543375
0.573885 0.544004
0.572834 0.544633
0.571432 0.545576
0.567576 0.548722
0.558113 0.556899
0.554959 0.560045
0.553206 0.562246
0.551454 0.564134
0.549702 0.566021
0.546547 0.569166
0.545496 0.570424
0.544444 0.571682
0.543393 0.572940
0.542692 0.574198
0.541640 0.575457
0.540939 0.576400
0.539187 0.578287
0.538486 0.579231
0.537785 0.580175
0.537084 0.581433
0.536383 0.582376
0.536032 0.583005
0.535331 0.583949
0.534280 0.585207
0.533579 0.586151
0.533229 0.586780
0.532528 0.588038
0.532177 0.588667
0.531827 0.589296
0.530775 0.590554
0.530425 0.591183
0.529724 0.592127
0.529373 0.592756
0.529023 0.593699
0.528672 0.594328
0.528322 0.594957
0.527621 0.595901
0.527270 0.596530
0.526920 0.597159
0.526569 0.598103
0.526219 0.598732
0.525868 0.599361
0.525518 0.599990
0.524466 0.601248
0.523765 0.602506
0.523415 0.603135
0.523064 0.604079
0.522714 0.604708
0.522363 0.605337
0.521662 0.606280
0.522013 0.607539
0.523415 0.606909
0.538486 0.593070
0.541640 0.589925
0.544444 0.587094
0.548300 0.583320
0.552505 0.578916
0.560216 0.571682
0.561268 0.571053
0.562670 0.569795
0.563721 0.568537
0.564072 0.568222
0.565473 0.566964
0.566875 0.566021
0.567927 0.564763
0.572133 0.561303
0.574586 0.559730
0.576339 0.558472
0.577741 0.557528
0.579143 0.556585
0.580194 0.555956
0.580895 0.555641
0.582297 0.555012
0.582998 0.554698
0.583699 0.554383
0.584400 0.554069
0.585451 0.553440
0.586152 0.553125
0.586853 0.552810
0.588255 0.552496
0.588956 0.552181
0.590008 0.551867
0.591059 0.551238
0.592111 0.550923
0.593513 0.550609
0.594564 0.550294
0.597017 0.549980
0.599821 0.549665
0.602275 0.549351
0.606130 0.548722
0.612789 0.549036
0.615944 0.549351
0.620500 0.549665
0.622603 0.549980
0.624356 0.550294
0.626458 0.550609
0.629262 0.551238
0.631365 0.551552
0.633118 0.551867
0.637324 0.552181
0.638726 0.552496
0.640128 0.552810
0.642230 0.553440
0.644333 0.553754
0.645735 0.554069
0.647137 0.554383
0.650642 0.554698
0.652395 0.555012
0.653797 0.555327
0.655900 0.555956
0.658002 0.556270
0.659404 0.556585
0.662208 0.556899
0.663961 0.557214
0.665012 0.557528
0.666414 0.557843
0.668167 0.558472
0.669569 0.558787
0.670971 0.559101
0.672723 0.559416
0.673774 0.559730
0.674826 0.560045
0.675877 0.560674
0.676929 0.560988
0.677980 0.561303
0.679733 0.561617
0.680784 0.561932
0.681836 0.562246
0.682887 0.562561
0.683939 0.563190
0.685341 0.563504
0.686042 0.563819
0.689196 0.563819
0.688845 0.562246
0.688495 0.561617
0.687794 0.560359
0.687443 0.559730
0.687093 0.559101
0.686042 0.557843
0.682887 0.554698
0.681485 0.553754
0.680083 0.552810
0.679032 0.552496
0.678331 0.552181
0.677279 0.551552
0.675527 0.550609
0.674826 0.550294
0.674125 0.549980
0.673073 0.549665
0.672022 0.549351
0.671321 0.549036
0.670620 0.548722
0.669569 0.548093
0.668868 0.547778
0.667816 0.547463
0.666414 0.547149
0.665713 0.546834
0.664662 0.546520
0.663610 0.546205
0.662208 0.545576
0.661507 0.545262
0.660456 0.544947
0.659054 0.544633
0.658002 0.544318
0.656951 0.544004
0.655549 0.543375
0.654498 0.543060
0.653446 0.542746
0.652395 0.542431
0.650292 0.542116
0.649240 0.541802
0.648189 0.541487
0.646436 0.540858
0.645385 0.540544
0.644333 0.540229
0.641529 0.539915
0.640128 0.539600
0.639076 0.539286
0.637324 0.538971
0.634520 0.538342
0.633118 0.538028
0.631365 0.537713
0.628912 0.537399
0.628561 0.536140
[SKELETON]
0.687988 0.562532
0.686508 0.561593
0.686508 0.561593
0.685029 0.560698
0.685029 0.560698
0.683549 0.559847
0.682070 0.559038
0.682070 0.559038
0.680590 0.558268
0.680590 0.558268
0.679110 0.557537
0.679110 0.557537
0.677627 0.556841
0.676143 0.556180
0.676143 0.556180
0.674657 0.555552
0.674657 0.555552
0.673167 0.554955
0.671675 0.554387
0.671675 0.554387
0.670178 0.553846
0.670178 0.553846
0.668677 0.553331
0.667172 0.552839
0.667172 0.552839
0.665661 0.552370
0.665661 0.552370
0.664145 0.551920
0.664145 0.551920
0.662622 0.551489
0.661093 0.551075
0.661093 0.551075
0.659557 0.550675
0.659557 0.550675
0.658014 0.550289
0.656462 0.549914
0.656462 0.549914
0.654903 0.549548
0.654903 0.549548
0.653334 0.549190
0.651756 0.548838
0.651756 0.548838
0.650168 0.548490
0.650168 0.548490
0.648570 0.548144
0.648570 0.548144
0.646961 0.547799
0.645341 0.547453
0.645341 0.547453
0.643709 0.547104
0.643709 0.547104
0.642066 0.546751
0.640412 0.546397
0.640412 0.546397
0.638748 0.546044
0.638748 0.546044
0.637075 0.545693
0.635395 0.545346
0.635395 0.545346
0.633707 0.545006
0.633707 0.545006
0.632014 0.544675
0.632014 0.544675
0.630315 0.544354
0.628613 0.544045
0.628613 0.544045
0.626907 0.543751
0.626907 0.543751
0.625199 0.543473
0.623489 0.543214
0.623489 0.543214
0.621779 0.542975
0.621779 0.542975
0.620070 0.542758
0.618362 0.542566
0.618362 0.542566
0.616656 0.542400
0.616656 0.542400
0.614954 0.542262
0.614954 0.542262
0.613256 0.542154
0.611563 0.542079
0.611563 0.542079
0.609877 0.542038
0.609877 0.542038
0.608197 0.542034
0.606526 0.542067
0.606526 0.542067
0.604863 0.542141
0.604863 0.542141
0.603210 0.542257
0.601568 0.542417
0.601568 0.542417
0.599938 0.542624
0.599938 0.542624
0.598320 0.542876
0.598320 0.542876
0.596714 0.543175
0.595121 0.543517
0.595121 0.543517
0.593541 0.543903
0.593541 0.543903
0.591973 0.544331
0.590419 0.544800
0.590419 0.544800
0.588878 0.545310
0.588878 0.545310
0.587351 0.545858
0.587351 0.545858
0.585837 0.546444
0.584337 0.547067
0.584337 0.547067
0.582850 0.547726
0.582850 0.547726
0.581378 0.548420
0.579921 0.549147
0.579921 0.549147
0.578477 0.549907
0.578477 0.549907
0.577049 0.550699
0.575635 0.551521
0.575635 0.551521
0.574236 0.552372
0.574236 0.552372
0.572852 0.553252
0.572852 0.553252
0.571484 0.554159
0.570131 0.555092
0.570131 0.555092
0.568793 0.556051
0.568793 0.556051
0.567472 0.557033
0.566166 0.558038
0.566166 0.558038
0.564877 0.559066
0.564877 0.559066
0.563604 0.560114
0.562347 0.561182
0.562347 0.561182
0.561108 0.562268
0.561108 0.562268
0.559885 0.563373
0.559885 0.563373
0.558679 0.564494
0.557490 0.565630
0.557490 0.565630
0.556318 0.566781
0.556318 0.566781
0.555162 0.567945
0.554022 0.569122
0.554022 0.569122
0.552897 0.570310
0.552897 0.570310
0.551786 0.571508
0.550687 0.572716
0.550687 0.572716
0.549601 0.573932
0.549601 0.573932
0.548527 0.575155
0.548527 0.575155
0.547463 0.576385
0.546410 0.577620
0.546410 0.577620
0.545365 0.578859
0.545365 0.578859
0.544329 0.580101
0.543301 0.581346
0.543301 0.581346
0.542279 0.582591
0.542279 0.582591
0.541264 0.583837
0.540254 0.585082
0.540254 0.585082
0.539248 0.586325
0.539248 0.586325
0.538246 0.587565
0.538246 0.587565
0.537247 0.588801
0.536250 0.590032
0.536250 0.590032
0.535254 0.591257
0.535254 0.591257
0.534259 0.592475
0.533263 0.593685
0.533263 0.593685
0.532267 0.594885
0.532267 0.594885
0.531268 0.596076
0.530267 0.597256
0.530267 0.597256
0.529263 0.598423
0.529263 0.598423
0.528255 0.599577
0.528255 0.599577
0.527241 0.600717
0.526222 0.601842
0.526222 0.601842
0.525196 0.602951
0.525196 0.602951
0.524163 0.604042
