[CONTOUR]
0.170469 0.714022
0.170156 0.714302
0.169532 0.714302
0.168908 0.714862
0.168908 0.722703
0.169220 0.722983
0.169220 0.726343
0.169532 0.726623
0.169532 0.728584
0.169844 0.728864
0.169844 0.729984
0.170156 0.730264
0.170156 0.731104
0.170469 0.731384
0.170469 0.732224
0.170781 0.732504
0.170781 0.733904
0.171093 0.734184
0.171093 0.735304
0.171405 0.735584
0.171405 0.736985
0.171717 0.737265
0.171717 0.738665
0.172029 0.738945
0.172029 0.740625
0.172341 0.740905
0.172341 0.742585
0.172653 0.742865
0.172653 0.748466
0.172341 0.748746
0.172341 0.751826
0.172653 0.752106
0.172653 0.752946
0.173901 0.751826
0.173901 0.751546
0.174213 0.751266
0.174213 0.750986
0.174525 0.750706
0.174525 0.750426
0.174837 0.750146
0.174837 0.749866
0.175149 0.749586
0.175149 0.749306
0.175461 0.749026
0.175461 0.748466
0.175773 0.748186
0.175773 0.747626
0.176085 0.747346
0.176085 0.746786
0.176397 0.746506
0.176397 0.745946
0.176709 0.745666
0.176709 0.744825
0.177022 0.744545
0.177022 0.743985
0.177334 0.743705
0.177334 0.742865
0.177646 0.742585
0.177646 0.741465
0.177958 0.741185
0.177958 0.739785
0.178270 0.739505
0.178270 0.734464
0.178582 0.734184
0.178582 0.724663
0.178894 0.724383
0.178894 0.721023
0.179206 0.720743
0.179206 0.715422
0.178894 0.715142
0.178894 0.714582
0.178582 0.714582
0.178270 0.714302
0.177958 0.714302
0.177646 0.714022
[CONTOUR]
0.054699 0.611810
0.055635 0.612930
0.056571 0.613490
0.057195 0.613770
0.058443 0.614050
0.059380 0.614610
0.060316 0.614890
0.061252 0.615450
0.061876 0.615731
0.063124 0.616011
0.064372 0.616571
0.065620 0.616851
0.066869 0.617411
0.068117 0.617691
0.069053 0.617971
0.070301 0.618531
0.071861 0.618811
0.073110 0.619371
0.074670 0.619651
0.075606 0.619931
0.077166 0.620491
0.079039 0.620771
0.080599 0.621331
0.082783 0.621611
0.084031 0.621891
0.085279 0.622451
0.087776 0.622731
0.089648 0.623291
0.091832 0.623571
0.093393 0.623851
0.094641 0.624412
0.096825 0.624692
0.098385 0.625252
0.100570 0.625532
0.102130 0.626092
0.103066 0.626372
0.104938 0.626652
0.106187 0.627212
0.108059 0.627492
0.109307 0.628052
0.110243 0.628332
0.111804 0.628612
0.113052 0.629172
0.114300 0.629452
0.115548 0.630012
0.116484 0.630292
0.117732 0.630572
0.118669 0.631132
0.119605 0.631412
0.120853 0.631972
0.121477 0.632252
0.122725 0.632532
0.123661 0.633093
0.124598 0.633373
0.125534 0.633933
0.126158 0.634213
0.127094 0.634493
0.128030 0.635053
0.128966 0.635333
0.129902 0.635893
0.130838 0.636173
0.131463 0.636453
0.132711 0.637293
0.133647 0.637573
0.134895 0.638413
0.135831 0.638693
0.136767 0.639253
0.138016 0.640093
0.139264 0.640653
0.140824 0.641774
0.142384 0.642614
0.143632 0.643454
0.150810 0.650175
0.152058 0.651855
0.153306 0.653255
0.153930 0.654375
0.154242 0.654935
0.155178 0.656055
0.155490 0.656895
0.156114 0.657735
0.156426 0.658575
0.157050 0.659416
0.157363 0.659976
0.157675 0.661096
0.158299 0.662216
0.158611 0.663336
0.159235 0.664456
0.159547 0.665576
0.159859 0.667256
0.160483 0.668657
0.160795 0.670897
0.161419 0.672577
0.161731 0.673977
0.162043 0.677058
0.162667 0.678458
0.162979 0.681258
0.163603 0.682938
0.163916 0.684338
0.164228 0.687139
0.164852 0.689099
0.165164 0.691619
0.165788 0.693860
0.166100 0.696660
0.166412 0.698060
0.167036 0.699740
0.167348 0.700860
0.168284 0.701981
0.170781 0.702261
0.173901 0.701981
0.179206 0.701981
0.180766 0.700860
0.180766 0.696660
0.180454 0.692739
0.180142 0.688819
0.179518 0.686299
0.179206 0.682938
0.178582 0.680978
0.178270 0.679018
0.177958 0.677898
0.177334 0.676218
0.177022 0.673697
0.176397 0.672577
0.176085 0.670337
0.175461 0.668937
0.175149 0.667537
0.174837 0.665016
0.174213 0.663616
0.173901 0.661656
0.173277 0.660536
0.172965 0.659696
0.172653 0.658015
0.172029 0.656895
0.171717 0.655775
0.171093 0.654655
0.170781 0.654095
0.170469 0.652975
0.169844 0.652135
0.169532 0.651015
0.168908 0.650175
0.168596 0.649614
0.167972 0.648494
0.167348 0.647654
0.166724 0.646534
0.165788 0.645414
0.165164 0.644294
0.164540 0.643454
0.162043 0.640933
0.156426 0.635893
0.153930 0.633933
0.152370 0.633093
0.151434 0.632532
0.150185 0.631692
0.149249 0.631412
0.148001 0.630572
0.147065 0.630292
0.146441 0.630012
0.145505 0.629452
0.144569 0.629172
0.143632 0.628612
0.142696 0.628332
0.142072 0.628052
0.141136 0.627492
0.140200 0.627212
0.139264 0.626652
0.138328 0.626372
0.137704 0.626092
0.136767 0.625532
0.135831 0.625252
0.134895 0.624692
0.133647 0.624412
0.132711 0.623851
0.132087 0.623571
0.130838 0.623291
0.129590 0.622731
0.128654 0.622451
0.127406 0.621891
0.126470 0.621611
0.125222 0.621331
0.124285 0.620771
0.123037 0.620491
0.121789 0.619931
0.121165 0.619651
0.119605 0.619371
0.118357 0.618811
0.116172 0.618531
0.115236 0.617971
0.113988 0.617691
0.111804 0.617411
0.110243 0.616851
0.108059 0.616571
0.106187 0.616011
0.103690 0.615731
0.102130 0.615450
0.099946 0.614890
0.096825 0.614610
0.094329 0.614050
0.089648 0.613770
0.087152 0.613490
0.082471 0.612930
0.079975 0.611810
[SKELETON]
0.058094 0.612745
0.059504 0.613037
0.060918 0.613323
0.060918 0.613323
0.062338 0.613603
0.063762 0.613877
0.065190 0.614147
0.065190 0.614147
0.066623 0.614411
0.068059 0.614671
0.069499 0.614928
0.069499 0.614928
0.070942 0.615181
0.072388 0.615432
0.073836 0.615681
0.073836 0.615681
0.075287 0.615927
0.076741 0.616173
0.078196 0.616417
0.078196 0.616417
0.079652 0.616661
0.081110 0.616906
0.082569 0.617151
0.082569 0.617151
0.084029 0.617397
0.085489 0.617645
0.086950 0.617894
0.086950 0.617894
0.088410 0.618147
0.089870 0.618402
0.091330 0.618661
0.091330 0.618661
0.092788 0.618924
0.094246 0.619191
0.095702 0.619464
0.095702 0.619464
0.097157 0.619742
0.098609 0.620025
0.100060 0.620315
0.100060 0.620315
0.101508 0.620612
0.102953 0.620917
0.104395 0.621229
0.104395 0.621229
0.105834 0.621549
0.107269 0.621879
0.108700 0.622217
0.108700 0.622217
0.110128 0.622566
0.111551 0.622924
0.112969 0.623294
0.112969 0.623294
0.114382 0.623674
0.115790 0.624066
0.117193 0.624471
0.117193 0.624471
0.118590 0.624888
0.119981 0.625318
0.121365 0.625762
0.121365 0.625762
0.122744 0.626220
0.124115 0.626692
0.125479 0.627180
0.125479 0.627180
0.126836 0.627683
0.128185 0.628202
0.129526 0.628737
0.130859 0.629290
0.130859 0.629290
0.132184 0.629860
0.133499 0.630448
0.134806 0.631054
0.134806 0.631054
0.136104 0.631679
0.137392 0.632324
0.138669 0.632988
0.138669 0.632988
0.139935 0.633672
0.141188 0.634377
0.142427 0.635102
0.142427 0.635102
0.143649 0.635847
0.144855 0.636613
0.146041 0.637400
0.146041 0.637400
0.147208 0.638209
0.148353 0.639038
0.149476 0.639890
0.149476 0.639890
0.150574 0.640763
0.151647 0.641658
0.152694 0.642575
0.152694 0.642575
0.153711 0.643515
0.154700 0.644478
0.155657 0.645463
0.155657 0.645463
0.156582 0.646471
0.157476 0.647501
0.158338 0.648553
0.158338 0.648553
0.159169 0.649625
0.159969 0.650716
0.160738 0.651827
0.160738 0.651827
0.161477 0.652957
0.162184 0.654104
0.162861 0.655268
0.162861 0.655268
0.163509 0.656449
0.164126 0.657645
0.164713 0.658856
0.164713 0.658856
0.165270 0.660081
0.165798 0.661320
0.166297 0.662571
0.166297 0.662571
0.166767 0.663835
0.167209 0.665109
0.167626 0.666394
0.167626 0.666394
0.168019 0.667688
0.168389 0.668990
0.168738 0.670299
0.168738 0.670299
0.169068 0.671614
0.169380 0.672935
0.169676 0.674260
0.169676 0.674260
0.169957 0.675588
0.170225 0.676919
0.170482 0.678251
0.170482 0.678251
0.170729 0.679584
0.170967 0.680917
0.171199 0.682248
0.171425 0.683576
0.171425 0.683576
0.171648 0.684901
0.171869 0.686223
0.172089 0.687538
0.172089 0.687538
0.172311 0.688848
0.172535 0.690150
0.172764 0.691445
0.172764 0.691445
0.172999 0.692730
0.173241 0.694006
0.173492 0.695270
0.173492 0.695270
0.173754 0.696522
0.174028 0.697762
0.174027 0.699353
0.174027 0.699353
0.174027 0.700944
0.174026 0.702536
0.174026 0.704127
0.174026 0.704127
0.174026 0.705718
0.174025 0.707309
0.174025 0.708900
0.174025 0.708900
0.174024 0.710492
0.174024 0.712083
0.174023 0.713674
0.174023 0.713674
0.174023 0.715265
0.174023 0.716857
0.174022 0.718448
0.174022 0.718448
0.173937 0.719730
0.173898 0.721029
0.173898 0.722342
0.173898 0.722342
0.173933 0.723669
0.173997 0.725009
0.174085 0.726360
0.174085 0.726360
0.174190 0.727720
0.174307 0.729089
0.174430 0.730465
0.174430 0.730465
0.174555 0.731847
0.174675 0.733234
0.174785 0.734624
0.174785 0.734624
0.174879 0.736016
0.174951 0.737409
0.174997 0.738801
0.174997 0.738801
0.175010 0.740191
0.174985 0.741578
0.174917 0.742961
0.174917 0.742961
0.174799 0.744337
0.174626 0.745707
0.174393 0.747068
0.174393 0.747068
0.174094 0.748420
0.173723 0.749760
