[CONTOUR]
0.695995 0.404627
0.694028 0.409014
0.692062 0.412524
0.689440 0.416911
0.686490 0.421737
0.683868 0.426563
0.682229 0.429633
0.679934 0.433582
0.677640 0.437530
0.675673 0.441040
0.674362 0.443672
0.672724 0.446743
0.671413 0.449375
0.670101 0.452007
0.669118 0.454201
0.667152 0.457710
0.666168 0.459904
0.664857 0.462536
0.664202 0.464291
0.663218 0.466484
0.662235 0.468678
0.661252 0.470871
0.660596 0.472626
0.659613 0.474820
0.658630 0.477013
0.657646 0.479645
0.656663 0.481839
0.655680 0.484032
0.654696 0.486226
0.653713 0.488419
0.652730 0.490613
0.651747 0.492806
0.650763 0.495000
0.650108 0.496755
0.649124 0.498948
0.647486 0.502019
0.646502 0.504213
0.645519 0.506406
0.644208 0.509038
0.643225 0.511232
0.642241 0.513425
0.641258 0.515619
0.639947 0.518251
0.638636 0.520883
0.637325 0.523516
0.636014 0.526587
0.634703 0.529219
0.633719 0.531412
0.632736 0.533606
0.631425 0.536238
0.630442 0.538431
0.629131 0.541064
0.627820 0.543696
0.626836 0.545889
0.625525 0.548522
0.623559 0.552031
0.622575 0.554225
0.621920 0.555980
0.620609 0.558612
0.619626 0.560805
0.618642 0.562999
0.617659 0.565192
0.616676 0.567386
0.615692 0.569579
0.615037 0.571334
0.614054 0.573966
0.612742 0.576599
0.612087 0.578353
0.610776 0.580986
0.609793 0.583179
0.608809 0.585373
0.608154 0.587127
0.607170 0.589321
0.606515 0.591076
0.605532 0.593269
0.604221 0.595901
0.603565 0.597656
0.602582 0.599850
0.601926 0.601605
0.600943 0.603798
0.599960 0.605992
0.599304 0.607746
0.598649 0.609501
0.597993 0.611256
0.597337 0.613011
0.596682 0.615204
0.596026 0.616959
0.595371 0.618714
0.594388 0.621346
0.593732 0.623101
0.593077 0.625294
0.592421 0.627488
0.591765 0.630120
0.591110 0.632314
0.590454 0.634946
0.589471 0.637139
0.587832 0.648984
0.593077 0.643720
0.595371 0.639772
0.596682 0.637139
0.597993 0.634507
0.598649 0.632752
0.599632 0.630559
0.600943 0.627927
0.602582 0.624856
0.605204 0.620030
0.608482 0.614766
0.610120 0.611695
0.611759 0.608624
0.613070 0.605992
0.614709 0.602921
0.616020 0.600288
0.617331 0.597656
0.618642 0.595024
0.619953 0.592392
0.621920 0.588882
0.623231 0.586250
0.624542 0.583618
0.625853 0.580986
0.626836 0.578792
0.628147 0.576160
0.629131 0.573966
0.630442 0.571334
0.631753 0.568702
0.633064 0.566070
0.634375 0.562999
0.635358 0.560805
0.636669 0.558173
0.637980 0.555541
0.639291 0.552909
0.640275 0.550715
0.641258 0.548522
0.642569 0.545889
0.643552 0.543696
0.644536 0.541502
0.646175 0.538431
0.647158 0.536238
0.648469 0.533606
0.649452 0.531412
0.650763 0.528780
0.652730 0.525270
0.654041 0.522638
0.654696 0.520883
0.655352 0.519129
0.656008 0.517374
0.656991 0.514742
0.658630 0.511671
0.659285 0.509916
0.659941 0.508161
0.660596 0.506406
0.661252 0.504651
0.662235 0.502458
0.663546 0.499826
0.664529 0.497632
0.665513 0.495439
0.666496 0.493245
0.667479 0.491052
0.668135 0.489297
0.668790 0.487542
0.669774 0.485349
0.670429 0.483594
0.671085 0.481400
0.671740 0.479645
0.672396 0.477891
0.673051 0.476136
0.673707 0.473942
0.674362 0.472187
0.675018 0.470433
0.675673 0.468678
0.676329 0.466923
0.676985 0.465168
0.677640 0.463413
0.678296 0.461659
0.678951 0.459904
0.679607 0.457710
0.680590 0.455517
0.681246 0.453762
0.681901 0.452007
0.682557 0.450252
0.683212 0.448498
0.683868 0.446743
0.684523 0.444988
0.685179 0.443233
0.685834 0.441478
0.686490 0.439285
0.687145 0.437091
0.687801 0.435337
0.688456 0.433143
0.689112 0.430950
0.689767 0.428756
0.690423 0.426563
0.691078 0.424369
0.691734 0.422614
0.692390 0.420859
0.693045 0.418666
0.694028 0.416472
0.694684 0.414279
0.695339 0.412524
0.695995 0.410769
0.697634 0.404627
[SKELETON]
0.694134 0.409844
0.693413 0.411655
0.693413 0.411655
0.692690 0.413465
0.691965 0.415274
0.691965 0.415274
0.691238 0.417081
0.690509 0.418888
0.690509 0.418888
0.689778 0.420693
0.689045 0.422497
0.689045 0.422497
0.688310 0.424301
0.687573 0.426103
0.687573 0.426103
0.686835 0.427904
0.686094 0.429704
0.686094 0.429704
0.685352 0.431504
0.684608 0.433302
0.684608 0.433302
0.683862 0.435099
0.683862 0.435099
0.683115 0.436895
0.682366 0.438691
0.682366 0.438691
0.681615 0.440485
0.680862 0.442279
0.680862 0.442279
0.680108 0.444071
0.679352 0.445863
0.679352 0.445863
0.678594 0.447653
0.677835 0.449443
0.677835 0.449443
0.677074 0.451232
0.676312 0.453020
0.676312 0.453020
0.675548 0.454807
0.674783 0.456594
0.674783 0.456594
0.674016 0.458379
0.673247 0.460164
0.673247 0.460164
0.672477 0.461948
0.671706 0.463731
0.671706 0.463731
0.670933 0.465513
0.670159 0.467295
0.670159 0.467295
0.669384 0.469075
0.668607 0.470855
0.668607 0.470855
0.667829 0.472635
0.667049 0.474413
0.667049 0.474413
0.666268 0.476191
0.665486 0.477968
0.665486 0.477968
0.664703 0.479745
0.664703 0.479745
0.663918 0.481520
0.663133 0.483295
0.663133 0.483295
0.662346 0.485070
0.661557 0.486843
0.661557 0.486843
0.660768 0.488617
0.659978 0.490389
0.659978 0.490389
0.659186 0.492161
0.658394 0.493932
0.658394 0.493932
0.657600 0.495703
0.656805 0.497473
0.656805 0.497473
0.656009 0.499242
0.655212 0.501011
0.655212 0.501011
0.654415 0.502780
0.653616 0.504548
0.653616 0.504548
0.652816 0.506315
0.652016 0.508082
0.652016 0.508082
0.651214 0.509848
0.650412 0.511614
0.650412 0.511614
0.649608 0.513379
0.648804 0.515144
0.648804 0.515144
0.647999 0.516909
0.647193 0.518673
0.647193 0.518673
0.646387 0.520436
0.645580 0.522199
0.645580 0.522199
0.644772 0.523962
0.643963 0.525724
0.643963 0.525724
0.643153 0.527486
0.643153 0.527486
0.642343 0.529248
0.641532 0.531009
0.641532 0.531009
0.640721 0.532770
0.639909 0.534530
0.639909 0.534530
0.639096 0.536290
0.638283 0.538050
0.638283 0.538050
0.637469 0.539810
0.636655 0.541569
0.636655 0.541569
0.635840 0.543328
0.635025 0.545087
0.635025 0.545087
0.634209 0.546845
0.633393 0.548603
0.633393 0.548603
0.632576 0.550361
0.631759 0.552119
0.631759 0.552119
0.630941 0.553876
0.630124 0.555634
0.630124 0.555634
0.629305 0.557391
0.628487 0.559148
0.628487 0.559148
0.627668 0.560904
0.626849 0.562661
0.626849 0.562661
0.626030 0.564417
0.625210 0.566174
0.625210 0.566174
0.624390 0.567930
0.623570 0.569686
0.623570 0.569686
0.622750 0.571442
0.621929 0.573198
0.621929 0.573198
0.621109 0.574954
0.621109 0.574954
0.620288 0.576709
0.619467 0.578465
0.619467 0.578465
0.618647 0.580221
0.617826 0.581976
0.617826 0.581976
0.617005 0.583732
0.616184 0.585487
0.616184 0.585487
0.615363 0.587243
0.614542 0.588998
0.614542 0.588998
0.613721 0.590754
0.612900 0.592510
0.612900 0.592510
0.612079 0.594265
0.611259 0.596021
0.611259 0.596021
0.610438 0.597777
0.609618 0.599533
0.609618 0.599533
0.608798 0.601289
0.607977 0.603045
0.607977 0.603045
0.607158 0.604801
0.606338 0.606557
0.606338 0.606557
0.605519 0.608314
0.604700 0.610070
0.604700 0.610070
0.603881 0.611827
0.603062 0.613584
0.603062 0.613584
0.602244 0.615341
0.601427 0.617098
0.601427 0.617098
0.600609 0.618856
0.600609 0.618856
0.599792 0.620614
0.598975 0.622372
0.598975 0.622372
0.598159 0.624130
0.597344 0.625888
0.597344 0.625888
0.596528 0.627647
0.595714 0.629406
0.595714 0.629406
0.594899 0.631165
0.594086 0.632925
0.594086 0.632925
0.593273 0.634685
0.592460 0.636445
0.592460 0.636445
0.591648 0.638206
0.590837 0.639966
0.590837 0.639966
0.590026 0.641728
