[CONTOUR]
0.623259 0.104586
0.624751 0.126349
0.625124 0.128024
0.625871 0.129698
0.626244 0.131707
0.626617 0.132711
0.627363 0.134050
0.627736 0.136059
0.628482 0.137399
0.628855 0.139073
0.629602 0.140077
0.629975 0.141751
0.630721 0.143091
0.631094 0.144430
0.631467 0.145434
0.632213 0.146774
0.632586 0.148113
0.633333 0.149117
0.633706 0.150791
0.634452 0.152131
0.634825 0.153135
0.635571 0.154474
0.635944 0.155814
0.636317 0.156483
0.637064 0.157488
0.637437 0.158827
0.638183 0.159832
0.638556 0.161171
0.639302 0.162175
0.639675 0.163515
0.640421 0.164519
0.640795 0.165524
0.641168 0.166528
0.641914 0.167532
0.642287 0.168537
0.643033 0.169541
0.643406 0.170546
0.644152 0.171885
0.644526 0.172890
0.645272 0.173894
0.645645 0.175233
0.646018 0.175903
0.647137 0.177242
0.647510 0.178247
0.648630 0.179586
0.649003 0.180591
0.650122 0.181930
0.650495 0.182934
0.652361 0.184943
0.653853 0.186952
0.657957 0.190300
0.660196 0.191974
0.661688 0.192644
0.663181 0.193649
0.664300 0.193983
0.665419 0.194653
0.667285 0.195323
0.668404 0.195992
0.669896 0.196662
0.672135 0.198336
0.677732 0.203693
0.679597 0.206037
0.682209 0.208716
0.683328 0.210390
0.685567 0.212733
0.686686 0.214407
0.689298 0.217086
0.690417 0.218760
0.692282 0.220769
0.695267 0.223782
0.697133 0.226126
0.700491 0.229474
0.702356 0.231818
0.706460 0.235836
0.709072 0.238849
0.713549 0.243202
0.716907 0.246885
0.722877 0.251907
0.728473 0.256595
0.730712 0.257934
0.733697 0.260278
0.735562 0.261282
0.737801 0.262957
0.739666 0.263961
0.741905 0.265635
0.743770 0.266640
0.746009 0.268314
0.750113 0.271662
0.752352 0.275010
0.754963 0.273336
0.754217 0.271662
0.751605 0.268983
0.750486 0.267309
0.747874 0.264631
0.746009 0.262287
0.744143 0.260278
0.740039 0.256260
0.737801 0.253582
0.733697 0.249564
0.731458 0.246885
0.726981 0.242532
0.724742 0.239854
0.721011 0.236171
0.719519 0.234162
0.716907 0.231483
0.715415 0.229809
0.714295 0.228135
0.712057 0.225791
0.711311 0.224452
0.709072 0.222108
0.708326 0.220769
0.706460 0.218760
0.705341 0.217086
0.703475 0.215077
0.702356 0.213738
0.701610 0.212399
0.699744 0.210390
0.698625 0.208716
0.696760 0.206707
0.696013 0.205367
0.694148 0.203358
0.693029 0.201684
0.691163 0.199675
0.690044 0.198336
0.688925 0.196662
0.686313 0.193983
0.679970 0.188291
0.676985 0.185948
0.675493 0.185278
0.673627 0.183939
0.672135 0.183269
0.671016 0.182599
0.670270 0.182265
0.668777 0.181930
0.667285 0.180925
0.666165 0.180591
0.662061 0.176573
0.661315 0.175233
0.660196 0.173894
0.659823 0.172890
0.658703 0.171550
0.658330 0.170546
0.657957 0.169541
0.657211 0.168537
0.656465 0.167198
0.655346 0.165858
0.654972 0.164854
0.654226 0.163849
0.653480 0.162510
0.652734 0.161506
0.652361 0.160836
0.651615 0.159497
0.650868 0.158492
0.650495 0.157488
0.649376 0.156149
0.649003 0.155144
0.648257 0.154140
0.647884 0.153135
0.646764 0.151796
0.646391 0.151126
0.645645 0.149787
0.644899 0.148782
0.644526 0.147778
0.643779 0.146774
0.643406 0.145769
0.642660 0.144765
0.642287 0.143760
0.641541 0.142756
0.641168 0.142086
0.640795 0.141082
0.640048 0.140077
0.639675 0.139073
0.638929 0.138068
0.638556 0.137064
0.637810 0.136059
0.637437 0.135055
0.636690 0.134050
0.636317 0.133381
0.635944 0.132376
0.635198 0.131372
0.634825 0.130032
0.634079 0.129028
0.633706 0.128024
0.632959 0.127019
0.632586 0.126015
0.631840 0.124675
0.631467 0.124006
0.631094 0.123001
0.630348 0.121662
0.629975 0.120323
0.629228 0.119318
0.628855 0.117979
0.628109 0.116640
0.627736 0.114631
0.626990 0.112957
0.626617 0.111952
0.626244 0.109608
0.625497 0.108269
0.625124 0.106260
0.624378 0.104586
[SKELETON]
0.624556 0.109291
0.624719 0.110945
0.624719 0.110945
0.624928 0.112579
0.625181 0.114193
0.625181 0.114193
0.625475 0.115788
0.625475 0.115788
0.625809 0.117365
0.626182 0.118926
0.626182 0.118926
0.626591 0.120471
0.627034 0.122001
0.627034 0.122001
0.627509 0.123518
0.628015 0.125021
0.628015 0.125021
0.628550 0.126512
0.628550 0.126512
0.629111 0.127991
0.629697 0.129461
0.629697 0.129461
0.630306 0.130921
0.630936 0.132373
0.630936 0.132373
0.631585 0.133817
0.632252 0.135255
0.632252 0.135255
0.632934 0.136687
0.633629 0.138114
0.633629 0.138114
0.634336 0.139538
0.634336 0.139538
0.635053 0.140958
0.635777 0.142377
0.635777 0.142377
0.636507 0.143795
0.637241 0.145212
0.637241 0.145212
0.637978 0.146631
0.638714 0.148051
0.638714 0.148051
0.639449 0.149474
0.639449 0.149474
0.640180 0.150901
0.640906 0.152332
0.640906 0.152332
0.641626 0.153768
0.642342 0.155207
0.642342 0.155207
0.643056 0.156650
0.643769 0.158095
0.643769 0.158095
0.644483 0.159542
0.644483 0.159542
0.645199 0.160990
0.645920 0.162438
0.645920 0.162438
0.646647 0.163884
0.647385 0.165327
0.647385 0.165327
0.648138 0.166761
0.648911 0.168183
0.648911 0.168183
0.649709 0.169590
0.649709 0.169590
0.650537 0.170978
0.651400 0.172342
0.651400 0.172342
0.652302 0.173680
0.653247 0.174987
0.653247 0.174987
0.654236 0.176264
0.655269 0.177509
0.655269 0.177509
0.656346 0.178722
0.657466 0.179903
0.657466 0.179903
0.658631 0.181052
0.658631 0.181052
0.659840 0.182167
0.661094 0.183248
0.661094 0.183248
0.662390 0.184296
0.663721 0.185318
0.663721 0.185318
0.665080 0.186320
0.666458 0.187310
0.666458 0.187310
0.667848 0.188294
0.667848 0.188294
0.669241 0.189280
0.670630 0.190274
0.670630 0.190274
0.672006 0.191283
0.673364 0.192312
0.673364 0.192312
0.674705 0.193360
0.676029 0.194427
0.676029 0.194427
0.677335 0.195512
0.677335 0.195512
0.678624 0.196615
0.679896 0.197735
0.679896 0.197735
0.681151 0.198872
0.682390 0.200025
0.682390 0.200025
0.683612 0.201193
0.684819 0.202377
0.684819 0.202377
0.686009 0.203575
0.686009 0.203575
0.687183 0.204788
0.688342 0.206014
0.688342 0.206014
0.689485 0.207253
0.690613 0.208505
0.690613 0.208505
0.691726 0.209769
0.692824 0.211045
0.692824 0.211045
0.693908 0.212331
0.693908 0.212331
0.694981 0.213627
0.696045 0.214930
0.696045 0.214930
0.697101 0.216240
0.698151 0.217555
0.698151 0.217555
0.699198 0.218875
0.700243 0.220197
0.700243 0.220197
0.701289 0.221521
0.702337 0.222844
0.702337 0.222844
0.703390 0.224167
0.703390 0.224167
0.704449 0.225488
0.705516 0.226804
0.705516 0.226804
0.706594 0.228116
0.707685 0.229421
0.707685 0.229421
0.708790 0.230719
0.709911 0.232008
0.709911 0.232008
0.711050 0.233288
0.711050 0.233288
0.712205 0.234558
0.713377 0.235819
0.713377 0.235819
0.714563 0.237072
0.715764 0.238316
0.715764 0.238316
0.716979 0.239553
0.718206 0.240782
0.718206 0.240782
0.719446 0.242004
0.719446 0.242004
0.720696 0.243219
0.721957 0.244429
0.721957 0.244429
0.723227 0.245632
0.724506 0.246829
0.724506 0.246829
0.725793 0.248022
0.727086 0.249209
0.727086 0.249209
0.728386 0.250392
0.728386 0.250392
0.729692 0.251571
0.731002 0.252746
0.731002 0.252746
0.732316 0.253918
0.733633 0.255087
0.733633 0.255087
0.734952 0.256254
0.736272 0.257418
0.736272 0.257418
0.737593 0.258580
0.738914 0.259741
0.738914 0.259741
0.740233 0.260901
0.740233 0.260901
0.741551 0.262060
0.742866 0.263218
0.742866 0.263218
0.744178 0.264377
0.745485 0.265536
0.745485 0.265536
0.746787 0.266696
0.748083 0.267857
0.748083 0.267857
0.749372 0.269019
0.749372 0.269019
0.750654 0.270184
0.751928 0.271350
0.751928 0.271350
0.753192 0.272519
