[CONTOUR]
0.090761 0.177106
0.085793 0.181907
0.080443 0.187052
0.076239 0.191510
0.073946 0.193910
0.072800 0.195625
0.071653 0.196997
0.069743 0.199054
0.068978 0.200426
0.068214 0.201455
0.067068 0.202827
0.066303 0.204198
0.065157 0.205570
0.064775 0.206256
0.064393 0.207628
0.063628 0.208657
0.063246 0.209343
0.062864 0.211057
0.062100 0.212429
0.061718 0.214830
0.061335 0.216201
0.060571 0.217916
0.060189 0.221002
0.059425 0.223060
0.059043 0.224775
0.058660 0.227861
0.057896 0.230262
0.057514 0.231634
0.057132 0.234720
0.056368 0.237121
0.055985 0.240207
0.055603 0.241922
0.054839 0.243979
0.054457 0.246723
0.054075 0.248780
0.053310 0.250495
0.052928 0.253239
0.052164 0.255296
0.051782 0.257011
0.051400 0.260097
0.050635 0.262498
0.050253 0.264213
0.049871 0.266270
0.049107 0.267642
0.048725 0.269357
0.048343 0.270386
0.047578 0.271414
0.047196 0.272786
0.046814 0.273472
0.046050 0.274844
0.045668 0.275873
0.044903 0.277244
0.044521 0.277930
0.044139 0.278959
0.043375 0.279988
0.042992 0.281360
0.042610 0.282045
0.041846 0.283074
0.041464 0.284446
0.041082 0.285132
0.040317 0.286161
0.039935 0.287190
0.039171 0.288218
0.038789 0.288904
0.038407 0.289933
0.037642 0.290962
0.037260 0.291648
0.036878 0.292677
0.036114 0.293705
0.035732 0.295077
0.035350 0.295763
0.034585 0.296792
0.034203 0.297821
0.033821 0.298506
0.033057 0.299535
0.032675 0.300564
0.031528 0.301936
0.030764 0.302965
0.030382 0.303994
0.029235 0.305365
0.028853 0.306051
0.028089 0.307423
0.027325 0.308452
0.026942 0.309481
0.026178 0.310509
0.025032 0.311881
0.024650 0.312910
0.023121 0.314625
0.021974 0.315996
0.020828 0.317711
0.017389 0.321140
0.014714 0.323884
0.010128 0.327999
0.004778 0.333143
0.003632 0.334172
0.003249 0.334858
0.002485 0.335887
0.000574 0.336916
0.004396 0.348233
0.004778 0.345832
0.007071 0.344117
0.009746 0.342403
0.011274 0.341374
0.014332 0.338973
0.016624 0.337601
0.018917 0.335887
0.030382 0.325256
0.031910 0.323198
0.034203 0.320797
0.035350 0.319426
0.036114 0.318054
0.038025 0.315996
0.039171 0.314625
0.039935 0.313253
0.041464 0.311538
0.042228 0.310166
0.042992 0.309138
0.044139 0.307766
0.044903 0.306394
0.046050 0.305022
0.046814 0.303994
0.047578 0.302622
0.049107 0.300907
0.049489 0.300221
0.050253 0.298849
0.051400 0.297478
0.052164 0.296106
0.052546 0.295420
0.053693 0.294048
0.054075 0.293019
0.054839 0.291991
0.055603 0.290962
0.055985 0.289933
0.056750 0.288904
0.057132 0.288218
0.057514 0.287190
0.058278 0.286161
0.058660 0.285132
0.059043 0.284103
0.059807 0.282731
0.060189 0.281360
0.060571 0.280674
0.061335 0.279302
0.061718 0.277930
0.062100 0.276901
0.062864 0.275530
0.063246 0.273815
0.064010 0.272443
0.064393 0.271414
0.064775 0.269014
0.065539 0.267299
0.065921 0.264899
0.066303 0.263184
0.067068 0.261469
0.067450 0.258383
0.067832 0.256668
0.068596 0.254610
0.068978 0.251181
0.069743 0.249123
0.070125 0.247066
0.070507 0.242265
0.071271 0.239521
0.071653 0.237121
0.072036 0.230948
0.072800 0.227175
0.073182 0.219974
0.073564 0.216201
0.074328 0.213115
0.074711 0.210371
0.075093 0.209000
0.075857 0.207628
0.076239 0.205913
0.077003 0.204541
0.077386 0.203513
0.077768 0.202484
0.078532 0.201112
0.078914 0.200426
0.079296 0.199397
0.080061 0.198369
0.080443 0.197340
0.080825 0.196654
0.081589 0.195625
0.081971 0.194596
0.082736 0.193567
0.083118 0.192881
0.083500 0.191853
0.084264 0.190824
0.084646 0.190138
0.085028 0.189109
0.085793 0.188080
0.086175 0.187052
0.086557 0.186366
0.087321 0.185337
0.088086 0.183965
0.088468 0.183279
0.089232 0.182250
0.089614 0.181222
0.090379 0.180193
0.090761 0.179164
0.091143 0.177449
[SKELETON]
0.088355 0.182488
0.086968 0.183702
0.086968 0.183702
0.085638 0.184937
0.085638 0.184937
0.084365 0.186194
0.084365 0.186194
0.083147 0.187471
0.081982 0.188767
0.081982 0.188767
0.080869 0.190083
0.080869 0.190083
0.079806 0.191417
0.079806 0.191417
0.078792 0.192770
0.077825 0.194139
0.077825 0.194139
0.076904 0.195526
0.076904 0.195526
0.076027 0.196929
0.076027 0.196929
0.075193 0.198348
0.074399 0.199782
0.074399 0.199782
0.073645 0.201231
0.073645 0.201231
0.072929 0.202694
0.072929 0.202694
0.072250 0.204170
0.071605 0.205660
0.071605 0.205660
0.070994 0.207161
0.070994 0.207161
0.070414 0.208675
0.070414 0.208675
0.069865 0.210199
0.069344 0.211734
0.069344 0.211734
0.068850 0.213280
0.068850 0.213280
0.068382 0.214834
0.068382 0.214834
0.067938 0.216398
0.067517 0.217970
0.067517 0.217970
0.067116 0.219550
0.067116 0.219550
0.066735 0.221137
0.066735 0.221137
0.066372 0.222730
0.066025 0.224330
0.066025 0.224330
0.065693 0.225935
0.065693 0.225935
0.065375 0.227545
0.065067 0.229160
0.065067 0.229160
0.064771 0.230778
0.064771 0.230778
0.064482 0.232399
0.064482 0.232399
0.064201 0.234024
0.063926 0.235650
0.063926 0.235650
0.063654 0.237277
0.063654 0.237277
0.063385 0.238906
0.063385 0.238906
0.063117 0.240535
0.062848 0.242163
0.062848 0.242163
0.062577 0.243791
0.062577 0.243791
0.062302 0.245418
0.062302 0.245418
0.062022 0.247042
0.061736 0.248665
0.061736 0.248665
0.061440 0.250284
0.061440 0.250284
0.061135 0.251899
0.061135 0.251899
0.060819 0.253510
0.060490 0.255117
0.060490 0.255117
0.060146 0.256718
0.060146 0.256718
0.059786 0.258313
0.059786 0.258313
0.059408 0.259901
0.059012 0.261483
0.059012 0.261483
0.058594 0.263057
0.058594 0.263057
0.058155 0.264622
0.058155 0.264622
0.057692 0.266179
0.057204 0.267727
0.057204 0.267727
0.056693 0.269266
0.056693 0.269266
0.056159 0.270797
0.056159 0.270797
0.055602 0.272319
0.055023 0.273833
0.055023 0.273833
0.054421 0.275339
0.054421 0.275339
0.053799 0.276837
0.053799 0.276837
0.053155 0.278327
0.052491 0.279809
0.052491 0.279809
0.051807 0.281284
0.051807 0.281284
0.051103 0.282752
0.051103 0.282752
0.050380 0.284213
0.049638 0.285667
0.049638 0.285667
0.048878 0.287114
0.048878 0.287114
0.048100 0.288554
0.048100 0.288554
0.047305 0.289988
0.046492 0.291416
0.046492 0.291416
0.045664 0.292838
0.045664 0.292838
0.044819 0.294253
0.044819 0.294253
0.043959 0.295663
0.043083 0.297067
0.043083 0.297067
0.042193 0.298466
0.042193 0.298466
0.041289 0.299860
0.041289 0.299860
0.040370 0.301248
0.039439 0.302632
0.039439 0.302632
0.038495 0.304011
0.038495 0.304011
0.037538 0.305385
0.037538 0.305385
0.036569 0.306754
0.035589 0.308120
0.035589 0.308120
0.034595 0.309480
0.034595 0.309480
0.033588 0.310835
0.032566 0.312183
0.032566 0.312183
0.031527 0.313524
0.031527 0.313524
0.030471 0.314858
0.030471 0.314858
0.029396 0.316183
0.028300 0.317499
0.028300 0.317499
0.027184 0.318805
0.027184 0.318805
0.026049 0.320103
0.026049 0.320103
0.024895 0.321391
0.023723 0.322670
0.023723 0.322670
0.022535 0.323941
0.022535 0.323941
0.021332 0.325204
0.021332 0.325204
0.020115 0.326459
0.018885 0.327707
0.018885 0.327707
0.017644 0.328947
0.017644 0.328947
0.016396 0.330183
0.016396 0.330183
0.015143 0.331414
0.013891 0.332643
0.013891 0.332643
0.012643 0.333871
0.012643 0.333871
0.011402 0.335099
0.011402 0.335099
0.010173 0.336330
0.008960 0.337565
0.008960 0.337565
0.007765 0.338805
0.007765 0.338805
0.006593 0.340052
0.006593 0.340052
0.005448 0.341308
0.004334 0.342573
0.004334 0.342573
0.003254 0.343850
0.003254 0.343850
0.002212 0.345140
0.002212 0.345140
0.001212 0.346445
