[CONTOUR]
0.253134 0.279219
0.253134 0.283047
0.254768 0.283594
0.255177 0.283594
0.256403 0.284141
0.256811 0.284687
0.258037 0.285234
0.258446 0.285234
0.258854 0.285781
0.259671 0.286328
0.260080 0.286328
0.260897 0.286875
0.261306 0.287422
0.262531 0.287969
0.262940 0.287969
0.263349 0.288516
0.264166 0.289062
0.264983 0.289062
0.265800 0.289609
0.266209 0.290156
0.267434 0.290703
0.267843 0.290703
0.269069 0.291250
0.269477 0.291797
0.270295 0.291797
0.271520 0.292344
0.271929 0.292891
0.273155 0.293437
0.273972 0.293437
0.275198 0.293984
0.275606 0.294531
0.276423 0.294531
0.277649 0.295078
0.278058 0.295625
0.279283 0.296172
0.280509 0.296172
0.281735 0.296719
0.282143 0.297266
0.282961 0.297266
0.284595 0.297813
0.285004 0.298359
0.286229 0.298906
0.287864 0.298906
0.290724 0.299453
0.291132 0.300000
0.293992 0.300000
0.296853 0.300547
0.297261 0.301094
0.299304 0.301641
0.300121 0.301641
0.301347 0.302187
0.301756 0.302734
0.302573 0.302734
0.304207 0.303281
0.304616 0.303828
0.306659 0.304375
0.307884 0.304375
0.310744 0.304922
0.311153 0.305469
0.312379 0.305469
0.314422 0.306016
0.314830 0.306563
0.317282 0.307109
0.320142 0.307109
0.323002 0.307656
0.323411 0.308203
0.326679 0.308750
0.330357 0.308750
0.330765 0.309297
0.334851 0.309844
0.338120 0.309844
0.341797 0.310391
0.342205 0.310937
0.347108 0.311484
0.353237 0.311484
0.353646 0.312031
0.358957 0.312578
0.362226 0.312578
0.365903 0.313125
0.366312 0.313672
0.370398 0.314219
0.373666 0.314219
0.374075 0.314766
0.377752 0.315312
0.381838 0.315312
0.386741 0.315859
0.387150 0.316406
0.390418 0.316953
0.392870 0.316953
0.393279 0.317500
0.397364 0.318047
0.401450 0.318047
0.406762 0.318594
0.407170 0.319141
0.412482 0.319688
0.415751 0.319688
0.416159 0.320234
0.419019 0.320781
0.419019 0.322422
0.429234 0.320781
0.429643 0.320234
0.431277 0.319688
0.433320 0.319688
0.434954 0.319141
0.435363 0.318594
0.436180 0.318594
0.437406 0.318047
0.437814 0.317500
0.438631 0.316953
0.439040 0.316953
0.439857 0.314219
0.439449 0.314219
0.439040 0.313672
0.438223 0.313125
0.437814 0.313125
0.436997 0.312578
0.436589 0.312031
0.435363 0.311484
0.434954 0.311484
0.434546 0.310937
0.433320 0.310391
0.432911 0.310391
0.431277 0.309844
0.430868 0.309297
0.429234 0.308750
0.428417 0.308750
0.428008 0.308203
0.426374 0.307656
0.424740 0.307656
0.423105 0.307109
0.422697 0.306563
0.421471 0.306016
0.420245 0.306016
0.419837 0.305469
0.418202 0.304922
0.416159 0.304922
0.414116 0.304375
0.413708 0.303828
0.411256 0.303281
0.408805 0.303281
0.406762 0.302734
0.406353 0.302187
0.404719 0.302187
0.401859 0.301641
0.401450 0.301094
0.398590 0.300547
0.396139 0.300547
0.393687 0.300000
0.393279 0.299453
0.391236 0.299453
0.388376 0.298906
0.387967 0.298359
0.385515 0.297813
0.383881 0.297813
0.380612 0.297266
0.380204 0.296719
0.375709 0.296719
0.373258 0.296172
0.372849 0.295625
0.370806 0.295078
0.368763 0.295078
0.364678 0.294531
0.364269 0.293984
0.360183 0.293984
0.356915 0.293437
0.356506 0.292891
0.348743 0.292344
0.345883 0.292344
0.340163 0.291797
0.339754 0.292344
0.328722 0.292344
0.327496 0.291797
0.327088 0.291250
0.325862 0.290703
0.324228 0.290703
0.322593 0.290156
0.322185 0.289609
0.320550 0.289609
0.317282 0.289062
0.316873 0.288516
0.310336 0.287969
0.303798 0.287969
0.300938 0.287422
0.300530 0.286875
0.298078 0.286328
0.296853 0.286328
0.296444 0.285781
0.294401 0.285234
0.293175 0.285234
0.291541 0.284687
0.291132 0.284141
0.288681 0.283594
0.286638 0.283594
0.286229 0.283047
0.284595 0.282500
0.284186 0.282500
0.282552 0.281953
0.282143 0.281406
0.281326 0.280859
0.281326 0.279219
[SKELETON]
0.256027 0.280160
0.256027 0.280160
0.257859 0.280957
0.257859 0.280957
0.259697 0.281734
0.259697 0.281734
0.261541 0.282491
0.261541 0.282491
0.263390 0.283228
0.263390 0.283228
0.265245 0.283947
0.265245 0.283947
0.267105 0.284647
0.267105 0.284647
0.267105 0.284647
0.268970 0.285328
0.268970 0.285328
0.270840 0.285992
0.270840 0.285992
0.272714 0.286638
0.272714 0.286638
0.274594 0.287268
0.274594 0.287268
0.276478 0.287880
0.276478 0.287880
0.278367 0.288477
0.278367 0.288477
0.278367 0.288477
0.280261 0.289057
0.280261 0.289057
0.282158 0.289622
0.282158 0.289622
0.284060 0.290171
0.284060 0.290171
0.285966 0.290706
0.285966 0.290706
0.287876 0.291226
0.287876 0.291226
0.289790 0.291732
0.289790 0.291732
0.289790 0.291732
0.291708 0.292225
0.291708 0.292225
0.293630 0.292704
0.293630 0.292704
0.295555 0.293170
0.295555 0.293170
0.297483 0.293624
0.297483 0.293624
0.299415 0.294065
0.299415 0.294065
0.301350 0.294495
0.301350 0.294495
0.303288 0.294913
0.303288 0.294913
0.303288 0.294913
0.305229 0.295320
0.305229 0.295320
0.307173 0.295717
0.307173 0.295717
0.309120 0.296103
0.309120 0.296103
0.311070 0.296479
0.311070 0.296479
0.313022 0.296846
0.313022 0.296846
0.314976 0.297204
0.314976 0.297204
0.314976 0.297204
0.316933 0.297553
0.316933 0.297553
0.318892 0.297893
0.318892 0.297893
0.320854 0.298225
0.320854 0.298225
0.322817 0.298550
0.322817 0.298550
0.324782 0.298868
0.324782 0.298868
0.326749 0.299178
0.326749 0.299178
0.326749 0.299178
0.328718 0.299482
0.328718 0.299482
0.330688 0.299780
0.330688 0.299780
0.332659 0.300073
0.332659 0.300073
0.334632 0.300360
0.334632 0.300360
0.336607 0.300641
0.336607 0.300641
0.338582 0.300919
0.338582 0.300919
0.338582 0.300919
0.340558 0.301192
0.340558 0.301192
0.342535 0.301461
0.342535 0.301461
0.344513 0.301726
0.344513 0.301726
0.346492 0.301989
0.346492 0.301989
0.348471 0.302249
0.348471 0.302249
0.350451 0.302506
0.350451 0.302506
0.350451 0.302506
0.352431 0.302762
0.352431 0.302762
0.354411 0.303016
0.354411 0.303016
0.356391 0.303268
0.356391 0.303268
0.358371 0.303520
0.358371 0.303520
0.360352 0.303771
0.360352 0.303771
0.362332 0.304023
0.362332 0.304023
0.362332 0.304023
0.364311 0.304274
0.364311 0.304274
0.366290 0.304526
0.366290 0.304526
0.368269 0.304780
0.368269 0.304780
0.370247 0.305034
0.370247 0.305034
0.372224 0.305291
0.372224 0.305291
0.374200 0.305550
0.374200 0.305550
0.374200 0.305550
0.376176 0.305811
0.376176 0.305811
0.378150 0.306075
0.378150 0.306075
0.380123 0.306343
0.380123 0.306343
0.382094 0.306614
0.382094 0.306614
0.384064 0.306889
0.384064 0.306889
0.386033 0.307169
0.386033 0.307169
0.386033 0.307169
0.388000 0.307453
0.388000 0.307453
0.389965 0.307743
0.389965 0.307743
0.391928 0.308038
0.391928 0.308038
0.393889 0.308340
0.393889 0.308340
0.395848 0.308647
0.395848 0.308647
0.397805 0.308962
0.397805 0.308962
0.399760 0.309283
0.399760 0.309283
0.399760 0.309283
0.401712 0.309612
0.401712 0.309612
0.403661 0.309949
0.403661 0.309949
0.405608 0.310294
0.405608 0.310294
0.407552 0.310647
0.407552 0.310647
0.409493 0.311010
0.409493 0.311010
0.411431 0.311382
0.411431 0.311382
0.411431 0.311382
0.413366 0.311764
0.413366 0.311764
0.415298 0.312155
0.415298 0.312155
0.417226 0.312558
0.417226 0.312558
0.419151 0.312971
0.419151 0.312971
0.421072 0.313395
0.421072 0.313395
0.422990 0.313831
0.422990 0.313831
0.422990 0.313831
0.424904 0.314279
0.424904 0.314279
0.426814 0.314740
0.426814 0.314740
0.428720 0.315213
0.428720 0.315213
0.430622 0.315699
0.430622 0.315699
0.432519 0.316199
0.432519 0.316199
0.434412 0.316713
0.434412 0.316713
