[CONTOUR]
0.729274 0.484399
0.724041 0.484761
0.721224 0.485122
0.720821 0.485483
0.718406 0.485844
0.716796 0.486205
0.714381 0.486567
0.712369 0.486928
0.710759 0.487289
0.709149 0.487289
0.707539 0.487650
0.705124 0.488011
0.703514 0.488373
0.701904 0.488734
0.701501 0.489095
0.699891 0.489456
0.698281 0.489817
0.696671 0.490179
0.695062 0.490540
0.693452 0.490540
0.691842 0.490901
0.690634 0.491262
0.689427 0.491623
0.688219 0.491985
0.686609 0.492346
0.686207 0.492707
0.684597 0.493068
0.683389 0.493429
0.681779 0.493791
0.680572 0.494152
0.679364 0.494152
0.677754 0.494513
0.676144 0.494874
0.674132 0.495235
0.672522 0.495597
0.672119 0.495958
0.670509 0.496319
0.668899 0.496680
0.666887 0.497041
0.665277 0.497403
0.663264 0.497764
0.662057 0.497764
0.659642 0.498125
0.658032 0.498486
0.656824 0.498847
0.655617 0.499209
0.655214 0.499570
0.653604 0.499931
0.652799 0.500292
0.651994 0.500653
0.651189 0.501015
0.650384 0.501376
0.649982 0.501376
0.649177 0.502821
0.649579 0.503543
0.650787 0.503904
0.654007 0.504265
0.654409 0.504627
0.659642 0.504988
0.672522 0.504627
0.676949 0.504265
0.679767 0.503904
0.682584 0.503904
0.686207 0.503543
0.689024 0.503182
0.691037 0.502821
0.693452 0.502459
0.696671 0.502098
0.697074 0.501737
0.699086 0.501376
0.701501 0.501015
0.704721 0.500653
0.707941 0.500292
0.709954 0.500292
0.712369 0.499931
0.715991 0.499570
0.720016 0.499209
0.723639 0.498847
0.724041 0.498486
0.728066 0.498125
0.742154 0.498486
0.744166 0.498847
0.746581 0.499209
0.748996 0.499570
0.750606 0.499570
0.752618 0.499931
0.755838 0.500292
0.759461 0.499931
0.761876 0.500292
0.762681 0.499570
0.763486 0.499209
0.767511 0.498847
0.768718 0.499209
0.769121 0.499931
0.769523 0.500653
0.769523 0.501015
0.770328 0.502098
0.771133 0.502459
0.771938 0.502821
0.773548 0.503182
0.774756 0.503182
0.777171 0.503543
0.779183 0.503904
0.780793 0.504265
0.782403 0.504627
0.782806 0.504988
0.785221 0.505349
0.786831 0.505710
0.788441 0.506071
0.790051 0.506433
0.792466 0.506794
0.793673 0.506794
0.795283 0.507155
0.796893 0.507516
0.798906 0.507877
0.800516 0.508239
0.800918 0.508600
0.802528 0.508961
0.804541 0.509322
0.806955 0.509683
0.809370 0.510045
0.811785 0.510406
0.820640 0.510406
0.825873 0.510045
0.830300 0.509683
0.833923 0.509322
0.835935 0.508961
0.836338 0.508600
0.838350 0.508239
0.839960 0.507877
0.842375 0.507516
0.844388 0.507155
0.845998 0.507155
0.847608 0.506794
0.849620 0.506433
0.850828 0.506071
0.852035 0.505710
0.852840 0.505349
0.853243 0.504988
0.852840 0.504265
0.852035 0.503904
0.850828 0.503543
0.848413 0.503182
0.848010 0.502821
0.837143 0.502459
0.832715 0.502098
0.830300 0.501737
0.826275 0.501376
0.821445 0.501376
0.816615 0.501015
0.814200 0.500653
0.812188 0.500292
0.810175 0.499931
0.808163 0.499570
0.807760 0.499209
0.806151 0.498847
0.804541 0.498486
0.802931 0.498125
0.801321 0.497764
0.800113 0.497764
0.798906 0.497403
0.797296 0.497041
0.795686 0.496680
0.794478 0.496319
0.793271 0.495958
0.792868 0.495597
0.791661 0.495235
0.789648 0.494874
0.788038 0.494513
0.786831 0.494152
0.785623 0.494152
0.783611 0.493791
0.782403 0.493429
0.781196 0.493068
0.779586 0.492707
0.779183 0.492346
0.777573 0.491985
0.775963 0.491623
0.774353 0.491262
0.772341 0.490901
0.771536 0.490540
0.768718 0.490540
0.767511 0.490179
0.766706 0.489817
0.765498 0.489456
0.761876 0.489095
0.761473 0.488734
0.759461 0.488373
0.758656 0.488011
0.757851 0.487650
0.756643 0.487289
0.755436 0.487289
0.753021 0.486928
0.750606 0.486567
0.748996 0.486205
0.746984 0.485844
0.745374 0.485483
0.744971 0.485122
0.741751 0.484761
0.734506 0.484399
[SKELETON]
0.654004 0.502506
0.655892 0.502365
0.655892 0.502365
0.657780 0.502197
0.657780 0.502197
0.659667 0.502006
0.659667 0.502006
0.661554 0.501791
0.661554 0.501791
0.663442 0.501556
0.663442 0.501556
0.665329 0.501302
0.665329 0.501302
0.667217 0.501029
0.667217 0.501029
0.669105 0.500741
0.669105 0.500741
0.670994 0.500438
0.670994 0.500438
0.672883 0.500122
0.672883 0.500122
0.674773 0.499794
0.674773 0.499794
0.676663 0.499457
0.676663 0.499457
0.678555 0.499112
0.678555 0.499112
0.680448 0.498760
0.680448 0.498760
0.682341 0.498403
0.682341 0.498403
0.684237 0.498043
0.684237 0.498043
0.686133 0.497681
0.686133 0.497681
0.688031 0.497318
0.688031 0.497318
0.689931 0.496957
0.689931 0.496957
0.691833 0.496600
0.691833 0.496600
0.693736 0.496246
0.693736 0.496246
0.695641 0.495899
0.695641 0.495899
0.697549 0.495560
0.697549 0.495560
0.699458 0.495230
0.699458 0.495230
0.701370 0.494912
0.701370 0.494912
0.703285 0.494605
0.703285 0.494605
0.705202 0.494313
0.705202 0.494313
0.707120 0.494034
0.707120 0.494034
0.709041 0.493770
0.709041 0.493770
0.710963 0.493521
0.710963 0.493521
0.712886 0.493288
0.712886 0.493288
0.714810 0.493071
0.714810 0.493071
0.716735 0.492871
0.716735 0.492871
0.718660 0.492688
0.720585 0.492523
0.720585 0.492523
0.722510 0.492377
0.722510 0.492377
0.724435 0.492250
0.724435 0.492250
0.726359 0.492143
0.726359 0.492143
0.728282 0.492056
0.728282 0.492056
0.730204 0.491990
0.730204 0.491990
0.732124 0.491945
0.732124 0.491945
0.734043 0.491922
0.734043 0.491922
0.735959 0.491921
0.735959 0.491921
0.737873 0.491943
0.737873 0.491943
0.739785 0.491990
0.739785 0.491990
0.741693 0.492060
0.741693 0.492060
0.743599 0.492155
0.743599 0.492155
0.745501 0.492275
0.745501 0.492275
0.747399 0.492421
0.747399 0.492421
0.749293 0.492594
0.749293 0.492594
0.751184 0.492793
0.751184 0.492793
0.753070 0.493019
0.753070 0.493019
0.754952 0.493270
0.754952 0.493270
0.756830 0.493544
0.756830 0.493544
0.758705 0.493840
0.758705 0.493840
0.760577 0.494157
0.760577 0.494157
0.762447 0.494492
0.762447 0.494492
0.764314 0.494844
0.764314 0.494844
0.766180 0.495213
0.766180 0.495213
0.768043 0.495595
0.768043 0.495595
0.769905 0.495990
0.769905 0.495990
0.771767 0.496396
0.771767 0.496396
0.773627 0.496811
0.773627 0.496811
0.775487 0.497235
0.775487 0.497235
0.777347 0.497665
0.777347 0.497665
0.779207 0.498099
0.779207 0.498099
0.781068 0.498538
0.782929 0.498978
0.782929 0.498978
0.784792 0.499418
0.784792 0.499418
0.786656 0.499857
0.786656 0.499857
0.788522 0.500293
0.788522 0.500293
0.790390 0.500725
0.790390 0.500725
0.792260 0.501151
0.792260 0.501151
0.794133 0.501569
0.794133 0.501569
0.796009 0.501978
0.796009 0.501978
0.797889 0.502377
0.797889 0.502377
0.799772 0.502764
0.799772 0.502764
0.801659 0.503137
0.801659 0.503137
0.803551 0.503495
0.803551 0.503495
0.805447 0.503837
0.805447 0.503837
0.807348 0.504160
0.807348 0.504160
0.809254 0.504463
0.809254 0.504463
0.811166 0.504745
0.811166 0.504745
0.813084 0.505004
0.813084 0.505004
0.815008 0.505239
0.815008 0.505239
0.816938 0.505448
0.816938 0.505448
0.818876 0.505629
0.818876 0.505629
0.820820 0.505781
0.820820 0.505781
0.822772 0.505903
0.822772 0.505903
0.824732 0.505992
0.824732 0.505992
0.826700 0.506048
0.826700 0.506048
0.828676 0.506068
0.828676 0.506068
0.830661 0.506052
0.830661 0.506052
0.832655 0.505998
0.832655 0.505998
0.834658 0.505903
0.834658 0.505903
0.836672 0.505768
0.836672 0.505768
0.838695 0.505589
0.838695 0.505589
0.840728 0.505366
0.840728 0.505366
0.842772 0.505097
0.842772 0.505097
0.844827 0.504780
0.844827 0.504780
0.846893 0.504415
